-1.19,-1.1,-1.15,-1.04,-1.16,0.82,-1.06,-1.05,-1.02,0.82,-1.27,-1.16,-1.23,-1.11,-1.04,-1.02,-1.14,-1.14,0.8,0.77,-1.01,0.82,0.84,0.65,-1.1,0.81,0.86,-1.06,0.83,0.73,0.82,0.86,0.79,-1.0,0.79,0.37,-1.17,0.86,0.81,-1.22,0.82,-1.14,0.83,0.81,0.8,0.84,0.85,-1.1,0.84,0.81,0.86,0.82,0.84,0.86,0.86,-1.14,0.82,0.86,0.86,0.86,0.86,0.86,0.86,0.86,0.86,0.86,0.86,0.86,0.86,0.86,0.86,0.86,0.86,0.83,0.85,0.86,0.86,0.86,0.86,0.85,0.86,-1.08,0.86,0.86,0.86,0.86,0.86,0.86,0.86,0.86,0.86,0.86,0.86,0.86,0.86,0.77,0.86,0.86,0.86,-1.07,0.86,0.84,0.86,0.86,0.8,0.86,0.86,-1.05,0.86,0.86,0.86,0.86,0.86,0.84,0.84,0.85,0.86,0.86,0.85,-1.09,0.84,-1.01,0.86,-1.08,0.85,0.86,0.86,0.86,0.63,0.83,0.86,0.84,0.86,0.86,0.86,0.86,0.86,0.86,0.86,0.85,0.86,-1.14,0.86,0.85,0.86,0.75,0.86,-1.07,0.84,0.85,0.86,0.86,0.86,0.86,0.86,0.86,0.86,0.86,0.85,-1.03,0.86,0.85,0.86,0.86,0.84,0.86,0.86,0.86,0.85,0.86,0.86,0.86,0.86,0.86,0.86,0.86,0.85,0.84,0.86,0.86,0.86,0.86,0.86,0.86,0.86,0.86,-1.14,0.86,0.84,0.86,0.85,0.86,0.71,0.86,0.77,0.86,0.86,0.86,0.86,0.85,-1.13,0.86,-1.14,0.86,0.72,0.86,0.86,0.86,0.86,0.86,0.86,0.86,0.86,-1.04,0.84,0.84,0.86,0.85,0.86,0.86,0.86,0.85,0.86,0.86,0.86,0.86,0.86,0.86,0.86,0.86,0.86,0.84,0.86,0.86,0.86,0.86,-1.13,-1.03,0.86,0.86,0.84,0.86,0.86,0.86,0.86,0.86,0.86,0.86,0.86,0.86,0.86,0.86,0.86,0.86,0.86,0.86,-1.1,0.86,0.86,0.86,0.84,0.84,-1.11,0.86,0.86,0.86,0.86,0.86,0.86,0.86,0.86,0.86,0.86,0.86,0.75,0.86,0.85,0.86,0.85,0.86,0.86,0.86,0.86,0.86,0.86,0.86,0.84,0.86,0.86,0.86,0.86,0.86,0.86,0.84,0.86,0.85,0.86,0.86,0.86,0.86,0.86,0.86,0.86,0.86,0.86,0.86,0.86,0.85,0.85,0.84,0.86,-1.16,0.86,0.86,0.85,0.86,0.86,0.86,0.86,0.86,0.85,0.86,0.86,0.86,0.86,-1.1,0.86,0.86,0.86,0.85,0.86,0.86,0.86,0.86,0.82,-1.12,0.86,0.86,0.84,0.86,0.86,0.86,0.79,0.85,0.85,0.86,0.86,0.84,0.86,0.86,0.84,0.84,0.84,0.77,0.86,-1.04,0.85,-1.0,0.83,0.86,0.79,0.86,0.86,0.85,0.8,0.86,0.86,0.85,-1.1,0.86,-1.05,0.86,0.86,0.85,0.76,0.86,0.86,0.85,0.86,0.86,0.86,0.86,0.85,0.85,0.86,0.86,0.86,0.86,0.86,0.86,0.86,0.86,0.86,0.86,0.86,0.86,0.85,0.86,0.86,0.86,-1.12,0.86,0.71,0.86,0.86,0.86,0.86,-1.07,0.79,0.85,0.86,0.86,0.86,0.86,0.86,0.85,0.85,0.86,0.84,0.86,0.86,0.86,0.86,0.86,0.86,0.86,0.86,0.86,0.86,0.86,0.86,0.86,0.86,0.86,-1.11,-1.01,0.83,0.86,0.85,0.86,0.86,0.86,-1.01,0.86,0.86,0.86,0.86,0.86,0.86,0.86,0.85,0.78,0.86,0.86,0.86,0.86,0.86,0.86,-1.03,0.85,0.86,0.86,0.86,0.86,0.86,0.86,0.86,0.86,0.83,0.84,0.86,0.86,0.86,0.86,0.86,0.85,0.86,0.86,0.86,0.86,0.86,0.86,0.86,0.86,0.86,0.83,0.86,0.86,0.85,0.86,-1.12,0.86,0.86,0.76,0.85,0.86,0.86,0.85,0.86,-1.04,0.84,0.86,0.86,0.86,0.86,0.85,0.86,0.86,-1.04,0.86,0.86,0.86,0.85,0.86,0.86,0.86,0.85,0.86,0.86,0.86,0.86,0.86,0.82,0.86,0.86,0.86,0.86,0.86,0.82,0.86,0.86,-1.02,-1.03,0.86,0.86,0.86,0.86,-1.12,0.84,0.86,0.86,0.86,0.86,0.86,0.86,0.86,0.86,0.86,0.86,0.84,0.86,0.86,-1.11,0.84,0.85,0.86,0.85,0.86,0.86,0.85,-1.13,-1.02,0.84,0.86,0.86,-1.11,0.86,0.86,0.85,0.86,0.86,0.86,0.86,0.85,0.86,-1.14,0.86,0.86,0.85,0.74,0.85,-1.04,0.86,0.86,0.86,0.86,0.86,0.84,0.76,0.85,0.86,0.81,0.86,0.86,0.86,0.84,0.86,0.86,0.77,0.86,0.86,0.85,0.85,0.85,0.86,0.86,0.86,0.86,0.86,0.86,0.84,0.86,0.86,0.86,0.86,0.86,0.84,0.86,0.86,0.84,0.86,0.86,0.86,0.86,0.86,0.86,0.86,0.84,0.86,0.86,0.86,0.85,0.86,0.86,0.86,0.86,0.83,-1.09,0.86,0.86,0.86,0.86,0.86,0.86,0.74,0.86,0.86,0.86,0.86,0.86,0.84,0.86,0.86,0.86,0.86,0.86,0.86,0.86,0.85,0.86,0.86,0.86,0.86,0.86,0.86,0.86,0.84,0.86,0.85,0.85,0.85,0.86,0.79,0.86,0.85,0.86,0.86,-1.07,0.86,0.86,0.86,-1.03,0.86,0.86,0.86,0.86,0.86,-1.1,0.86,0.86,0.86,0.86,0.84,0.86,0.86,0.86,0.86,0.85,0.85,0.86,0.86,0.86,0.85,0.84,0.86,0.86,0.85,0.86,0.85,-1.13,0.86,0.86,0.86,0.86,0.86,0.86,0.86,0.86,0.86,0.86,0.86,0.86,0.86,0.86,0.86,0.85,0.86,0.86,0.86,0.86,0.86,0.86,0.86,0.86,0.82,0.85,0.86,0.86,0.86,0.86,0.86,0.86,0.86,0.86,0.85,0.86,0.79,0.86,0.86,0.86,0.86,0.86,0.86,0.86,0.85,0.85,0.86,0.86,0.86,0.84,0.86,0.86,0.86,0.86,0.86,0.84,0.86,-1.08,0.85,0.86,0.86,0.86,0.86,0.86,0.86,0.86,0.85,0.86,0.84,0.84,0.85,0.86,0.86,0.85,0.86,0.69,0.86,0.86,0.85,0.85,0.85,0.86,0.82,0.86,0.86,0.86,0.83,0.86,0.86,0.85,0.86,0.86,0.86,0.86,0.86,0.75,0.86,0.86,0.86,0.86,0.86,0.85,0.86,0.86,0.86,0.86,0.86,0.86,0.86,0.86,0.86,0.84,0.78,0.86,0.86,0.86,0.85,0.76,0.86,0.86,0.86,0.86,0.86,0.86,0.86,0.86,0.86,0.86,0.86,0.86,0.81,0.86,0.86,0.85,0.86,0.86,0.86,0.86,0.86,0.86,0.84,0.86,0.86,0.84,0.83,-1.12,0.86,0.86,0.86,0.86,0.86,0.84,0.85,0.85,0.86,0.86,0.86,0.85,0.86,0.78,0.86,0.86,0.86,0.85,0.86,0.86,0.86,0.86,0.86,0.85,0.86,0.86,0.86,-1.12,0.86,-1.13,0.86,0.86,0.86,0.84,0.86,0.85,0.86,0.86,0.86,-1.05,0.84,0.86,0.86,0.86,0.86,0.86,0.86,-1.12,0.86,0.76,0.83,0.86,0.86,0.86,0.86,0.84,0.86,0.86,0.86,0.85,0.86,0.86,0.86,0.84,0.86,0.86,0.86,0.86,0.86,0.86,0.82,0.85,0.86,0.86,0.86,-1.05,0.86,0.85,0.84,0.85,0.86,0.86,0.86,0.85,0.73,0.86,0.79,0.86,0.86,0.86,0.59,-1.02,0.86,-1.07,0.86,0.86,0.86,0.86,0.86,0.86,0.86,0.86,0.86,0.85,0.86,0.86,0.85,0.86,0.75,0.86,-1.13,0.85,0.86,0.86,0.86,0.86,0.86,0.86,0.84,0.86,0.86,0.86,0.86,0.85,0.86,0.85,0.86,-1.0,0.86,0.86,0.86,0.86,0.86,-1.02,0.86,0.86,0.85,0.86,0.86,0.84,0.85,0.85,0.85,0.86,0.86,0.85,0.86,0.83,-1.02,0.86,0.83,0.86,0.86,0.86,0.86,0.85,0.86,-1.13,0.86,0.86,0.86,0.86,0.86,0.86,0.86,0.86,0.85,0.86,0.86,0.86,0.86,0.86,0.86,0.86,0.85,0.86,0.86,0.86,0.86,0.86,0.86,0.85,0.86,0.86,0.86,0.74,0.86,0.86,0.86,-1.15,0.86,0.86,-1.02,0.86,0.86,0.86,0.86,0.86,0.86,0.86,0.85,0.85,-1.13,-1.08,0.86,0.86,0.86,0.85,0.85,0.86,0.86,0.86,0.86,0.86,0.86,0.86,-1.1,-1.01,0.86,0.86,0.86,0.85,0.86,0.86,0.85,0.86,0.86,0.75,-1.07,0.85,0.78,0.85,0.86,0.86,0.86,0.85,0.86,0.85,0.85,0.86,0.86,0.85,0.86,0.84,0.85,0.86,0.86,0.85,0.86,0.86,0.86,0.86,0.84,0.86,0.86,0.86,-1.03,0.86,0.86,0.86,-1.12,0.86,0.86,0.86,0.85,0.86,-1.06,0.86,0.86,0.86,0.75,0.84,0.86,0.86,0.86,0.86,0.84,0.86,0.86,0.86,0.86,0.86,0.86,0.86,0.86,0.86,0.86,0.86,0.86,0.85,0.86,0.86,0.84,0.85,0.86,0.86,0.79,0.86,0.84,0.78,0.84,0.86,0.86,-1.03,0.86,0.84,0.86,0.86,0.86,0.86,0.86,0.86,0.85,0.86,0.86,0.85,0.86,0.86,-1.01,0.85,0.86,0.86,0.86,0.85,0.86,0.84,0.86,0.86,0.86,0.86,0.86,0.85,0.86,0.86,0.86,0.86,0.86,0.86,0.84,-1.03,0.86,0.86,0.86,0.86,0.86,0.86,-1.03,0.86,0.84,0.86,0.84,0.86,0.84,0.86,0.86,0.86,-1.15,0.86,0.86,0.86,0.85,0.84,0.86,0.86,0.86,0.86,0.86,0.86,0.86,-1.11,0.85,0.86,0.86,0.86,0.86,0.86,0.86,0.86,0.86,-1.06,0.84,0.85,0.86,0.86,0.84,0.86,0.86,0.86,0.86,0.86,0.86,0.86,0.75,0.86,0.86,0.86,0.86,0.76,0.86,0.86,0.86,0.86,-1.1,0.86,0.85,0.83,0.85,0.86,0.86,0.69,0.86,0.86,0.86,0.86,-1.03,0.86,0.86,0.86,0.86,0.86,0.86,0.86,0.86,-1.13,0.86,0.84,-1.0,-1.08,0.86,0.85,0.86,0.86,0.85,0.86,0.86,0.86,0.86,0.86,0.85,0.86,-1.12,0.84,0.86,0.86,0.86,0.86,0.86,0.86,0.86,0.86,0.86,0.85,0.86,0.86,0.84,0.86,0.86,0.86,0.85,0.86,0.82,0.86,0.86,-1.04,0.86,0.86,0.86,0.86,0.86,0.85,0.86,0.85,0.86,0.86,0.86,0.86,0.86,0.86,0.86,0.85,0.86,0.84,0.86,0.86,0.86,0.86,0.77,0.86,0.83,0.85,0.84,0.86,0.85,0.86,-1.02,0.86,0.86,-1.14,0.85,0.86,0.85,0.86,0.86,0.86,0.86,0.86,-1.01,0.86,0.84,0.86,0.86,-1.03,0.86,0.86,0.86,0.86,0.86,0.86,0.86,-1.04,0.86,0.86,0.86,0.84,0.85,0.86,0.86,0.86,0.86,0.81,0.86,0.86,0.86,-1.07,0.86,0.86,0.76,0.86,0.77,0.86,0.86,0.86,0.86,0.85,0.73,0.86,0.85,0.86,0.86,0.86,0.76,0.86,0.86,0.85,0.86,0.83,0.86,0.86,0.86,0.86,0.86,0.86,0.86,0.84,0.86,0.86,0.86,0.86,0.86,0.86,0.86,0.86,0.86,0.86,0.86,0.86,0.85,0.86,-1.13,0.86,0.86,0.86,0.86,0.86,0.81,0.86,0.86,0.86,0.84,0.84,0.86,0.84,0.86,0.86,0.86,0.86,0.86,0.86,0.86,0.86,0.86,0.86,0.85,0.8,0.85,0.84,0.86,0.86,0.86,0.86,0.85,0.86,0.85,0.86,0.86,0.84,0.86,0.86,0.86,0.86,0.84,0.86,-1.09,0.86,0.86,0.84,0.85,0.86,-1.08,0.74,0.86,-1.12,0.8,0.85,0.73,0.85,0.86,0.86,0.86,0.85,0.85,0.85,0.82,0.77,0.86,0.86,0.84,0.86,0.86,0.86,0.86,0.86,0.86,0.86,0.84,0.86,0.86,0.86,0.84,0.86,0.86,0.86,0.86,0.86,-1.08,0.85,0.86,0.75,0.86,0.86,-1.15,0.86,0.86,0.86,0.86,0.86,0.86,0.86,0.86,0.86,0.86,0.86,0.86,0.86,0.86,0.85,0.86,0.75,0.86,0.72,0.86,0.86,0.86,0.83,0.85,0.86,0.86,0.86,0.86,0.86,0.85,0.86,0.86,0.86,0.86,0.86,0.86,0.86,0.86,0.86,0.84,0.84,0.86,0.86,0.86,0.86,0.86,0.86,0.86,0.86,0.86,0.86,0.86,0.86,-1.15,0.86,0.86,-1.04,0.86,0.86,0.86,0.86,0.84,0.86,-1.11,0.85,0.86,0.86,0.84,0.86,0.86,0.84,0.82,0.84,0.86,0.83,0.86,0.86,0.82,0.86,0.85,-1.07,0.86,0.85,0.83,0.86,0.86,-1.05,0.86,0.85,0.86,0.85,0.84,0.85,0.86,0.86,0.86,0.77,0.86,0.79,0.86,0.86,0.86,0.86,0.86,0.86,0.81,0.86,0.86,0.86,0.77,0.86,-1.12,0.84,0.8,0.86,0.86,0.86,0.82,0.86,0.84,0.86,0.86,0.85,0.86,0.86,0.81,0.86,-1.02,0.84,0.86,0.86,0.86,0.86,0.86,0.86,0.86,0.72,0.86,0.86,0.86,0.85,0.86,-1.13,0.85,0.86,0.86,0.86,0.85,0.86,0.74,0.86,0.85,0.85,0.86,0.86,0.86,0.86,0.86,0.86,0.86,0.86,0.86,0.86,0.86,0.86,0.72,0.86,0.86,0.85,0.86,0.86,0.86,0.86,0.86,0.86,0.85,0.86,0.86,0.86,0.86,0.86,0.86,0.86,0.86,0.73,0.85,0.86,0.83,0.86,0.85,0.86,0.86,0.86,0.86,0.86,0.86,0.86,-1.15,0.86,0.86,-1.02,0.85,0.86,0.86,0.86,0.83,0.86,0.86,0.86,0.86,0.85,0.84,0.86,0.86,0.84,0.86,-1.0,0.86,0.85,0.86,0.86,0.86,0.86,0.86,0.86,0.86,0.86,0.86,0.85,-1.04,0.85,-1.07,0.86,0.86,0.86,0.86,0.86,0.81,0.86,0.86,0.86,0.86,0.86,0.86,0.86,-1.05,0.86,0.86,0.86,0.86,0.86,0.86,0.86,0.86,0.86,0.86,0.85,0.86,0.79,0.86,0.86,0.85,0.86,0.86,0.84,0.86,0.86,0.86,-1.08,0.86,0.86,0.86,0.84,0.82,0.83,0.86,0.86,0.86,0.86,0.86,-1.08,0.84,0.86,0.85,0.86,0.86,0.85,0.86,0.86,0.86,0.86,0.86,0.83,0.86,0.85,0.81,0.86,0.86,0.85,0.86,0.86,0.86,0.86,0.86,0.86,0.86,0.86,0.86,0.86,0.86,0.86,0.84,0.86,0.84,0.86,0.86,0.83,0.85,0.86,0.86,0.86,0.85,-1.03,0.86,0.86,0.86,0.86,0.85,-1.12,0.82,0.86,0.86,0.86,0.86,0.86,0.86,-1.06,-1.0,0.84,0.85,0.85,0.86,0.85,0.85,0.86,0.84,0.85,0.86,0.85,0.86,0.84,0.85,0.86,0.86,0.84,0.83,0.86,0.86,0.86,0.84,0.86,0.86,0.86,-1.08,0.84,0.85,0.86,0.86,0.86,0.86,0.86,0.85,0.86,0.86,0.85,0.86,0.86,0.86,-1.08,0.84,0.86,0.86,0.83,0.83,0.86,0.86,0.86,0.86,0.86,0.86,0.86,0.86,0.7,0.85,0.86,0.83,0.86,0.86,0.79,0.86,-1.13,0.86,0.86,0.86,0.85,0.86,0.86,0.86,0.85,0.86,0.86,0.86,0.86,0.86,0.86,0.86,0.86,0.78,0.86,0.85,0.86,0.85,0.86,0.86,0.86,0.86,0.86,0.86,0.85,0.86,0.86,0.86,0.86,0.86,0.86,0.86,-1.13,0.85,0.86,0.86,0.86,0.86,0.86,0.86,0.86,-1.03,0.85,0.86,0.86,0.86,0.86,0.86,0.85,-1.02,0.78,0.86,0.85,0.86,0.86,0.85,0.86,0.86,0.86,0.86,0.86,0.86,0.86,-1.14,0.86,0.83,0.86,0.86,0.84,0.86,0.86,0.86,0.86,0.86,0.86,0.86,0.86,0.86,0.86,0.86,0.86,0.86,0.86,0.86,0.85,0.85,0.85,0.86,0.74,0.86,0.86,0.86,0.86,-1.12,0.86,0.86,0.86,0.86,0.86,0.85,0.86,0.86,0.86,0.86,0.86,0.86,0.86,0.85,0.86,0.79,0.86,0.86,0.86,0.86,0.86,0.86,0.84,0.86,0.86,0.85,0.86,0.86,0.84,0.86,0.84,0.85,0.86,0.86,0.86,0.86,0.86,0.86,0.85,0.86,0.72,0.85,0.86,0.86,0.85,0.86,0.86,0.86,0.86,0.86,0.86,0.86,0.86,0.78,0.86,0.86,0.84,0.86,0.86,0.86,-1.03,0.86,0.86,0.86,0.86,0.86,0.86,0.83,0.86,0.85,0.86,0.86,0.86,0.86,0.86,0.86,0.86,0.86,0.86,0.86,0.86,0.86,-1.03,0.86,0.86,0.86,0.84,-1.04,0.84,0.86,0.86,0.86,0.86,0.86,0.86,0.86,0.85,0.86,0.86,0.84,-1.13,0.86,0.84,0.85,0.86,0.86,0.86,0.86,0.86,0.86,0.86,0.86,0.86,0.86,0.86,0.86,0.83,0.78,0.85,0.85,0.86,0.86,0.86,0.86,0.86,0.85,0.82,0.86,0.86,0.86,0.86,0.86,0.84,0.84,0.86,0.85,0.85,0.86,0.86,0.86,-1.02,0.86,0.86,0.86,0.85,0.86,0.86,0.86,0.86,0.85,0.83,0.86,-1.06,0.86,0.86,0.84,0.86,0.85,0.86,-1.12,0.86,-1.19,0.84,0.86,0.86,0.83,0.86,0.86,0.85,-1.02,0.85,0.86,0.83,0.65,0.86,0.83,0.86,0.86,0.86,0.86,0.86,0.83,0.86,0.86,0.69,0.86,0.86,0.86,0.86,0.86,0.84,0.86,0.85,-1.01,0.85,0.86,0.84,0.86,0.86,0.86,0.86,0.86,0.86,0.86,0.86,0.84,0.86,0.86,0.86,0.84,0.86,0.86,0.86,0.86,0.86,0.86,0.86,0.82,0.84,0.85,0.86,0.86,0.86,0.86,0.84,0.86,0.86,0.86,0.86,0.84,0.85,0.86,0.86,0.86,0.86,0.86,0.86,0.86,0.86,-1.0,0.86,0.86,0.83,0.84,0.86,0.86,0.86,0.86,0.86,0.85,0.86,0.86,0.86,0.86,-1.05,0.86,0.86,0.86,0.85,-1.0,0.86,0.83,0.86,0.86,-1.03,0.85,0.85,0.86,0.73,0.78,0.86,0.86,0.86,0.86,0.86,0.86,0.86,0.86,0.86,0.86,0.86,0.86,0.86,0.76,0.86,0.85,0.71,0.86,0.84,0.84,0.86,0.86,0.86,0.86,0.84,0.86,0.86,0.86,0.86,0.83,0.86,0.86,0.86,0.84,0.86,0.86,0.86,0.72,0.86,0.86,0.86,0.86,0.85,0.85,0.86,0.86,0.86,0.86,-1.13,0.86,0.86,0.86,0.86,0.86,0.86,0.86,0.86,0.86,0.86,0.86,0.86,0.8,0.86,0.86,0.86,0.86,0.86,0.86,0.86,0.86,0.86,-1.04,0.86,0.86,0.85,0.86,0.86,0.86,0.86,-1.04,0.85,-1.25,0.86,0.86,0.86,0.86,0.86,0.86,0.86,0.85,0.74,0.84,0.86,0.85,0.86,-1.09,-1.14,0.81,0.86,0.85,0.85,0.86,0.86,0.85,0.86,0.86,0.86,0.85,0.85,0.85,0.86,0.86,0.86,0.85,-1.02,0.79,0.86,0.85,0.86,0.86,0.86,0.86,0.86,0.86,0.84,0.86,0.86,0.76,0.84,0.86,0.85,0.86,0.86,0.86,0.86,0.86,0.86,0.86,0.86,0.86,0.86,0.84,0.86,0.86,0.86,0.86,0.86,-1.04,0.86,0.86,0.86,0.86,0.86,0.86,0.86,0.86,0.86,0.86,0.86,0.86,0.86,0.86,0.86,0.86,0.86,0.83,0.86,0.86,0.86,0.86,0.83,0.85,0.86,0.86,0.86,0.85,0.83,0.85,0.73,0.86,-1.2,0.85,0.86,0.85,0.86,0.83,0.86,0.76,0.86,0.85,0.84,0.85,0.86,0.86,0.73,0.86,0.86,0.86,-1.1,0.85,0.86,0.86,0.86,0.84,0.85,0.86,0.86,0.83,0.86,0.86,0.86,0.71,-1.07,0.86,0.86,0.86,0.86,0.86,0.86,0.84,0.86,0.86,0.86,0.86,0.86,0.83,0.86,-1.06,0.86,0.86,0.86,0.86,0.86,0.86,0.84,0.86,0.86,-1.06,0.86,0.86,0.85,0.86,-1.03,0.86,0.86,0.86,0.85,0.85,0.86,0.86,0.86,-1.04,0.86,0.86,-1.02,0.82,0.86,0.86,-1.08,0.72,0.86,0.86,0.86,0.86,0.84,0.84,0.86,0.86,0.86,0.73,0.75,0.86,0.86,0.86,0.86,0.86,0.86,0.85,0.85,0.86,0.86,0.85,0.86,0.86,0.86,0.85,0.86,-1.02,0.86,0.86,-1.12,0.86,0.86,0.85,0.86,0.84,0.86,0.86,0.86,0.85,0.86,0.86,0.86,0.85,0.86,0.86,0.86,0.86,0.86,0.84,0.85,0.86,0.86,0.7,0.86,0.86,0.86,0.86,0.86,0.85,0.86,0.86,0.84,0.86,0.86,0.86,0.84,0.86,0.86,0.86,0.86,0.86,0.85,0.86,0.86,0.86,0.86,0.84,0.86,0.85,0.86,0.86,0.86,0.86,0.86,0.78,0.85,0.86,0.86,0.86,0.86,0.86,0.85,-1.07,-1.0,0.86,0.86,0.85,-1.13,-1.08,0.84,0.86,0.86,0.86,0.86,0.83,0.71,0.86,0.7,0.86,0.86,0.86,0.85,0.86,0.84,0.86,-1.12,0.85,0.86,0.86,0.86,0.86,-1.04,0.86,0.86,0.86,0.86,0.86,-1.11,0.86,0.85,0.86,0.86,0.8,0.86,0.86,0.86,0.82,0.86,0.86,0.86,0.84,0.86,0.86,0.86,0.84,0.86,0.86,0.86,-1.02,0.86,-1.12,0.86,0.86,0.86,0.86,0.86,-1.05,0.86,0.86,0.86,0.86,0.86,0.86,0.86,0.85,0.86,0.86,0.86,0.86,0.86,0.86,0.86,0.86,0.86,0.86,0.86,0.86,0.86,0.86,0.86,0.86,0.85,0.84,0.85,-1.02,0.84,0.83,-1.1,0.85,0.85,0.86,0.86,0.84,-1.07,0.84,0.86,0.86,0.86,0.86,0.69,0.84,0.85,0.86,0.86,0.86,0.86,0.86,0.86,0.79,0.83,0.86,0.84,0.86,0.86,0.86,-1.01,0.86,-1.11,0.86,0.86,0.86,0.86,0.86,0.85,0.86,0.85,0.86,0.86,0.86,0.86,0.86,0.86,0.84,0.78,0.86,0.86,0.86,0.86,0.86,0.85,0.86,0.85,0.86,-1.05,0.86,0.86,0.86,0.85,0.86,0.86,0.86,-1.13,0.86,0.85,0.86,0.86,0.86,0.86,0.86,0.85,0.86,0.86,0.86,0.84,0.86,-1.03,0.86,0.86,0.86,0.86,0.86,0.86,0.86,0.86,0.86,0.86,0.86,0.77,0.86,0.86,0.86,0.86,0.86,0.86,-1.05,0.85,-1.02,0.7,0.86,0.84,0.86,0.85,0.83,0.85,0.85,0.86,0.86,0.86,0.86,0.86,0.86,0.85,0.83,0.86,0.86,0.86,0.86,0.86,0.86,0.86,0.83,0.86,0.86,0.86,0.86,0.86,0.86,0.73,-1.01,0.84,0.86,0.86,-1.03,0.85,0.86,0.85,0.85,0.86,0.86,0.86,0.86,0.86,0.84,0.85,0.85,0.86,0.86,-1.04,0.86,0.84,0.86,0.86,0.86,0.86,0.86,0.86,0.86,0.86,0.72,0.86,-1.13,0.85,0.86,0.85,0.86,0.86,0.84,0.86,0.86,0.86,0.86,0.86,-1.09,0.84,0.85,0.86,0.84,0.86,0.83,0.86,0.86,0.86,0.86,0.86,0.85,0.85,0.86,-1.13,0.86,0.86,0.86,0.86,0.83,0.86,0.86,0.86,0.86,0.86,0.84,0.86,0.84,0.86,0.86,0.86,0.86,0.86,0.86,0.86,0.84,0.86,0.86,0.86,0.86,0.86,0.86,0.86,0.86,0.86,0.86,0.86,0.86,0.86,0.83,0.86,0.86,0.85,0.85,0.86,0.86,0.86,0.86,0.86,0.86,0.86,0.86,0.86,0.86,0.86,0.86,0.86,-1.05,0.86,-1.13,0.86,0.86,0.86,0.86,-1.03,0.84,0.86,0.84,0.86,0.86,0.86
-1.11,-1.03,0.85,0.72,0.63,-1.09,-1.12,0.69,0.85,0.8,-1.04,-1.18,0.77,-1.09,0.86,0.82,-1.03,0.79,-1.03,0.81,-1.01,0.86,0.82,-1.04,-1.12,0.84,0.7,0.76,0.85,0.84,0.84,-1.07,0.85,-1.07,0.79,-1.18,0.86,0.83,0.84,0.79,-1.11,0.79,0.81,0.81,0.78,0.86,0.86,0.86,0.85,-1.2,0.68,0.84,0.85,0.85,0.86,0.86,0.86,0.71,0.86,0.84,0.86,0.86,-1.13,0.86,-1.06,0.86,0.86,0.85,0.86,0.86,0.86,0.86,0.86,0.86,0.86,0.86,0.86,0.86,0.84,0.85,0.86,0.85,0.86,0.86,0.86,0.86,0.86,0.86,0.81,0.86,0.84,0.86,0.86,0.86,0.86,0.85,0.86,0.86,0.86,0.86,0.86,0.86,0.86,0.86,0.86,0.86,0.85,0.86,0.86,0.86,0.73,0.86,0.86,0.86,0.86,0.86,0.83,0.86,0.86,0.86,0.86,0.86,-1.05,0.86,0.86,0.86,0.86,0.86,0.86,0.84,-1.05,0.86,0.86,0.86,0.86,0.86,0.86,0.86,0.86,-1.11,0.86,0.86,0.86,0.86,0.86,0.86,0.86,0.86,0.86,0.85,0.86,0.86,0.86,0.86,0.86,0.86,-1.0,0.86,0.86,0.86,0.86,0.86,0.85,0.86,0.86,0.85,0.86,0.86,0.84,0.83,0.86,0.84,0.85,0.86,0.85,0.86,0.86,0.86,0.86,0.85,0.86,0.86,0.86,0.86,0.86,0.78,0.85,0.84,0.85,0.8,0.86,0.86,0.86,0.86,0.86,0.86,0.86,0.86,0.86,0.86,0.86,0.86,0.86,0.86,0.86,0.86,0.85,0.86,0.86,0.86,0.86,0.86,0.86,0.86,0.86,0.86,0.86,-1.12,0.86,0.86,0.86,0.86,0.86,0.86,0.86,0.86,0.84,0.86,0.86,0.86,0.84,0.86,0.86,0.86,0.86,0.86,0.86,0.86,0.86,0.86,0.84,0.86,0.86,0.86,0.86,0.86,0.85,-1.14,0.86,-1.03,-1.14,0.86,0.86,0.86,0.86,0.86,0.81,0.85,0.85,0.86,0.86,-1.13,0.85,0.86,0.71,0.84,0.85,0.86,0.86,0.86,0.86,0.86,-1.03,0.86,0.83,0.86,0.86,0.74,0.86,0.77,0.86,0.86,0.86,-1.03,0.85,0.86,0.86,0.86,0.86,0.86,0.86,0.86,0.86,0.84,0.86,0.84,0.86,0.84,0.86,0.86,0.85,0.86,0.86,0.86,0.86,0.86,0.85,-1.12,0.85,0.86,0.86,0.86,0.86,0.86,0.86,0.86,0.86,0.85,0.86,0.86,0.86,0.79,0.86,0.86,0.85,0.86,0.86,0.86,0.86,0.86,0.86,0.85,0.86,0.86,0.86,0.86,0.86,0.86,0.84,0.86,0.86,0.86,0.84,0.85,0.84,0.86,0.86,0.86,0.86,0.86,0.86,0.86,0.86,0.86,0.86,0.85,0.86,0.86,0.86,0.86,0.86,0.86,0.84,0.86,0.85,0.85,0.86,0.86,0.86,0.86,0.86,0.86,0.86,0.86,0.86,0.85,0.86,0.86,0.86,0.84,-1.0,0.74,0.86,0.86,0.86,-1.09,-1.01,0.86,-1.13,0.86,0.86,0.86,0.86,0.84,0.86,0.86,0.86,0.86,0.86,0.86,0.86,0.86,0.86,0.86,0.86,0.86,0.84,0.86,-1.09,0.86,-1.16,0.86,0.86,0.86,0.86,0.86,0.86,0.86,0.86,0.82,0.85,0.86,0.86,-1.0,0.86,0.86,0.84,0.83,0.85,0.86,0.86,0.86,0.86,0.85,0.86,0.86,0.86,0.84,0.85,0.86,0.86,0.86,0.86,0.84,0.86,0.86,0.86,0.86,0.84,0.85,0.86,0.86,0.86,0.86,0.86,0.79,0.86,0.86,0.86,0.86,0.86,0.86,0.86,0.86,0.86,0.86,0.86,0.86,0.86,0.86,0.86,0.76,0.79,0.86,0.86,0.86,0.86,0.86,0.86,0.86,0.86,0.86,0.86,0.86,0.86,0.86,0.86,0.86,0.86,0.86,0.86,0.86,0.79,0.86,0.86,0.86,0.86,0.86,0.86,0.86,0.86,0.86,0.86,0.86,0.86,0.76,-1.11,0.85,0.86,0.86,0.83,0.86,0.75,0.84,0.86,0.74,0.86,0.86,0.85,0.86,0.86,0.86,0.86,0.84,0.86,0.86,0.86,0.86,0.86,0.86,0.84,-1.03,0.86,0.86,0.84,0.86,0.86,0.85,0.83,0.86,0.86,0.86,0.86,0.86,0.76,0.86,0.86,0.84,0.86,0.86,0.86,0.71,0.86,0.86,0.86,-1.05,0.84,0.86,0.86,0.83,0.86,0.77,0.85,-1.12,0.86,0.86,0.86,0.84,0.86,0.84,0.86,0.84,0.86,0.86,0.86,0.86,0.86,0.86,0.82,0.86,0.86,0.86,0.84,0.86,0.86,0.86,0.81,0.86,0.86,0.86,0.85,0.86,0.86,0.82,0.86,0.86,0.86,0.86,0.86,0.86,0.86,0.86,0.86,0.86,0.86,0.86,0.86,0.86,-1.15,0.86,0.86,0.86,0.86,0.86,0.86,0.85,0.86,0.85,0.86,0.86,0.86,0.86,0.86,0.86,0.86,0.86,0.86,-1.13,0.86,0.86,0.86,0.86,0.86,0.86,0.86,0.86,0.86,0.86,0.86,0.86,0.86,0.86,0.86,0.86,0.86,0.71,0.86,0.86,0.86,0.86,0.86,0.86,0.86,0.86,0.86,0.86,-1.05,0.86,0.86,0.85,-1.12,0.72,0.86,0.84,0.86,0.86,0.86,0.86,0.86,0.84,-1.1,0.86,-1.02,0.85,0.86,0.86,0.86,-1.05,0.86,0.86,0.86,0.86,0.86,0.84,0.86,0.84,0.86,0.86,0.86,0.86,0.86,0.86,0.86,0.86,0.85,0.86,0.86,0.86,0.86,0.86,0.86,0.86,0.74,0.86,0.86,-1.03,0.86,0.84,0.86,0.86,0.86,-1.12,0.86,0.86,0.86,0.86,0.86,0.86,-1.1,0.86,-1.03,-1.1,0.85,0.86,0.86,0.86,0.86,0.86,0.86,0.86,0.86,0.86,-1.12,-1.08,0.86,0.85,0.84,0.86,0.86,0.86,0.81,0.86,0.86,0.85,0.86,0.85,0.85,0.86,0.86,0.85,-1.08,0.86,0.86,0.86,0.86,0.86,0.86,0.86,-1.14,-1.12,0.86,-1.05,0.86,0.86,0.86,0.85,0.86,0.86,-1.07,0.86,0.86,0.86,-1.03,0.86,0.86,0.86,0.83,0.86,0.84,0.86,-1.05,0.86,0.86,0.86,0.86,-1.01,0.86,0.86,-1.02,0.85,0.85,0.86,0.85,0.85,-1.06,0.86,0.86,0.86,0.86,0.86,0.86,0.86,0.86,0.86,0.86,0.86,0.86,-1.02,-1.06,0.86,0.86,0.86,0.86,-1.05,0.83,0.86,0.86,0.85,0.86,0.82,0.86,0.86,-1.08,0.84,0.84,0.86,0.85,0.76,0.86,0.86,0.86,0.86,-1.11,0.86,0.86,0.84,0.86,0.79,0.86,0.86,0.86,0.86,0.86,0.86,0.86,0.86,0.86,0.86,0.86,-1.03,0.86,0.86,0.85,0.86,0.86,0.86,0.86,-1.02,0.86,0.85,0.86,0.71,0.85,-1.12,0.86,0.82,0.86,0.86,0.86,0.86,0.86,0.86,0.86,0.86,0.79,0.86,0.82,0.86,0.86,0.85,0.86,0.86,0.86,0.86,0.86,0.86,0.86,-1.13,0.83,0.86,0.86,0.86,0.86,0.86,0.86,0.86,0.86,0.86,0.86,0.85,0.86,0.71,0.86,0.86,0.86,0.86,0.86,0.86,0.86,0.86,0.78,0.86,0.86,0.83,0.86,0.86,0.84,0.71,0.86,0.86,0.85,0.86,0.86,0.86,0.86,0.86,0.86,0.86,0.86,0.86,0.86,0.83,0.86,0.86,0.84,0.86,0.86,0.86,0.86,0.86,0.86,0.86,0.86,0.84,-1.07,0.86,0.86,0.86,0.86,0.86,0.86,0.85,0.85,0.86,0.86,0.79,-1.13,0.86,0.86,0.86,0.86,0.86,0.86,0.84,0.85,0.85,0.86,0.86,0.86,0.86,0.86,0.86,0.77,0.86,-1.03,0.85,0.86,0.86,0.84,0.86,0.86,0.86,0.86,0.86,0.84,-1.08,0.86,0.86,0.86,0.86,0.86,0.86,0.86,0.86,0.86,0.85,0.84,0.86,0.86,0.77,0.86,0.86,0.86,0.86,0.85,0.86,0.86,0.85,0.86,0.86,0.86,0.84,0.86,0.86,0.86,0.86,0.86,0.83,0.86,0.84,0.86,0.86,0.84,0.86,0.86,0.86,0.86,0.86,0.86,0.86,0.86,0.86,0.86,0.86,0.86,0.86,-1.11,0.85,0.86,0.85,0.86,0.86,0.86,0.86,0.86,0.86,0.85,0.86,-1.03,0.85,0.86,0.85,0.86,0.86,0.86,0.86,0.82,0.86,0.86,0.8,0.86,-1.13,0.85,0.85,0.86,0.86,0.86,0.86,0.86,0.86,0.85,0.86,0.86,0.72,0.86,0.86,0.86,0.86,0.85,0.85,0.86,0.85,0.86,0.86,0.86,0.86,-1.03,0.81,0.86,0.86,0.86,0.86,0.86,0.84,0.86,0.86,0.86,0.86,0.86,0.86,0.86,-1.04,0.85,0.84,0.86,0.86,0.7,0.86,0.86,0.86,0.86,0.86,0.75,0.86,0.86,0.86,0.86,0.86,0.86,0.82,0.86,0.86,0.86,0.86,0.86,0.86,-1.13,0.85,0.85,0.86,0.86,0.86,0.86,0.86,0.86,0.86,0.86,0.86,0.86,0.85,0.83,0.86,0.86,0.86,0.86,0.85,0.86,0.86,0.86,0.86,0.86,0.86,0.86,0.86,0.86,0.86,0.86,0.86,0.86,0.86,0.86,0.86,0.86,0.85,0.85,0.74,-1.04,0.85,0.86,0.84,-1.13,-1.02,0.86,0.86,0.86,-1.13,-1.03,0.86,0.86,0.76,0.86,-1.16,0.86,0.86,0.84,0.85,0.86,0.85,0.85,0.86,0.86,0.86,0.86,0.8,-1.09,0.86,0.86,0.86,-1.15,0.86,0.86,0.86,0.84,0.86,0.86,0.86,0.86,0.86,0.86,0.85,0.86,0.86,-1.14,0.84,0.72,0.86,0.86,0.86,0.86,0.81,0.86,0.85,0.85,0.84,0.86,0.86,-1.03,0.86,0.86,0.86,0.86,-1.12,0.86,0.86,0.86,0.86,0.85,0.86,-1.07,0.86,0.86,-1.16,0.8,0.84,0.86,0.86,0.86,0.86,0.86,0.85,0.86,0.86,0.86,0.85,0.86,0.86,0.86,0.86,0.86,0.86,0.86,0.86,0.86,0.86,0.86,0.8,0.86,0.85,0.86,0.86,0.84,0.86,0.86,0.86,0.84,0.86,0.86,0.85,0.86,0.86,0.86,0.86,0.86,0.86,0.86,0.86,0.86,0.86,0.85,0.86,0.85,0.86,0.85,0.86,0.86,0.86,0.86,0.86,0.86,0.86,0.86,0.86,0.84,-1.11,0.86,0.86,0.86,0.86,0.86,0.86,0.86,0.86,0.86,0.86,0.86,0.86,0.86,0.86,0.86,0.86,0.85,0.86,0.86,0.86,0.86,0.85,0.86,0.86,0.86,0.85,0.86,0.86,0.86,0.86,0.86,-1.12,0.86,0.86,0.86,0.86,0.86,0.86,0.86,0.86,0.86,0.86,0.86,0.86,0.86,0.86,0.84,0.86,0.84,-1.1,-1.32,0.86,0.86,0.86,0.86,0.86,0.86,0.86,0.86,0.86,0.86,0.86,0.85,0.83,0.86,0.86,0.86,0.86,0.86,0.86,0.86,0.86,0.85,0.86,0.85,0.86,0.86,0.86,0.85,0.86,0.86,0.85,0.86,0.86,0.86,0.86,-1.08,0.8,0.86,0.86,0.86,0.86,0.85,0.86,0.85,0.8,0.85,-1.03,0.86,0.85,0.83,0.86,0.75,0.86,0.86,0.86,0.86,-1.03,0.86,0.86,0.86,0.84,0.86,0.86,0.86,0.7,0.85,0.86,0.86,0.85,0.72,0.86,0.86,0.85,0.85,0.86,0.86,0.86,0.86,-1.02,0.69,0.86,0.85,0.84,0.86,0.86,0.85,0.86,0.85,0.86,0.76,0.86,0.85,0.86,0.86,0.86,0.86,0.86,0.86,0.86,0.86,0.86,0.85,0.86,0.83,0.86,0.86,0.86,0.86,0.86,0.86,0.85,0.86,0.86,0.86,0.86,0.86,0.86,0.84,0.86,0.86,0.86,-1.23,0.72,0.86,0.83,0.84,0.86,0.86,0.86,0.86,0.86,-1.04,0.86,0.72,0.86,0.86,0.85,-1.21,0.84,0.86,0.86,0.86,0.86,0.86,0.86,0.86,0.86,0.86,0.86,0.86,0.86,0.85,0.86,0.86,0.86,0.84,0.86,0.86,0.84,0.86,0.86,0.86,0.86,0.86,0.81,0.71,0.86,0.84,0.86,0.77,0.86,0.85,0.86,0.86,0.85,0.84,0.86,0.86,-1.12,0.86,0.82,0.86,0.86,0.86,0.77,0.86,0.86,0.86,0.86,-1.08,0.83,0.86,0.82,0.86,0.86,0.86,-1.02,0.86,0.86,0.84,0.86,0.86,0.86,0.86,0.86,0.86,0.82,-1.13,0.86,0.85,0.86,0.86,0.86,0.86,0.86,0.86,0.86,0.86,0.86,0.86,0.86,0.84,0.86,0.86,0.74,0.86,0.85,-1.14,0.86,0.86,0.84,0.85,-1.03,0.86,-1.12,0.82,0.83,0.86,0.86,-1.02,0.71,-1.03,0.84,0.84,0.83,0.86,0.86,0.86,0.86,-1.02,0.86,0.86,0.86,0.86,0.84,0.86,0.86,0.86,0.86,0.86,0.86,0.77,0.86,0.86,0.86,0.86,0.85,0.86,0.86,-1.03,0.82,0.86,0.86,0.85,0.86,0.86,0.86,0.86,0.86,0.86,0.86,0.86,0.78,0.86,0.86,0.79,0.86,0.86,0.86,0.86,-1.08,-1.09,0.86,0.78,0.86,0.86,0.86,0.86,0.86,-1.0,-1.1,0.86,0.86,0.85,0.84,0.86,0.84,0.86,0.86,0.86,-1.14,0.86,0.86,0.86,0.86,0.84,0.86,0.86,0.86,0.86,0.86,0.82,0.86,0.86,0.86,0.79,0.86,0.86,0.86,0.86,0.86,0.86,0.84,0.86,0.86,0.86,0.86,0.86,0.84,0.86,0.86,0.86,0.86,0.86,0.86,0.86,0.85,0.86,0.83,0.86,0.86,0.86,0.86,0.86,0.86,0.76,0.84,0.86,0.86,0.86,0.86,0.86,0.86,0.85,0.86,0.85,0.86,0.85,0.86,0.86,0.86,0.86,0.84,0.86,0.86,-1.03,0.86,0.86,0.86,0.86,0.77,0.86,0.86,0.86,0.86,0.86,0.78,0.86,0.86,0.86,0.85,0.86,0.86,0.86,0.86,0.86,0.83,0.86,0.86,0.86,0.85,0.85,0.86,0.86,0.71,0.84,0.85,0.86,0.86,-1.0,0.86,0.86,0.85,0.86,0.86,0.86,0.86,0.86,0.86,0.86,-1.03,0.86,0.84,0.86,0.86,0.86,0.86,0.86,0.86,0.86,0.86,0.86,0.86,0.86,0.84,0.85,0.85,0.86,0.86,0.85,-1.07,0.86,0.86,0.86,0.86,0.86,0.86,0.85,0.86,0.86,0.85,0.86,0.86,0.86,0.86,0.86,0.84,0.86,0.86,0.86,-1.05,0.86,0.78,0.86,0.85,0.86,0.86,0.86,-1.08,0.86,0.85,0.85,0.86,0.78,0.86,0.86,0.86,0.86,0.85,-1.04,0.86,0.86,0.85,0.86,0.86,0.86,-1.09,0.83,0.86,0.86,0.86,0.86,0.86,0.86,0.86,0.81,0.86,-1.11,0.85,0.86,0.86,0.86,0.8,0.86,0.86,0.86,0.86,0.86,0.86,0.86,0.86,0.86,0.86,0.86,0.86,0.86,0.86,0.86,0.86,0.86,0.86,0.86,0.86,0.85,0.86,-1.0,0.86,0.86,0.86,0.86,0.86,0.86,0.86,0.84,0.86,0.86,0.86,0.86,0.86,0.85,0.86,0.86,0.79,0.86,0.85,0.86,0.86,0.86,0.86,0.86,0.86,0.85,0.85,0.86,0.86,0.86,0.86,0.86,0.86,0.86,0.86,0.86,0.86,0.86,0.84,0.86,0.86,0.86,0.86,0.86,-1.27,0.84,0.83,0.86,0.86,-1.05,0.86,0.86,0.86,0.85,0.86,0.86,0.84,0.86,0.85,0.86,0.86,0.86,0.84,0.86,0.84,0.86,0.86,0.86,0.86,0.85,0.86,0.86,0.86,0.86,0.86,-1.13,0.83,0.86,0.86,0.85,0.86,0.85,0.85,0.86,0.86,0.86,0.85,0.86,0.86,0.86,0.86,0.85,0.85,0.85,0.86,0.86,0.86,0.86,0.86,0.86,-1.02,0.86,0.86,0.84,0.86,0.86,0.86,0.86,0.86,0.84,0.86,0.83,0.85,0.86,0.86,0.86,0.86,0.86,-1.03,-1.11,0.86,0.76,0.86,-1.12,0.86,0.85,0.86,0.85,-1.16,0.8,-1.21,-1.05,0.84,0.86,0.86,0.84,0.73,0.86,0.84,0.86,0.86,0.86,0.86,0.81,0.86,0.84,0.86,0.86,0.84,0.74,0.86,0.86,0.86,0.86,0.86,0.86,0.86,0.86,-1.14,0.84,-1.04,0.85,0.86,-1.02,0.85,0.85,-1.07,0.86,0.85,0.86,0.81,0.86,-1.07,0.86,0.85,0.85,0.86,0.86,0.86,0.86,0.85,-1.03,0.86,0.86,0.86,0.86,0.85,0.86,0.86,0.86,0.86,0.86,0.86,0.86,0.86,0.86,-1.12,0.86,0.86,0.86,0.85,0.86,0.86,0.84,0.86,0.84,0.86,0.86,0.86,0.85,0.86,0.86,0.86,0.77,0.86,0.85,0.75,0.86,0.86,0.86,0.86,0.86,0.86,0.86,0.72,0.86,0.86,0.84,0.86,0.86,0.86,0.86,0.86,0.86,0.85,0.85,0.86,0.86,0.86,-1.12,0.86,0.86,0.86,0.86,0.83,0.81,0.86,0.86,0.86,0.86,0.85,0.85,0.85,-1.14,0.86,0.85,0.86,0.71,0.83,0.85,-1.03,0.86,0.86,0.85,0.86,0.86,0.86,0.86,0.86,0.84,0.86,0.86,0.86,0.86,0.86,0.86,0.85,0.86,0.83,0.86,0.86,0.85,0.86,0.86,0.86,0.86,0.84,0.86,0.86,0.86,0.86,0.86,-1.03,-1.09,0.86,0.85,0.86,0.86,0.86,0.86,0.86,-1.01,0.85,0.83,0.86,0.86,0.86,0.86,0.86,0.86,0.86,0.86,0.86,0.86,0.86,0.86,0.86,0.82,0.86,0.86,0.86,0.85,0.86,0.81,0.86,0.86,0.86,0.86,0.84,0.86,0.86,0.86,0.85,0.86,0.84,0.86,0.86,0.86,0.86,0.86,0.83,0.86,0.86,0.86,0.86,0.86,-1.14,0.84,0.86,0.86,0.86,0.86,0.85,0.78,0.86,0.86,0.86,0.86,0.86,0.85,0.86,-1.15,0.84,0.86,0.85,0.86,0.85,0.83,0.86,0.86,0.83,0.85,0.86,0.85,0.86,0.86,0.86,0.86,0.86,-1.1,0.84,0.86,0.85,0.86,0.85,0.86,0.86,0.86,0.86,0.86,0.86,0.86,-1.02,0.85,0.85,-1.1,0.85,0.86,0.86,0.86,0.86,0.86,0.86,-1.01,0.85,0.77,0.86,0.86,0.86,0.86,0.86,0.86,0.86,0.86,0.86,0.84,0.83,0.86,0.86,0.86,0.86,0.83,0.86,-1.01,0.84,0.86,0.86,0.86,0.86,0.86,0.85,0.85,0.86,0.86,0.84,0.85,0.84,0.86,-1.02,0.86,0.86,0.86,0.74,0.86,0.86,0.86,0.86,0.86,0.85,0.85,0.86,0.86,0.84,0.86,-1.04,0.86,0.86,0.71,0.85,0.6,0.86,0.83,0.86,0.86,0.86,0.86,0.86,0.85,0.76,0.86,0.86,-1.12,0.86,0.86,0.86,0.86,0.83,0.86,0.85,0.86,0.86,0.83,0.73,0.86,0.86,0.86,0.85,0.86,0.84,0.83,0.86,0.86,0.86,0.83,0.86,0.86,0.86,0.86,0.86,0.84,0.84,0.86,0.86,0.86,0.86,0.86,0.86,0.86,0.86,0.86,-1.14,0.84,0.86,0.86,-1.12,0.86,0.86,0.86,0.86,0.77,0.86,0.86,0.85,0.86,0.86,0.86,0.86,0.86,0.86,0.86,0.86,0.86,-1.12,0.86,0.82,0.86,0.86,0.86,0.86,0.86,0.86,0.85,0.85,0.86,0.84,0.86,0.86,0.86,0.86,0.86,0.86,0.85,0.86,-1.12,0.86,0.86,0.77,0.86,0.85,-1.06,0.83,0.85,0.86,0.85,0.85,0.86,0.86,0.86,0.86,0.86,0.86,0.84,0.86,0.82,0.86,0.72,0.86,0.78,0.86,0.84,-1.04,0.85,0.86,0.84,0.86,0.86,0.86,0.86,0.86,0.83,0.86,0.86,0.86,0.85,0.86,0.86,0.85,0.85,0.86,0.86,0.86,0.86,0.86,0.86,0.86,0.84,0.86,0.86,0.86,0.86,0.86,0.86,0.86,0.86,0.86,0.86,0.86,0.86,0.86,0.86,0.86,0.86,0.86,0.85,0.86,0.86,0.85,0.86,0.86,-1.01,0.86,0.86,0.86,0.86,0.86,0.75,0.86,0.84,0.86,0.86,0.86,0.86,0.86,0.86,0.86,0.86,0.74,0.79,0.86,0.86,0.86,0.86,0.71,0.85,0.71,0.86,0.84,0.86,0.76,0.85,0.86,0.86,0.86,0.86,0.86,0.86,0.85,0.86,0.86,-1.1,0.86,0.86,0.86,0.86,0.86,0.86,0.86,0.86,0.86,0.86,0.86,0.86,0.86,0.86,0.86,0.86,0.86,0.86,0.86,0.86,0.86,0.86,0.86,0.76,0.86,0.86,0.85,0.86,0.86,0.86,0.86,0.86,-1.02,0.86,0.84,0.86,0.86,0.86,0.86,0.86,0.77,0.86,0.86,0.85,0.86,0.86,0.78,0.86,0.86,0.86,0.86,0.86,0.86,0.83,0.86,0.86,0.86,0.86,0.83,0.86,0.86,0.86,0.86,0.86,0.86,0.85,0.86,0.86,0.86,0.79,0.86,0.86,0.84,0.86,0.85,0.85,0.86,0.86,0.86,0.86,0.86,-1.13,-1.02,0.84,0.86,0.86,0.86,0.86,0.78,-1.05,0.86,0.86,0.86,0.86,0.85,0.86,0.71,-1.12,0.85,0.85,0.86,0.86,0.86,0.86,0.86,0.82,0.86,0.86,0.86,-1.08,0.86,0.86,0.86,0.85,0.86,0.86,-1.11,0.85,0.86,-1.0,0.86,0.86,0.86,0.86,0.84,0.86,0.86,-1.06,0.86,0.85,0.85,0.86,0.84,0.86,0.86,0.86,0.86,0.86,0.86,0.86,0.86,0.86,0.86,0.86,0.84,0.86,0.86,0.86,0.86,0.86,0.73,0.83,-1.04,0.86,0.86,0.83,0.86,0.84,0.75,0.86,0.71,0.85,-1.13,0.86,0.86,0.86,0.85,0.86,0.75,0.84,0.86,0.86,0.84,0.86,0.86,0.86,0.84,0.86,0.86,0.86,0.86,0.84,0.86,-1.07,0.86,0.86,0.86,0.86,0.86,0.79,-1.02,0.86,0.86,-1.1,0.86,0.86,0.86,0.86,0.86,0.86,0.84,0.86,0.86,0.86,0.86,0.86,0.86,0.86,0.84,0.86,-1.06,0.85,-1.13,0.86,0.85,0.86,0.84,0.86,0.86,0.86,0.86,0.86,0.86,-1.3,0.85,0.86,0.86,0.86,-1.03,0.86,0.86,0.86,0.86,0.86,0.86,0.86,0.86,0.86,-1.01,0.86,0.86,0.86,0.86,0.86,0.86,0.86,0.85,0.86,0.82,0.85,0.85,0.86,0.86,0.86,0.86,0.85,0.86,0.86,0.86,0.85,0.86,0.86,0.86,0.84,-1.09,0.83,0.86,0.86,0.86,0.86,0.85,0.85,0.85,0.86,0.86,0.86,0.86,0.86,0.86,0.86,0.86,0.86,0.86,0.86,0.86,0.86,0.86,0.74,0.86,0.85,-1.11,0.84,0.84,-1.13,0.85,0.86,0.71,0.86,0.86,0.86,0.86,0.86,0.86,0.86,0.86,0.86,0.86,0.86,0.86,0.86,0.86,0.86,0.86,-1.09,-1.05,0.85,0.86,0.86,0.86,0.86,0.86,0.86,-1.02,0.86,0.85,0.86,0.85,0.86,0.85,0.86,0.86,0.86,0.74,0.86,0.86,0.86,0.86,0.86,0.86,0.86,0.86,0.86,-1.06,0.86,0.86,0.86,0.86,0.86,0.83,0.86,0.86,0.86,0.86,0.86,0.86,0.86,0.82,0.86,0.86,0.86,0.85,0.86,0.86,0.86,0.85,0.86,0.85,0.86,0.86,0.86,0.86,0.85,0.86,0.85,0.83,-1.12,0.86,0.86,0.86,0.86,0.85,0.86,0.86,0.86,0.86,0.86,0.86,0.86,0.86,0.86,0.86,0.86,0.86,0.85,0.86,0.86,0.84,0.84,0.86,0.86,0.84,0.86,0.86,0.85,0.86,0.86,-1.01,0.83,0.86,0.86,0.85,0.86,0.86,0.86,0.86,0.86,-1.01,0.84,0.86,0.86,0.86,0.86,0.86,0.86,0.86,0.86,0.86,0.86,0.83,0.86,0.86,0.86,0.86,0.86,0.86,0.86,0.84,0.86,0.86,0.86,0.78,-1.12,0.86,0.85,0.82,0.86,0.86,0.86,0.86
-1.02,-1.02,-1.01,0.82,0.81,0.83,-1.03,-1.08,0.84,0.85,-1.09,-1.23,0.8,0.86,-1.09,0.77,-1.13,-1.27,0.85,0.81,-1.11,0.67,0.83,-1.12,0.82,0.85,0.8,0.8,-1.11,0.86,0.85,0.83,0.84,0.7,0.86,0.69,0.86,0.85,0.79,0.8,-1.05,0.83,0.86,-1.02,0.86,0.86,0.86,0.85,0.86,0.86,0.86,0.86,0.85,0.86,0.73,0.86,0.86,0.85,0.86,0.83,0.86,0.86,-1.11,0.86,0.86,0.86,0.86,0.86,-1.07,0.84,0.86,0.86,-1.11,0.85,0.86,0.86,0.86,0.86,0.86,0.86,-1.12,0.86,0.86,0.86,0.86,0.86,0.76,0.8,0.84,0.86,0.86,0.85,0.86,0.86,0.86,0.86,0.86,0.86,0.86,0.86,0.84,0.86,0.86,0.86,0.86,0.86,0.86,0.86,0.86,0.86,0.84,0.84,0.86,-1.0,0.86,0.86,0.83,0.86,0.85,0.86,0.86,0.86,-1.09,0.74,0.86,0.86,0.86,-1.1,0.86,0.86,0.86,0.86,0.86,-1.13,0.86,0.86,0.86,0.86,0.86,0.83,0.86,0.86,0.85,0.86,0.84,0.8,0.86,-1.02,0.86,0.86,0.84,0.86,0.86,0.85,0.86,-1.03,0.86,0.86,0.86,0.86,0.86,0.86,0.86,0.86,0.85,0.86,0.86,0.86,0.86,0.86,0.86,0.83,0.86,0.86,0.86,0.86,0.86,0.86,0.86,-1.08,0.86,0.81,0.85,0.86,0.86,0.86,0.86,0.8,0.85,0.86,0.86,0.86,0.86,0.86,0.86,0.86,0.86,-1.02,0.81,-1.02,0.85,0.86,0.86,0.86,0.76,0.86,0.86,0.86,0.86,0.86,0.86,0.86,0.86,0.86,0.86,-1.0,0.71,0.86,0.86,0.85,0.83,-1.07,0.86,0.86,0.86,0.86,0.86,0.85,0.86,0.86,0.86,0.86,0.86,0.86,0.86,0.83,0.85,0.85,0.86,0.86,0.85,0.86,0.86,0.85,0.78,0.84,0.86,0.86,0.86,0.85,0.86,0.84,0.86,0.83,0.86,0.86,0.86,0.86,0.85,0.86,0.86,0.84,0.84,0.86,0.86,0.86,0.86,-1.02,-1.01,0.86,0.71,0.86,0.86,0.82,-1.04,0.86,0.86,0.86,0.86,0.86,0.86,-1.02,0.85,0.86,0.86,0.86,0.85,0.86,0.86,0.84,0.86,0.86,0.86,0.86,0.86,0.86,0.86,0.86,0.86,0.86,0.86,-1.07,0.86,0.85,0.86,0.86,-1.13,0.86,0.86,0.86,0.86,0.86,0.86,0.86,0.86,0.86,0.86,0.86,0.86,0.86,0.86,0.86,0.86,0.86,0.86,0.84,0.86,0.86,0.86,0.85,0.86,0.85,-1.02,0.86,0.86,0.84,0.86,0.86,0.85,0.86,0.86,0.86,0.86,0.85,0.85,0.86,0.86,0.86,0.86,0.86,0.84,0.86,0.86,0.85,0.85,0.86,0.86,0.84,0.86,-1.03,0.86,0.85,0.86,0.85,0.86,0.86,0.86,0.86,0.84,0.86,0.85,0.86,0.86,0.83,0.86,0.86,0.86,0.86,0.86,0.86,0.86,0.86,0.82,0.86,-1.14,0.86,0.86,0.86,-1.06,0.86,-1.02,0.86,0.86,0.84,0.85,0.86,0.86,0.86,0.86,0.84,0.85,0.85,0.86,0.86,0.86,0.86,0.83,0.84,0.86,0.86,0.86,0.86,0.82,0.86,0.84,0.86,0.86,0.86,0.86,0.86,0.86,0.86,0.86,0.86,0.86,0.86,0.86,0.85,0.86,0.86,0.86,0.86,0.86,0.86,0.86,0.86,0.86,0.86,0.86,0.86,0.85,0.86,0.86,0.86,0.86,-1.09,-1.13,0.86,0.86,0.86,0.86,0.86,0.86,0.78,0.85,0.86,0.86,0.86,0.86,0.86,0.86,0.86,0.86,0.86,0.86,0.85,0.86,0.86,0.86,0.86,0.86,0.86,0.86,0.85,0.86,0.86,0.84,0.86,0.86,0.86,0.86,0.86,-1.03,0.86,0.85,0.86,0.85,0.84,0.86,0.85,0.71,0.86,0.86,0.86,0.76,0.86,-1.06,0.86,0.86,0.84,0.86,0.86,0.86,0.85,0.86,0.86,0.86,0.86,0.86,0.86,0.86,0.86,0.86,0.86,-1.02,0.84,0.86,0.86,0.86,0.86,0.86,0.86,0.86,0.85,0.86,0.85,0.86,0.86,0.82,0.86,0.85,0.86,0.86,0.83,0.86,0.86,0.86,0.86,0.86,0.86,0.86,0.86,0.86,0.86,0.86,0.86,0.71,0.86,0.86,0.86,0.86,0.86,0.86,0.86,0.83,0.86,0.86,0.86,0.86,0.86,0.86,0.86,0.86,0.86,0.85,0.86,0.86,0.86,0.86,0.82,0.86,0.84,0.86,0.86,0.86,0.86,0.86,0.86,0.86,0.86,0.86,0.86,0.86,0.86,0.85,0.86,0.86,0.85,0.86,0.86,0.86,0.86,0.86,0.86,0.86,0.83,0.84,0.86,0.86,0.86,0.86,0.86,0.85,0.86,0.84,0.85,0.86,0.86,0.86,0.86,0.86,0.76,0.86,0.86,0.86,0.86,0.86,0.86,0.72,0.86,0.86,0.86,0.86,0.86,-1.13,0.86,0.86,0.86,0.86,0.85,0.86,0.86,0.86,0.86,0.86,0.86,0.86,0.86,0.86,0.82,0.86,0.86,0.86,0.86,0.86,0.85,0.86,0.86,0.86,0.86,0.86,0.86,0.86,0.86,0.86,0.86,0.86,0.86,0.85,0.86,0.86,-1.07,0.86,0.81,0.86,0.86,0.85,0.86,0.86,0.86,0.86,0.86,0.85,0.86,0.86,0.86,0.85,0.85,0.86,0.84,0.86,0.85,0.86,0.86,0.86,0.86,0.86,0.86,0.86,0.86,0.86,0.86,0.86,0.86,0.86,0.86,0.85,0.86,0.86,0.86,0.84,0.86,0.86,0.86,0.86,0.86,0.86,0.84,0.86,0.86,0.86,0.86,0.86,0.86,0.86,0.86,0.86,0.86,0.86,0.86,0.83,0.86,0.86,0.86,0.84,0.74,0.86,0.86,0.86,0.86,0.86,0.86,0.86,0.86,0.86,0.86,0.86,0.86,0.86,0.85,0.86,0.86,0.86,0.86,0.86,0.86,0.86,0.86,0.86,0.86,0.85,0.86,-1.14,-1.17,-1.1,0.86,0.86,0.85,0.85,0.86,0.86,0.86,-1.02,0.86,0.86,0.86,-1.04,0.86,0.86,0.85,0.86,-1.02,0.86,0.86,0.86,0.86,0.85,0.86,-1.13,0.86,0.85,0.86,0.78,0.86,0.86,0.86,0.86,0.86,0.85,-1.13,0.86,0.86,0.86,0.86,0.86,-1.14,0.85,0.86,0.85,0.86,0.86,0.82,0.86,0.86,0.84,0.85,0.86,0.85,0.86,0.86,-1.22,0.86,0.86,0.86,0.86,0.84,0.84,0.86,0.86,0.86,0.86,0.86,0.86,0.86,0.86,0.77,0.86,0.86,0.86,0.86,0.86,-1.15,0.86,0.86,0.86,0.86,0.86,0.73,0.85,0.86,0.86,0.86,0.86,0.86,0.86,0.86,0.86,-1.03,0.86,0.86,0.86,0.85,0.84,0.86,0.86,0.86,0.86,0.86,0.86,0.86,0.86,0.86,0.86,0.86,0.86,0.86,0.86,0.86,0.86,0.86,0.86,0.85,0.86,0.83,-1.08,0.86,0.86,0.86,0.86,0.84,0.86,0.85,0.86,-1.11,0.84,-1.11,0.86,0.86,0.86,-1.03,0.86,0.86,0.86,0.86,0.86,0.86,0.86,0.86,0.85,0.86,0.86,0.86,-1.13,0.86,0.86,0.86,0.86,0.85,0.86,0.86,-1.0,0.86,0.86,0.86,0.86,0.79,0.86,0.85,0.84,0.86,0.86,0.86,0.86,-1.1,-1.04,0.86,0.86,0.86,0.86,0.86,0.86,0.86,0.86,0.83,0.85,0.86,0.85,0.86,0.86,0.86,0.86,0.79,0.86,0.86,0.86,0.86,0.83,0.86,0.86,0.82,0.84,0.86,0.86,0.86,0.86,0.86,0.86,0.86,0.86,0.86,0.86,0.86,0.86,0.85,0.86,0.86,0.85,0.77,0.86,0.86,0.86,0.86,0.86,0.86,0.86,0.86,0.86,0.86,0.85,0.86,0.8,0.86,0.86,0.85,0.86,0.86,0.86,0.86,0.86,0.86,0.86,0.86,0.86,0.83,0.86,0.84,0.86,0.82,0.86,0.86,0.86,0.86,0.86,0.86,0.86,0.86,0.86,0.86,0.86,0.86,0.86,0.86,0.86,0.86,0.86,0.86,0.86,0.86,0.86,0.85,0.86,0.86,0.85,0.86,0.86,0.86,0.85,0.86,0.86,0.86,0.86,0.85,0.86,0.86,0.84,0.86,0.86,0.86,0.85,0.86,0.86,0.86,0.86,0.86,0.86,0.86,0.86,0.86,0.86,0.86,0.86,0.83,0.86,0.86,0.86,0.86,0.86,0.86,0.85,0.83,0.86,0.86,0.71,0.86,0.86,0.85,0.86,-1.06,0.75,0.86,0.86,0.86,0.85,0.86,0.85,0.86,0.86,0.86,0.86,0.86,0.85,0.86,0.86,0.84,0.86,0.86,0.86,0.86,0.86,0.86,-1.02,0.84,0.86,0.86,0.85,0.86,-1.0,0.86,0.86,0.86,0.86,0.86,0.86,-1.08,0.86,0.86,0.86,0.86,0.85,0.75,0.82,0.86,0.86,0.86,0.86,0.86,0.86,0.86,0.86,0.86,0.86,-1.05,0.86,0.86,0.86,0.86,0.84,0.86,-1.11,0.86,-1.14,0.86,0.86,0.86,0.86,0.86,0.86,0.86,0.86,0.86,0.69,0.86,0.86,0.79,0.86,0.85,-1.02,0.83,0.85,0.86,0.86,-1.03,0.86,0.86,0.84,0.86,0.86,0.86,0.86,0.86,0.86,0.86,0.86,0.86,0.86,-1.12,0.85,0.85,0.86,0.86,0.86,0.86,0.86,0.86,0.86,0.86,-1.08,0.85,0.86,0.86,0.86,0.86,0.77,0.86,0.86,-1.13,0.86,0.86,0.86,-1.13,0.86,0.86,0.86,-1.03,0.84,0.86,0.86,-1.1,0.86,0.81,0.86,0.84,0.86,0.86,0.86,0.86,0.86,0.86,-1.03,0.86,0.86,0.86,0.86,0.86,0.86,0.86,0.86,0.86,0.84,0.86,-1.01,0.86,0.86,0.86,0.86,0.86,0.86,0.86,0.86,0.86,0.86,-1.02,0.86,0.86,0.86,-1.06,0.78,0.86,0.86,0.86,0.86,0.86,0.86,0.86,0.86,0.86,0.77,-1.09,0.86,0.86,0.81,0.84,0.86,0.86,0.86,0.86,0.86,0.86,0.86,0.86,0.86,0.84,0.86,-1.12,0.86,0.86,-1.0,0.86,0.86,0.86,0.86,0.86,0.86,0.84,0.86,0.86,0.86,0.86,0.86,0.85,0.85,-1.14,0.86,0.85,0.86,0.86,0.85,0.86,0.86,0.86,0.86,0.86,0.82,0.84,0.86,0.85,0.86,0.86,-1.12,0.85,0.86,0.86,0.84,0.86,-1.07,0.86,0.86,0.86,0.86,0.86,0.86,0.86,0.86,0.86,0.86,0.85,0.86,0.86,0.74,0.86,-1.03,0.86,0.86,0.85,0.86,0.85,0.86,0.86,0.84,-1.13,0.86,0.75,-1.12,0.86,0.86,0.86,0.86,0.86,0.86,0.86,0.86,0.86,0.78,0.86,0.86,0.84,0.82,0.86,0.86,0.86,0.85,0.86,0.86,-1.02,0.85,0.86,0.86,-1.09,0.84,0.84,0.86,0.86,0.86,0.86,0.86,-1.02,0.86,0.86,0.86,0.86,0.86,0.85,0.86,0.86,0.85,0.73,0.86,0.86,0.86,0.84,0.86,0.86,0.86,0.85,0.86,0.86,0.86,0.78,0.86,0.86,-1.09,0.85,0.86,0.85,0.86,0.85,0.85,0.86,0.86,0.86,0.86,0.86,-1.01,0.71,-1.02,0.86,0.86,0.86,0.86,-1.08,0.83,0.86,0.83,0.86,0.86,0.86,0.86,0.86,-1.0,0.86,0.86,0.86,0.86,0.85,0.84,0.86,0.86,0.86,0.86,0.86,0.86,0.86,0.86,0.85,0.86,-1.03,0.84,0.86,0.86,0.86,0.86,-1.04,0.85,0.86,0.85,0.86,0.86,-1.14,0.86,0.83,0.86,-1.04,0.86,0.86,0.86,0.86,0.86,0.86,0.86,0.86,0.86,-1.03,0.86,-1.01,0.85,0.86,0.86,0.86,0.86,0.86,0.86,0.86,0.86,0.86,0.82,0.86,0.86,0.86,0.86,0.86,0.86,0.86,0.86,-1.09,0.85,0.86,-1.13,0.84,0.86,0.86,0.86,0.86,0.81,0.86,0.86,0.86,0.86,0.86,0.86,0.86,0.86,0.86,0.86,0.86,0.85,0.84,-1.25,-1.05,0.86,0.84,0.86,0.86,0.86,0.86,0.74,0.86,0.86,0.85,0.86,0.86,0.86,-1.08,0.86,0.86,-1.1,0.85,0.84,0.86,0.86,0.82,0.85,0.86,0.86,0.85,0.86,0.86,0.84,0.84,0.86,0.86,0.84,0.86,-1.03,0.86,0.86,0.84,0.86,-1.12,0.85,0.86,0.86,0.86,0.86,0.86,0.84,0.86,0.86,0.86,0.84,0.86,0.86,0.84,0.86,0.86,0.86,0.86,0.86,0.86,0.86,0.85,0.86,0.8,0.86,0.86,0.86,0.86,0.85,0.86,0.86,0.84,0.84,0.86,0.86,0.86,0.86,0.86,0.85,0.86,0.86,0.83,0.86,0.86,0.86,0.86,0.86,0.86,0.86,0.86,0.86,0.86,-1.08,0.85,0.86,0.85,0.86,0.86,0.86,0.86,0.86,0.86,-1.1,0.86,0.86,0.86,0.86,0.86,0.86,0.86,0.84,0.86,0.75,0.86,0.86,0.86,0.86,-1.0,0.86,0.8,0.86,0.86,0.86,0.86,0.86,0.86,0.86,0.86,0.86,0.86,0.86,0.86,0.86,0.86,0.86,-1.07,0.84,0.86,0.86,-1.04,0.86,0.85,0.71,0.86,0.86,0.86,0.86,0.83,0.86,0.86,0.86,0.86,0.86,-1.02,0.84,0.84,0.86,0.86,0.84,0.86,0.86,0.86,0.86,0.75,0.83,0.86,0.85,0.86,-1.03,0.86,0.86,0.86,0.86,0.86,0.86,-1.03,0.86,0.86,0.86,0.86,0.86,0.8,0.86,0.86,0.84,0.86,0.86,0.86,-1.12,0.84,0.85,0.86,0.86,0.86,-1.2,0.85,0.85,0.85,0.86,0.86,-1.05,0.86,0.86,0.86,0.86,0.79,0.86,0.86,0.85,0.86,0.86,0.86,0.86,0.86,0.84,0.86,0.86,0.86,0.86,0.86,0.86,0.86,0.86,0.86,0.86,0.86,0.86,0.86,0.8,0.86,0.86,0.86,0.75,0.86,0.85,0.84,0.84,0.86,0.86,-1.07,0.86,0.86,0.86,0.86,0.85,0.84,-1.0,0.86,0.85,0.86,0.86,0.86,0.86,0.86,-1.03,0.85,0.86,0.85,0.86,0.84,-1.06,0.86,0.86,0.85,0.85,-1.25,0.86,0.72,0.85,0.86,0.86,0.81,0.86,0.86,0.84,0.86,-1.01,0.84,0.86,0.86,0.84,0.85,0.86,0.86,0.86,0.75,0.86,0.86,0.86,0.86,0.86,0.86,0.86,0.86,0.84,0.82,-1.05,0.86,0.85,0.73,0.84,-1.07,0.86,0.86,0.84,0.86,0.85,0.85,0.85,0.86,0.86,0.86,0.86,0.86,0.85,0.86,0.86,0.85,0.86,0.86,0.86,0.86,0.86,0.86,0.86,0.86,0.86,0.86,0.86,0.86,0.85,0.86,0.86,0.86,0.86,0.86,0.85,0.86,0.86,0.86,0.86,0.86,0.86,0.86,0.86,0.86,0.86,-1.02,0.86,0.86,0.86,0.86,0.86,0.86,0.86,0.86,-1.02,0.85,0.86,0.86,0.86,0.86,0.86,0.86,0.86,0.86,0.86,0.86,0.85,0.85,0.85,0.86,-1.08,0.85,0.86,0.86,0.83,0.84,0.86,-1.11,0.86,0.86,0.86,-1.13,0.8,0.86,0.86,0.73,0.86,0.86,0.86,0.86,0.85,0.86,0.86,0.86,0.86,0.85,0.86,0.86,0.86,0.86,0.86,0.86,0.86,0.86,0.86,-1.13,0.86,0.86,0.86,0.83,0.86,0.86,0.86,0.84,0.86,0.86,0.86,0.86,0.86,0.86,0.86,0.86,0.86,-1.17,0.85,0.86,0.85,0.86,0.84,0.75,0.86,0.86,0.84,0.86,0.86,0.86,0.86,0.86,0.86,0.86,0.85,0.86,0.85,0.84,0.86,0.86,0.86,0.86,0.86,0.85,0.86,0.86,0.86,0.86,0.86,0.86,0.86,0.86,0.86,0.85,0.83,-1.04,0.86,0.86,0.85,0.86,0.86,0.86,0.86,0.86,0.86,0.86,0.86,0.86,0.85,0.86,0.86,-1.03,0.86,0.86,0.86,0.8,-1.07,0.71,0.86,0.86,0.86,0.86,0.86,0.86,0.86,0.85,0.86,0.84,0.86,-1.15,0.86,0.83,-1.12,0.85,0.81,0.86,0.86,-1.06,0.84,-1.02,-1.13,0.85,-1.03,0.86,0.86,0.86,0.86,0.86,0.86,0.86,0.86,0.86,0.85,0.86,0.85,0.86,-1.09,0.86,0.86,-1.05,0.85,0.86,0.86,0.86,-1.12,0.86,0.86,0.86,0.86,0.84,0.86,0.86,-1.08,0.85,0.86,-1.0,0.86,0.86,-1.11,-1.07,0.86,0.86,0.85,0.85,0.83,0.86,0.85,0.86,0.86,0.85,0.86,0.86,0.86,0.86,0.86,0.86,0.86,0.86,0.73,0.86,0.84,-1.02,0.84,0.84,0.86,0.86,0.86,0.84,0.85,0.86,0.86,0.85,0.86,0.86,0.86,0.86,0.84,-1.07,0.81,0.86,0.86,0.86,0.86,0.84,0.84,0.86,0.85,0.86,0.86,0.86,0.86,0.86,0.83,0.86,0.84,0.86,0.86,0.86,0.86,0.83,0.86,0.86,0.86,0.84,0.86,0.86,0.86,0.86,0.71,0.85,0.86,0.85,0.84,0.86,0.86,0.76,0.86,0.86,0.86,0.86,0.86,0.86,0.86,0.85,0.84,0.86,0.86,0.86,0.86,0.84,0.71,0.86,0.86,0.86,0.86,0.86,0.82,0.86,0.85,0.86,0.85,0.86,-1.13,0.86,0.86,0.83,0.86,0.86,0.86,-1.12,0.86,0.86,0.86,0.86,0.84,0.86,0.84,0.86,0.86,0.86,0.86,0.86,0.86,0.86,0.84,0.79,0.86,0.86,0.86,0.86,0.86,0.86,0.86,0.86,0.86,0.86,-1.07,0.86,0.86,0.85,0.86,-1.12,0.86,0.86,0.86,0.86,0.84,0.86,0.86,0.86,0.86,0.84,0.86,0.86,0.86,0.86,0.86,0.86,0.86,0.86,0.86,0.86,0.86,0.75,0.86,0.85,0.86,0.86,0.82,0.86,0.86,0.85,0.86,0.86,0.86,0.86,-1.06,0.85,0.85,-1.0,0.86,0.86,0.86,0.86,0.86,0.81,0.86,0.72,0.86,0.86,0.86,0.86,0.85,0.86,0.86,-1.1,0.83,0.86,0.72,0.85,0.86,0.84,0.85,0.84,0.86,0.86,0.86,0.86,0.84,0.86,0.86,0.86,0.86,-1.03,0.84,-1.13,0.86,0.86,0.86,0.85,0.86,-1.12,0.85,0.86,0.86,0.84,-1.14,0.86,0.86,0.84,0.86,0.86,0.86,0.86,-1.07,0.86,0.86,0.84,0.86,0.86,0.86,0.86,0.86,0.86,0.86,0.86,0.86,0.86,0.86,0.86,0.86,0.86,0.86,0.86,0.86,0.86,0.86,0.8,0.84,0.86,0.85,0.86,0.86,0.86,0.86,-1.06,0.83,-1.1,0.86,0.86,-1.03,0.84,0.86,0.86,0.85,0.85,-1.0,0.86,0.86,0.86,0.86,0.86,0.85,0.86,0.86,0.86,0.84,0.86,0.86,0.86,0.86,0.86,0.86,0.86,0.86,0.86,0.86,-1.03,0.85,0.86,0.86,0.86,0.84,0.86,0.86,0.85,0.86,0.86,0.85,0.86,0.84,-1.01,0.85,0.86,0.8,-1.06,0.86,0.86,0.84,0.85,0.72,0.86,0.86,0.75,0.86,0.86,0.86,0.86,0.85,0.86,0.86,0.86,0.86,0.86,0.86,0.86,0.86,0.86,0.82,0.86,0.86,0.86,0.86,0.86,0.86,0.86,0.86,0.86,0.86,0.84,0.71,0.86,-1.09,0.86,0.86,0.86,0.86,0.86,0.73,0.86,-1.14,0.83,0.86,0.86,0.84,0.86,-1.18,0.86,0.74,0.86,0.86,0.86,0.82,0.86,0.72,0.86,0.85,0.86,0.86,0.86,0.86,0.85,0.69,0.86,0.86,-1.01,0.86,0.86,0.84,0.86,0.86,0.86,0.86,0.84,0.86,0.83,0.86,0.86,0.86,0.86,-1.02,0.82,0.85,0.86,0.86,0.86,0.86,0.86,-1.09,0.86,-1.1,0.68,0.86,0.86,0.73,0.86,0.86,0.86,0.86,0.86,0.86,0.85,0.86,0.86,0.86,0.86,0.86,0.86,0.86,0.86,0.86,0.86,0.86,0.85,0.86,0.86,0.86,0.86,0.85,0.86,0.86,0.86,0.86,0.86,-1.14,-1.06,0.85,0.86,0.86,0.86,0.86,0.86,0.86,-1.02,0.85,0.84,0.86,0.86,0.85,0.86,0.86,0.83,0.86,0.86,0.86,0.86,0.75,0.86,0.86,0.84,0.85,0.86,0.84,0.86,-1.08,0.85,0.86,0.86,0.86,0.86,0.86,0.86,0.85,0.86,0.86,0.86,0.85,0.86,0.85,-1.06,0.83,0.86,0.86,0.86,0.86,0.86,0.78,0.85,0.84,0.77,0.86,0.85,0.86,0.85,0.86,0.86,0.85,0.86,0.86,0.85,0.86,0.86,-1.14,0.86,0.86,0.84,0.86,0.86,0.86,0.86,0.86,0.78,-1.09,0.86,0.86,0.84,0.86,0.85,0.86,0.85,0.86,0.86,0.86,0.86,0.85,0.86,0.86,0.84,0.86,0.85,0.86,0.86,0.86,0.86,0.86,0.85,0.86,0.86,0.86,0.86,0.86,-1.05,0.85,0.86,0.86,0.85,0.85,0.86,0.86,0.86,0.86,0.86,0.84,0.86,0.86,0.86,0.86,0.86,0.86,0.85,0.78,0.86,0.86,0.86,0.86,0.84,0.86,0.86,0.86,0.81,0.86,0.85,0.86,0.86,0.86,0.85,0.86,0.73,0.86,0.85,0.86,0.86,0.86,0.86,0.86,-1.04,0.86,0.86,0.86,0.86,-1.1,0.86,-1.14,0.86,0.7,0.85,0.84,0.86,0.86,0.86,0.86,0.86,0.84,0.86,0.86,0.85,0.86,0.86,0.86,0.86,0.85,0.86,0.86,-1.0,0.86,0.86,0.86,0.86,-1.04,0.86,0.86,0.85,0.86,0.86,-1.04,0.84,0.85,0.86,0.86,0.85,0.86,-1.03,0.86,0.86,0.86,0.85,0.86,0.86,0.68,0.86,0.86,0.84,0.86,-1.12,0.84,-1.02,0.85,0.86,0.86,0.86,0.86,0.86,0.85,0.86,0.84,0.84,0.86,0.86,0.83,0.69,0.85,-1.08,0.82,0.86,0.84,0.85,0.86,0.79,0.85,0.86,0.86,0.86,0.86,0.86,0.86,0.86,0.86,0.86,0.86,0.86,0.86,0.86,-1.02,0.86,-1.09,0.86,0.83,0.86,0.86,0.85,0.86,-1.08,0.86,0.72,0.86,0.84,0.86,0.84,0.86,0.86,0.86,0.86,0.86,0.86,0.86,0.86,0.86,0.72,0.86,0.86,0.86,0.73,0.85,0.86,0.86,0.86,0.86,0.86,0.85,0.84,0.86,0.85,0.86,0.86,0.86,0.86,0.86,0.86,0.75,0.86,0.86,0.86,0.86,0.86,0.85,0.85,0.86,0.86,0.86,0.73,0.86,0.85,0.86,0.86,0.86,0.86,0.86,-1.14,0.85,0.86,0.86,0.84,0.86,0.86,0.86,0.86,0.86,0.86,0.86,0.86,0.86,0.86,0.86,0.86,0.86,0.85,0.86,0.85,0.86,0.86,0.86,0.86,0.86,0.86,0.86,-1.1,0.86,0.86,0.86,0.84,0.86,0.86,0.86,0.86,0.86,0.86,0.76,0.84,0.86,0.86,0.86,-1.13,0.86,0.8,0.86,0.86,0.86,0.86,0.86,0.86,0.85,0.84,0.85,0.86,-1.04,-1.14,0.86,0.86,0.86,0.86,-1.08,0.85,0.86,0.86,0.85,0.86,0.86,0.86,0.86,0.84,0.86,0.86,0.83,0.86,0.69,0.86,0.86,0.84,0.86,0.86,0.86,0.86,0.83,0.86,0.83,0.86,0.86,0.86,0.86,0.86,0.86,0.86,0.86,0.86,0.86,0.86,0.86,0.84,-1.11,0.76,-1.02,0.85,0.85,0.73,-1.02,0.86,0.86,0.86,0.85,0.83,0.83,0.86,0.86,0.76,0.84,0.86,0.86,0.86,0.83,0.86,0.86,-1.12,0.86,0.86,0.86,0.86,0.86,0.83,0.86,0.85,0.85,0.86,-1.08,0.86,0.86,0.86,0.86,0.86,0.86,0.69,0.82,0.86,0.86,0.86,0.86,0.86,-1.08,0.85,0.86,0.86,0.85,-1.07,0.86,0.86,0.86,0.84,0.83,0.86,0.86,0.83,0.86,0.86,0.86,0.86,0.86,0.86,0.86,-1.06,0.85,0.86,0.85,0.79,0.86,0.86,0.86,0.85,0.86,0.86,0.86,0.86,0.84,-1.01,0.85,0.86
0.84,0.77,-1.1,-1.02,0.83,-1.03,0.85,0.83,0.81,0.84,-1.07,0.8,-1.08,-1.05,-1.02,0.79,-1.05,-1.11,0.75,0.84,0.83,-1.2,0.75,-1.04,0.58,0.82,0.83,0.81,-1.16,0.79,0.86,0.85,0.86,-1.06,0.77,-1.13,0.84,-1.06,0.86,0.85,0.81,0.82,0.86,0.81,0.76,0.86,0.84,0.86,-1.07,0.83,0.7,0.77,0.86,0.81,0.83,0.86,0.86,0.86,0.86,0.86,0.86,0.86,0.86,0.86,0.86,0.85,0.84,-1.04,0.86,0.84,0.86,0.86,0.86,-1.08,0.86,0.86,-1.08,0.85,-1.06,0.86,0.86,0.86,0.86,0.86,0.86,0.86,0.86,0.86,0.86,0.86,0.86,0.86,0.86,0.86,-1.0,0.86,-1.01,0.75,-1.12,0.86,0.86,0.86,0.71,0.86,0.86,0.86,0.86,0.86,0.86,0.86,0.84,0.86,0.86,0.85,0.84,0.86,0.86,0.86,0.84,0.86,0.86,0.86,0.72,0.86,0.86,0.86,0.86,0.83,0.84,0.86,0.86,0.86,0.86,0.86,0.86,0.86,0.86,0.86,0.86,0.86,0.86,0.86,0.85,0.86,0.86,0.86,0.84,0.85,0.86,0.72,0.86,0.78,0.86,0.86,-1.06,0.86,0.86,0.86,0.86,0.84,0.86,0.86,-1.15,0.86,0.86,0.86,0.86,0.86,0.86,0.86,0.85,0.86,0.84,0.86,0.86,0.86,0.86,0.86,0.82,0.86,0.86,0.86,-1.02,0.84,0.86,0.86,0.86,-1.1,0.86,0.86,0.86,0.86,0.84,0.86,0.85,0.85,0.86,0.86,0.86,0.86,0.86,-1.0,0.86,0.86,0.86,0.86,0.86,0.84,0.72,0.86,-1.03,0.86,-1.06,0.86,0.84,0.86,0.86,0.86,0.86,0.74,0.86,0.73,0.86,0.86,0.86,0.86,0.86,0.85,0.84,0.85,0.86,0.86,0.86,0.86,0.86,0.86,0.86,0.86,0.82,0.85,0.86,0.86,0.86,0.86,0.86,0.86,0.86,0.86,0.84,0.86,0.86,0.86,0.86,0.86,0.86,0.83,-1.02,0.84,0.86,0.86,0.86,0.86,0.86,0.86,-1.1,0.84,0.86,0.79,-1.14,0.86,0.86,0.86,0.86,0.86,0.86,0.85,0.86,0.86,0.86,-1.03,0.86,0.84,0.86,0.86,0.86,-1.03,0.85,0.86,0.86,0.86,0.86,0.86,0.86,0.86,0.86,0.86,0.86,0.86,0.86,0.86,0.85,0.86,0.86,0.86,0.86,0.86,0.86,0.86,0.86,0.86,0.74,0.85,0.86,0.86,0.86,0.86,0.86,0.86,0.86,0.86,0.86,0.86,0.86,0.84,0.86,0.86,0.86,0.86,0.86,0.86,0.86,0.86,0.83,0.85,0.86,0.86,0.72,0.86,0.86,0.86,0.84,0.86,0.86,0.86,0.86,0.86,0.86,0.84,0.76,0.86,-1.07,0.86,0.86,0.85,0.84,0.81,0.86,0.86,0.86,-1.09,0.86,-1.1,0.86,0.86,0.86,0.84,-1.07,0.86,0.86,0.85,0.82,0.85,-1.11,0.86,0.86,0.86,0.74,0.86,-1.04,0.86,0.86,0.86,0.86,0.86,0.86,0.73,0.86,0.86,0.86,0.86,0.86,0.86,0.86,0.86,0.86,0.86,0.84,0.86,0.86,0.86,0.86,0.86,0.86,0.86,0.86,0.86,0.85,0.85,-1.1,0.86,0.86,0.86,0.86,-1.05,0.86,0.83,0.86,0.86,0.83,0.86,0.85,0.86,-1.03,0.85,-1.08,0.86,0.86,0.86,-1.04,0.86,0.86,0.86,0.86,-1.0,0.86,0.84,0.79,0.86,0.86,-1.08,0.86,0.86,0.86,0.86,0.76,0.86,0.86,0.86,0.86,0.86,0.86,0.86,0.86,0.86,0.86,0.86,0.86,0.86,0.86,0.86,0.86,0.86,0.86,0.86,0.86,0.86,0.86,0.86,0.86,0.86,0.86,0.86,0.86,0.86,0.85,-1.07,0.73,0.86,0.85,0.86,0.86,0.84,0.86,0.86,0.86,0.85,0.86,0.86,0.76,0.84,0.86,0.86,0.86,0.86,0.86,0.84,0.85,0.86,0.84,-1.12,0.86,0.86,0.86,0.86,0.86,0.84,0.85,0.86,0.82,0.86,0.86,0.86,-1.11,0.86,0.85,0.86,0.86,0.86,0.85,0.86,0.86,0.86,0.86,0.86,0.75,0.86,0.84,-1.14,0.86,0.86,0.86,0.86,0.86,0.86,0.86,0.86,0.86,0.86,0.86,0.86,0.84,0.86,0.86,0.86,0.86,0.73,0.86,0.86,0.84,0.86,0.86,0.84,0.86,0.86,0.86,0.86,0.86,0.86,0.86,0.86,0.86,0.86,0.86,0.86,0.86,0.86,0.75,0.86,0.86,0.84,0.86,0.86,0.86,0.85,0.84,0.86,0.86,0.86,0.86,0.86,0.85,0.86,0.86,0.86,0.86,0.86,0.86,0.86,0.86,0.86,0.84,0.86,0.86,0.84,0.86,0.86,0.86,0.86,0.86,0.86,0.86,0.86,0.86,0.84,0.85,0.86,0.86,0.86,0.86,0.86,0.85,0.86,0.77,0.86,0.86,0.85,0.86,0.86,0.86,0.86,0.85,-1.0,0.86,0.86,0.86,0.86,0.86,0.86,0.86,0.83,0.86,0.86,0.85,0.86,0.86,-1.02,0.86,0.77,0.86,0.84,0.86,0.85,0.86,0.86,0.85,0.86,0.86,0.86,0.86,0.86,0.86,0.86,0.86,0.86,0.86,0.85,0.86,0.86,0.86,0.86,0.86,0.86,0.86,0.86,0.86,0.86,0.86,0.86,-1.04,0.86,0.86,0.84,0.86,0.86,0.86,0.86,0.86,0.86,0.86,-1.14,0.86,0.85,0.72,0.86,0.86,0.86,0.86,0.86,0.86,0.86,0.86,0.84,0.86,0.86,0.86,0.86,-1.02,0.85,0.86,0.86,0.86,0.86,0.86,0.86,0.86,0.86,0.85,0.86,0.86,0.85,0.86,0.86,0.86,0.86,0.86,0.86,0.86,0.86,0.85,0.84,0.85,0.86,0.86,0.86,0.86,0.86,-1.02,-1.03,0.86,0.86,0.86,0.85,-1.07,0.85,0.86,0.85,0.76,0.86,0.86,0.86,0.86,0.86,0.86,0.85,0.86,0.86,0.86,0.86,0.86,0.86,0.83,0.86,0.86,0.84,0.83,0.86,0.86,0.86,0.86,0.85,0.86,0.73,0.86,0.84,0.86,0.84,0.86,0.86,0.86,0.86,0.86,0.86,0.86,0.86,0.86,0.86,0.85,0.84,0.85,0.84,-1.06,0.84,0.85,0.86,0.86,-1.12,0.86,0.85,0.86,0.83,0.86,0.86,0.86,0.86,0.86,0.86,0.84,0.85,0.86,0.86,0.86,0.86,0.86,0.86,0.86,0.86,0.86,0.86,0.86,0.75,0.86,0.86,0.86,0.86,0.85,0.86,0.86,0.86,0.86,0.69,0.86,0.86,0.86,0.86,0.86,-1.03,0.86,0.83,0.86,0.86,0.83,0.86,0.86,0.86,0.86,0.74,0.86,0.86,0.86,0.85,0.86,0.86,0.85,0.86,0.86,0.86,0.86,0.85,0.85,0.86,-1.1,0.86,-1.03,0.86,0.86,-1.08,0.86,0.86,0.86,0.86,0.86,0.86,0.86,-1.04,0.86,0.85,0.86,-1.13,0.86,0.86,0.7,0.86,0.86,0.84,0.86,0.86,0.86,0.86,0.86,0.86,0.86,0.86,0.86,0.85,0.86,-1.14,0.85,0.86,0.86,-1.03,0.86,0.86,0.86,0.86,0.86,0.76,0.86,0.86,0.86,0.86,0.86,0.81,0.86,0.85,0.85,0.84,0.86,0.86,-1.04,0.84,0.86,0.86,-1.12,0.86,0.86,0.86,0.86,0.84,0.84,0.8,0.84,0.73,0.86,-1.09,0.86,0.86,0.86,0.86,0.86,0.86,0.86,0.86,0.86,0.86,0.78,0.86,0.86,0.86,0.86,0.86,0.85,0.86,0.86,0.86,0.84,0.86,0.83,0.86,0.86,0.86,0.86,0.85,0.86,0.86,0.86,0.86,0.86,0.86,0.86,0.86,0.78,0.86,0.86,0.86,0.86,0.84,0.86,0.86,0.86,0.86,0.86,0.86,0.86,0.86,0.85,0.86,0.86,-1.09,0.85,0.85,0.84,0.84,0.86,0.86,0.86,0.86,0.86,0.86,0.73,0.86,-1.1,-1.11,0.84,0.71,0.86,0.85,0.86,0.86,0.86,0.86,0.81,0.86,0.86,0.86,0.71,0.85,0.86,0.72,-1.15,0.85,0.86,0.85,0.85,0.86,0.86,0.86,0.85,0.86,0.82,0.86,0.86,0.86,0.86,0.86,0.86,0.86,0.86,0.86,0.85,0.86,0.86,0.85,-1.16,0.86,-1.14,0.86,0.86,0.86,0.86,0.86,0.85,0.84,0.86,0.76,0.86,0.86,0.84,0.86,0.84,0.86,0.86,0.86,0.86,-1.03,0.86,0.86,0.86,0.71,0.86,0.86,0.78,0.86,0.86,0.86,0.86,0.86,0.86,0.86,0.86,0.84,0.86,0.85,0.86,0.74,-1.07,0.85,0.86,0.85,0.85,0.81,-1.05,0.86,0.86,0.85,0.86,0.86,0.86,0.86,-1.01,0.85,0.85,0.86,0.86,-1.12,0.85,0.86,-1.13,0.86,0.86,0.79,0.73,0.84,-1.13,0.81,0.85,0.86,0.84,0.84,0.85,-1.01,0.72,0.86,0.77,0.86,0.84,0.86,0.86,0.85,0.86,0.86,0.85,-1.1,0.86,0.86,0.86,0.86,0.86,0.86,0.85,0.85,0.86,0.86,0.84,0.86,0.86,0.85,0.86,0.86,0.86,0.86,0.86,0.85,0.86,0.86,0.85,-1.12,0.86,-1.13,0.86,0.86,0.86,0.86,0.86,0.86,0.86,0.86,0.84,0.86,0.86,0.86,0.86,0.86,0.73,0.86,0.86,0.86,0.86,0.86,0.86,0.86,0.86,0.86,0.86,0.86,0.86,0.85,0.86,0.86,0.72,0.86,0.86,0.85,0.86,0.86,0.86,0.86,0.86,0.86,0.86,0.86,0.84,0.86,0.86,0.86,0.86,0.86,0.86,0.86,0.86,0.86,-1.03,0.84,0.85,0.84,0.85,0.86,0.85,0.79,0.86,-1.07,0.86,0.85,0.86,0.86,0.86,0.86,0.86,0.86,0.86,0.86,0.86,0.86,0.86,0.86,0.86,0.86,0.86,0.86,0.86,0.86,0.86,0.86,0.86,0.85,0.85,0.86,0.86,0.86,0.86,0.86,0.86,0.86,0.86,0.86,0.86,0.86,0.84,0.82,0.86,0.84,0.86,0.85,0.86,0.86,0.86,0.73,0.86,0.86,0.86,0.86,0.86,0.86,-1.13,0.86,0.85,0.86,0.84,0.86,0.86,0.86,0.86,0.86,0.86,0.86,0.86,0.84,0.86,0.86,0.86,0.86,-1.13,0.86,0.59,0.85,0.86,0.86,0.74,0.85,0.86,0.86,-1.08,0.86,0.84,0.85,0.85,0.86,0.86,0.86,0.86,0.86,0.86,0.86,0.86,0.86,0.86,0.85,0.82,0.86,0.86,0.86,0.86,0.86,0.86,0.86,0.86,0.86,0.86,0.86,0.86,-1.08,0.86,0.86,0.86,0.86,0.85,0.86,0.85,0.86,0.86,0.86,0.86,0.86,0.86,0.86,0.86,0.85,-1.15,0.84,0.86,0.86,0.86,0.85,0.86,0.86,0.86,0.86,0.77,0.84,0.86,0.86,0.86,0.86,-1.14,0.86,0.84,0.86,0.84,0.86,0.76,0.85,0.86,0.86,0.86,-1.0,0.86,0.84,0.86,0.86,0.85,0.86,-1.12,0.82,0.86,-1.13,0.86,0.86,0.86,0.86,0.86,-1.03,0.69,0.86,0.86,0.84,0.86,0.86,-1.13,0.86,0.86,0.86,0.86,0.86,0.86,0.84,0.85,0.86,0.86,0.86,-1.12,0.86,0.86,0.86,0.86,0.86,0.86,0.86,0.85,0.86,0.86,-1.13,0.86,0.85,0.86,0.86,0.86,0.86,0.86,0.86,0.86,0.86,0.86,0.86,0.86,0.86,0.86,0.84,0.86,0.85,-1.02,0.85,0.86,0.85,0.86,0.86,-1.02,0.86,0.85,0.86,0.86,0.83,0.86,0.86,0.86,0.86,0.86,0.86,0.86,0.84,0.86,0.86,0.86,0.85,0.86,0.86,0.86,0.86,0.86,0.82,0.86,0.86,0.86,0.86,0.86,0.86,0.82,0.85,0.86,0.86,0.86,0.86,0.84,0.86,0.86,0.86,0.82,0.86,0.86,0.86,0.86,0.86,0.86,0.86,0.85,0.85,0.86,0.86,0.86,-1.03,0.86,0.84,0.86,0.86,0.86,-1.02,0.86,0.86,0.86,0.86,0.86,-1.08,0.86,-1.14,0.85,0.84,0.86,0.85,0.86,0.86,0.86,0.86,0.86,-1.01,0.86,0.86,0.85,0.85,0.85,0.86,0.86,0.83,0.86,0.86,0.85,0.84,0.86,0.84,0.86,0.86,0.86,0.86,0.86,-1.09,0.86,0.86,0.85,-1.12,-1.02,0.86,0.86,0.86,0.86,0.85,0.84,0.86,0.84,0.86,0.84,0.86,0.86,0.86,0.86,0.86,0.85,0.86,0.86,0.84,0.84,0.86,-1.12,0.75,-1.13,0.84,0.84,0.85,0.86,0.86,0.86,0.85,0.86,0.86,0.86,0.86,0.86,0.86,0.86,-1.05,0.83,0.86,-1.06,0.82,0.86,0.81,0.85,0.86,0.86,0.86,0.86,-1.12,0.85,0.86,0.86,0.86,0.84,0.86,0.77,0.86,0.85,0.74,0.86,0.86,0.86,0.85,0.86,0.86,0.85,0.86,0.86,0.86,0.86,0.85,0.86,0.85,0.86,0.74,0.83,0.86,0.86,0.86,0.86,-1.02,0.86,0.86,-1.16,0.86,0.86,0.85,0.86,0.86,0.83,0.86,0.86,0.84,0.86,0.86,0.86,0.85,0.86,0.85,0.86,0.86,0.83,0.83,0.85,0.86,0.86,0.86,0.86,0.86,0.86,0.86,0.86,0.86,0.86,0.86,0.86,0.86,0.86,0.76,0.86,0.86,0.86,0.86,0.86,0.86,0.86,-1.03,-1.12,0.86,0.85,0.86,0.86,0.85,0.86,0.86,0.86,0.85,0.86,0.86,0.86,0.86,0.84,0.86,-1.11,0.86,0.86,0.86,0.86,0.85,0.84,0.84,0.86,0.86,-1.12,-1.13,0.84,0.85,0.86,0.86,0.86,-1.12,0.86,0.86,0.86,0.86,0.86,0.85,0.86,-1.12,0.86,0.86,-1.05,0.85,0.86,0.85,0.86,0.86,0.85,0.86,0.86,-1.14,0.85,0.84,0.74,0.86,0.86,0.83,0.86,0.85,0.86,0.84,0.86,0.86,0.85,0.86,0.86,-1.12,0.82,0.84,0.86,0.86,0.86,0.86,0.86,0.81,0.86,0.85,0.85,0.86,0.86,0.72,0.86,0.85,0.86,0.86,-1.12,0.86,0.77,0.86,0.86,-1.06,0.81,0.86,0.86,0.84,0.86,0.83,0.85,0.86,0.86,0.86,0.86,0.84,0.85,0.86,-1.01,0.86,0.85,0.85,0.84,0.86,0.86,0.86,0.86,-1.11,0.86,0.86,0.86,0.86,0.84,0.86,0.86,0.84,0.86,0.86,0.86,0.86,0.86,0.82,0.86,0.86,0.86,0.84,0.86,0.86,0.86,0.86,0.86,0.85,0.86,0.86,0.86,0.86,0.84,0.86,0.86,0.86,0.73,0.86,0.86,0.85,0.86,-1.08,0.85,0.86,0.84,0.84,0.86,0.85,-1.14,0.85,0.85,0.86,0.85,0.68,0.85,0.85,0.86,0.69,0.86,-1.13,0.86,0.86,0.86,0.86,0.86,0.86,0.86,0.86,0.86,0.86,0.86,0.86,0.86,0.85,0.81,0.86,0.86,0.86,0.86,0.85,0.86,0.86,0.86,0.78,0.85,0.86,0.86,0.85,0.86,0.86,0.86,0.86,0.86,0.86,0.86,0.86,0.86,0.86,0.85,0.86,0.86,0.86,0.86,0.86,0.86,0.86,0.86,0.86,0.86,0.86,0.82,0.86,0.86,0.85,0.86,0.86,0.85,0.86,0.86,0.75,0.86,0.86,0.86,0.86,0.86,0.86,0.84,0.85,0.81,0.86,0.86,0.86,0.86,-1.02,0.83,0.86,-1.09,0.86,0.84,0.86,0.86,0.85,0.86,-1.01,0.85,0.86,0.86,0.85,0.86,0.71,0.86,0.86,0.84,0.86,-1.0,-1.02,0.8,0.86,0.84,-1.08,0.86,0.83,0.86,0.86,0.86,0.84,0.86,0.86,0.84,0.86,0.86,0.86,-1.1,0.85,0.86,0.82,0.86,0.86,0.86,0.85,0.86,0.86,0.86,0.84,0.86,0.86,0.86,0.86,0.86,-1.0,0.85,0.84,0.84,0.86,0.86,0.86,0.85,-1.07,0.86,0.86,0.86,0.86,0.86,0.86,0.86,0.86,0.85,0.86,0.86,0.86,0.86,0.86,0.85,0.86,0.86,0.86,0.86,0.86,0.86,0.86,0.86,0.86,0.85,0.86,0.86,0.86,0.86,0.86,0.86,0.86,0.86,0.86,-1.12,0.86,0.86,0.81,0.86,0.86,0.86,0.86,0.86,0.79,0.86,0.86,0.86,0.86,0.85,0.86,0.86,0.84,0.86,0.86,0.86,0.65,0.86,0.86,0.86,0.86,0.76,-1.07,0.84,0.85,0.84,0.86,0.86,0.86,0.86,0.85,0.86,-1.02,0.86,0.86,0.86,0.86,0.86,0.86,0.86,0.85,0.86,-1.0,0.84,0.75,0.85,-1.14,0.86,0.86,-1.07,0.86,0.86,0.86,0.86,0.86,0.86,0.86,0.86,0.86,0.86,0.86,0.85,-1.08,0.86,0.86,0.86,0.86,0.85,0.86,0.86,0.86,-1.09,-1.01,0.86,0.8,0.86,0.86,0.86,0.86,-1.03,0.86,0.86,0.79,0.86,0.86,0.86,0.86,0.86,0.86,0.86,0.84,0.85,0.86,0.86,0.86,0.85,0.86,0.86,0.86,0.86,0.85,0.86,0.86,0.86,0.82,0.86,0.86,0.86,0.86,0.86,0.86,0.86,0.86,0.86,0.86,0.84,0.86,0.84,0.86,0.86,0.86,0.86,0.86,0.86,0.84,0.86,0.86,-1.07,0.85,0.86,0.74,0.86,0.86,-1.12,0.84,0.86,0.86,0.86,0.86,0.86,0.86,-1.13,0.86,0.86,0.86,0.86,0.86,0.86,0.8,0.84,0.86,-1.0,0.86,0.86,0.86,0.86,0.85,0.86,-1.02,0.86,0.8,0.63,0.86,0.86,0.86,0.85,0.85,0.84,0.86,0.86,0.86,0.86,0.85,0.86,0.86,0.86,0.86,0.86,0.86,0.86,0.86,0.86,0.86,0.84,0.86,0.86,0.85,0.86,0.86,0.86,0.86,0.86,0.85,0.85,0.85,0.76,0.84,-1.08,0.86,0.85,0.86,0.86,0.86,0.86,0.86,0.86,0.86,-1.14,0.85,0.83,0.79,0.85,0.86,0.86,0.86,0.86,0.86,0.86,0.83,0.84,0.86,0.86,0.85,0.86,-1.0,0.86,0.86,0.86,0.86,0.86,0.86,0.86,0.84,0.86,0.84,0.85,-1.02,0.86,0.86,0.75,0.86,0.86,0.86,0.86,0.86,0.86,0.86,-1.12,0.86,0.76,0.86,0.86,0.86,0.85,0.84,0.86,0.86,0.86,0.86,0.86,0.86,0.83,0.86,0.86,0.86,0.86,0.86,0.86,0.86,0.85,0.84,0.84,0.84,0.86,0.84,0.86,0.86,0.86,-1.0,0.86,0.86,0.86,0.86,0.86,0.86,0.85,0.86,0.86,0.86,0.84,0.86,0.86,0.86,0.86,0.86,0.86,-1.02,0.83,0.85,0.86,0.86,0.86,0.86,0.86,0.86,0.86,-1.04,0.86,0.86,0.86,0.86,0.86,0.86,0.86,0.86,0.8,0.86,0.78,0.86,0.86,0.86,0.86,0.85,0.86,0.86,0.86,0.86,0.86,0.84,0.86,0.86,0.86,0.86,0.86,0.84,0.86,0.86,0.86,0.86,0.86,0.86,0.83,0.86,0.85,0.86,0.86,0.84,0.86,0.72,0.86,0.86,0.84,-1.02,0.86,0.86,0.86,0.86,0.86,0.86,0.86,0.86,0.86,0.83,0.86,0.86,0.86,0.8,0.84,0.86,0.86,0.86,0.85,0.86,0.86,0.86,0.8,0.86,0.86,0.86,0.86,0.82,0.86,0.86,0.86,0.86,0.84,0.86,0.86,0.86,0.84,0.86,0.86,-1.08,0.83,0.86,0.86,0.86,-1.0,0.86,0.86,0.86,0.86,0.84,0.86,0.86,0.86,0.84,-1.0,0.85,0.86,0.84,0.86,0.86,0.86,0.86,0.85,0.84,0.84,0.85,0.86,0.86,0.86,0.86,0.86,-1.11,0.86,0.85,0.86,0.86,0.86,0.86,0.86,0.85,0.85,0.85,0.86,0.83,0.86,0.86,0.86,0.76,0.85,0.86,0.86,0.86,0.86,0.85,-1.11,0.86,-1.0,0.86,0.84,0.85,0.86,0.71,0.86,0.75,0.86,0.85,0.86,0.84,0.86,0.86,0.84,0.86,0.86,0.86,0.84,0.86,0.86,0.86,0.86,-1.09,0.83,0.86,0.83,0.85,0.86,0.86,0.85,0.85,0.86,0.86,0.85,0.86,0.86,0.86,0.84,0.86,0.86,0.76,-1.04,0.84,0.85,0.85,0.86,0.86,0.86,-1.01,0.86,0.86,0.86,0.86,0.86,0.84,0.86,0.86,0.86,0.86,0.86,0.86,0.86,0.86,0.86,0.86,0.86,0.86,0.85,0.86,0.86,0.86,0.86,0.86,-1.13,-1.06,0.86,0.86,0.86,0.86,0.86,0.86,0.84,0.86,0.86,0.86,0.86,0.86,0.86,0.86,0.86,0.85,0.86,0.84,0.83,0.86,0.86,0.86,0.86,0.86,0.86,0.86,0.86,0.86,0.86,0.86,0.86,0.86,0.86,0.84,0.86,0.85,0.85,0.79,0.85,0.86,-1.03,0.84,0.84,0.85,0.86,0.86,0.86,0.84,0.83,0.86,0.86,0.85,0.85,0.86,0.86,0.86,0.86,0.86,0.86,0.86,0.86,0.86,0.84,0.86,0.86,-1.13,0.86,0.86,0.86,0.79,0.86,0.86,0.86,0.84,0.86,0.86,0.84,0.86,0.85,0.86,0.86,0.84,0.86,0.86,0.86,0.86,0.86,0.74,0.85,0.85,0.86,-1.04,0.76,0.86,0.86,0.86,0.86,0.79,0.86,0.86,0.85,0.86,0.86,0.86,0.86,0.86,0.86,0.86,0.86,0.86,0.86,0.86,-1.02,0.86,0.85,0.85,0.85,0.85,-1.12,0.86,0.86,0.86,0.86,0.86,0.86,0.86,0.86,0.85,0.86,0.81,0.86,0.86,0.86,0.86,0.75,0.86,0.86,0.86,0.86,0.86,0.86,0.86,0.86,0.86,0.86,0.85,0.86,0.86,0.86,0.86,0.86,0.86,0.86,0.86,0.86,0.81,0.86,0.86,-1.06,0.85,0.86,0.86,0.84,0.85,-1.09,0.86,0.85,0.86,0.86,0.84,0.86,0.86,0.86,0.86,0.86,0.86,-1.0,-1.15,0.86,0.86,0.86,0.86,0.86,-1.05,0.85,0.71,0.86,0.86,0.86,0.86,0.86,0.85,0.86,0.86,0.86,0.86,0.86,0.85,0.86,0.86,0.86,0.86,-1.03,0.84,0.86,0.86,0.86,0.86,0.82,0.86,0.86,0.86,0.86,-1.06,0.85,0.86,0.86,0.86,0.86,0.86,0.85,0.86,0.79,0.86,0.86,0.86,0.84,0.86,0.86,0.86,0.86,0.86,0.86,0.86,0.86,0.78,0.86,0.86,0.85,0.84,0.86,0.86,0.82,0.86,0.86,0.85,-1.04,0.86,0.85,0.86,0.86,0.86,0.86,0.86,0.86,0.86,0.84,0.86,0.86,0.85,0.8,0.86,0.86,0.86,0.86,-1.02,0.86,0.86,0.83,0.86,0.86,0.86,0.86,0.86,0.86,0.86,0.86,0.86,0.86,-1.08,0.86,0.86,0.86,-1.09,0.84,0.86,0.86,0.86,0.86,0.86,0.85,0.85,0.86,0.86,0.86,0.85,0.84,0.86,0.86,0.86,0.86,0.86,0.86,0.86,0.86,-1.0,0.86,0.86,-1.12,-1.04,0.85,0.86,0.86,0.86,0.86,0.86,-1.03,0.86,0.77,0.85,0.85,0.86,0.86,0.85,0.86,0.83,0.84,0.86,0.86,0.86,0.86,0.86,0.86,0.85,0.86,-1.13,0.86,-1.05,0.86,0.84,-1.13,0.86,0.86,0.86,0.85,0.83,0.85,0.86,0.86,0.83,0.84,0.73,0.86,0.86,-1.02,0.84,0.86,0.69,0.85,0.86,0.86,0.86,0.85,0.86,0.85,0.86,0.85,0.86,0.85,0.86,0.86,0.86,0.86,0.86,0.86,0.86,0.86,0.86,0.86,0.86,0.85,0.85,-1.02,0.85,0.86,0.86,0.86,0.85,0.86,0.86,0.86,0.86,0.86,0.86,0.86,0.86,0.86,0.86,0.86,0.85,0.73,0.86,0.85,0.86,0.86,0.86,0.86,0.86,0.86,0.86,0.86,0.86,0.84,0.86,0.86,0.86,0.86,0.86,0.86,0.86,0.86,0.86,0.86,0.86,0.85,0.86,-1.08,0.84,0.86,0.83,0.86,-1.07,0.84,0.84,0.86,0.86,0.85,0.86,-1.01,0.86,0.86,0.86,0.79,0.86,0.86,0.86,0.85,0.86,0.86,0.84,0.86,0.86,0.86,0.86,0.86,0.86,0.86,0.86
-1.14,-1.05,-1.01,0.81,0.8,-1.11,-1.11,-1.02,-1.11,0.7,0.84,-1.1,-1.12,-1.16,0.73,0.79,-1.14,-1.05,0.77,0.7,0.83,-1.06,-1.17,0.64,0.81,0.79,0.81,-1.18,0.85,-1.03,-1.16,-1.03,0.68,-1.11,0.84,0.85,0.61,0.85,0.8,0.78,0.83,0.84,0.65,0.84,0.86,0.83,0.63,0.82,0.83,0.83,0.85,0.77,0.81,0.85,0.85,0.77,0.84,0.86,0.86,0.86,0.84,0.86,0.86,0.86,0.86,0.86,0.86,-1.16,0.78,0.86,0.86,0.86,0.85,0.86,0.86,0.86,0.86,0.86,0.8,0.86,0.86,0.86,0.85,0.86,0.84,0.86,-1.13,0.86,0.86,0.86,-1.08,0.86,0.86,0.84,-1.04,0.85,0.71,0.86,0.86,0.86,0.86,0.86,0.86,0.86,0.86,0.86,0.86,-1.07,-1.01,0.86,0.85,0.86,0.86,-1.1,0.86,0.86,-1.06,0.86,0.86,0.86,0.86,0.7,0.85,0.86,0.85,0.86,0.84,0.85,0.86,0.86,0.84,0.86,0.86,0.86,0.86,0.86,0.85,0.86,0.86,0.86,0.84,0.86,0.85,0.86,0.82,0.86,0.84,0.83,0.86,0.86,0.85,0.86,0.86,0.71,0.86,0.86,0.83,0.86,0.85,0.86,0.83,0.86,0.86,0.76,0.84,0.86,0.86,0.86,0.86,0.86,0.85,0.86,0.75,0.84,0.86,0.86,0.85,0.86,0.86,0.86,-1.06,0.86,0.86,0.83,0.86,0.85,-1.14,0.86,0.86,0.86,0.86,0.86,0.86,0.86,0.85,0.86,0.86,0.85,0.86,0.86,0.84,0.86,0.86,0.86,0.86,-1.0,0.86,0.85,0.84,0.86,0.86,0.85,0.86,0.86,0.86,0.86,0.86,0.86,0.86,0.86,0.86,0.86,0.86,-1.13,0.83,0.86,0.86,0.85,-1.11,0.85,0.86,0.7,0.86,0.86,0.86,-1.07,0.86,0.85,0.86,0.86,0.86,0.86,0.86,0.86,0.85,0.86,0.86,0.86,0.86,0.86,0.86,0.86,0.83,0.86,0.85,-1.08,0.86,0.86,0.86,0.86,0.86,0.86,0.85,0.86,0.86,0.86,0.86,0.86,-1.01,0.67,0.86,-1.08,0.86,0.86,0.86,0.86,0.86,0.85,0.86,-1.1,0.86,0.86,0.86,0.86,0.86,0.85,0.86,0.86,0.82,0.84,0.78,0.82,0.86,0.85,0.86,0.86,0.86,0.86,0.84,0.86,0.86,0.76,0.83,0.86,0.86,0.85,-1.06,0.86,0.84,0.86,0.86,0.86,0.86,0.86,0.86,0.86,0.86,0.86,0.86,-1.1,0.76,0.86,0.86,0.86,0.86,0.86,-1.04,0.86,0.86,0.86,0.85,0.86,0.86,0.84,0.86,0.86,0.86,0.86,-1.02,0.86,0.86,0.86,0.86,0.78,0.86,0.86,0.86,0.85,0.86,0.86,0.86,0.84,0.86,-1.07,0.85,0.86,0.85,0.86,0.86,0.86,0.86,0.86,0.86,0.86,0.84,0.82,0.86,0.85,0.86,0.86,0.86,0.8,0.86,0.86,0.86,0.86,0.86,0.66,0.86,0.86,0.86,0.77,0.86,0.71,0.86,0.86,-1.03,0.85,0.84,-1.1,0.85,0.86,0.86,0.86,0.83,0.86,0.86,0.86,-1.09,0.86,0.86,0.86,0.84,0.86,-1.08,0.74,0.86,0.86,0.86,0.85,0.86,0.85,0.86,0.86,0.86,0.86,0.86,0.84,0.86,0.85,0.84,0.86,0.77,0.86,0.85,0.86,0.86,0.86,-1.14,0.86,0.86,0.86,0.86,0.84,0.86,0.86,0.86,0.86,0.86,0.86,0.86,0.86,0.86,0.86,0.86,0.84,0.86,-1.05,0.86,0.86,0.86,0.86,0.86,0.86,0.86,0.86,0.85,0.86,0.84,0.86,0.86,0.86,0.86,0.86,0.86,0.86,-1.14,0.86,0.86,0.86,0.86,0.86,0.86,0.86,0.86,0.86,0.82,0.86,-1.03,0.86,0.86,0.86,0.86,0.86,0.86,0.86,0.86,0.86,0.86,0.85,0.86,0.86,0.86,0.86,0.86,0.86,0.86,0.85,0.86,0.84,0.85,-1.18,0.86,0.86,0.86,0.86,0.86,0.86,-1.05,0.86,0.85,0.86,0.86,0.85,0.86,0.7,0.85,0.86,0.76,0.86,0.86,0.86,0.86,0.84,0.86,0.86,0.86,0.86,0.86,0.86,0.86,0.85,0.86,0.86,0.84,0.85,0.86,0.84,0.86,0.86,0.86,0.84,0.86,0.86,0.86,0.86,0.86,0.86,-1.13,0.86,0.84,0.83,0.86,0.86,-1.02,0.86,0.86,0.86,0.86,0.86,0.86,0.81,0.86,0.86,0.85,0.86,0.86,0.77,0.86,-1.04,0.86,0.86,0.86,0.86,0.86,0.85,0.84,0.86,-1.05,-1.07,0.86,0.86,0.86,0.86,0.86,0.86,0.85,0.86,0.84,0.86,0.86,0.86,0.86,0.86,0.86,0.84,0.85,0.86,0.86,0.86,0.86,0.86,0.86,0.86,0.83,0.86,0.86,0.84,0.84,0.86,0.86,0.86,0.86,0.86,0.86,0.86,0.86,0.86,-1.03,0.75,0.86,0.86,0.86,-1.12,0.86,0.86,0.86,0.86,0.86,0.86,0.84,0.86,0.86,0.86,0.86,0.86,0.86,0.86,0.86,0.8,0.86,-1.06,0.86,0.86,0.86,0.84,0.85,0.84,0.86,0.86,0.86,0.86,0.86,-1.09,0.86,0.85,0.86,-1.1,0.86,0.86,0.85,0.86,0.86,0.85,0.85,0.86,0.86,0.86,0.85,0.86,0.86,-1.17,0.77,0.86,0.84,0.8,0.86,0.84,0.84,0.85,0.85,-1.02,0.85,0.85,0.86,0.86,0.84,0.86,0.86,0.86,0.86,0.86,0.86,0.86,0.86,0.86,-1.11,0.86,0.86,0.86,0.86,0.86,0.86,-1.13,0.86,0.86,0.86,0.86,0.84,0.86,0.86,0.86,0.86,0.86,0.84,-1.15,0.86,0.86,-1.16,0.86,0.86,0.86,0.86,0.86,0.86,0.86,0.86,0.86,0.86,0.86,0.86,0.86,0.84,0.86,0.86,0.86,0.86,0.86,0.86,0.86,0.84,0.86,-1.15,0.83,0.86,0.86,0.86,0.85,0.86,0.86,0.86,0.86,0.86,-1.12,0.86,-1.06,0.86,0.86,0.86,0.86,0.85,0.84,0.85,0.86,0.86,0.86,0.86,0.86,0.74,0.85,0.86,0.85,0.86,0.86,0.86,0.86,0.86,0.86,0.83,0.85,0.85,0.86,0.86,0.86,0.77,0.86,0.83,0.86,0.86,0.86,0.86,0.86,0.86,0.71,0.86,0.86,0.86,0.86,-1.06,0.86,0.86,0.86,0.85,0.86,0.71,0.86,0.86,0.86,0.85,0.86,0.86,0.86,0.86,0.86,0.86,0.86,0.86,0.86,0.86,0.86,0.86,0.86,0.86,0.86,0.86,0.86,0.74,0.86,-1.06,0.86,0.86,0.86,0.86,0.86,-1.09,0.86,0.86,0.86,0.86,0.86,0.86,-1.08,0.86,0.86,0.85,0.86,0.85,0.86,0.75,0.86,0.86,0.85,0.86,-1.05,0.7,0.86,0.86,0.86,0.86,0.86,0.82,0.86,0.86,0.86,0.86,0.86,0.86,0.86,0.86,0.86,0.86,0.86,0.86,0.86,0.86,0.86,0.86,0.86,0.86,0.86,0.86,0.85,0.86,0.86,0.86,0.86,0.86,0.85,0.84,0.85,0.86,0.86,0.86,0.86,0.86,-1.03,0.86,0.86,0.84,0.86,-1.1,0.86,0.86,0.86,0.86,0.86,0.86,0.86,0.86,0.86,0.86,0.86,0.86,0.86,0.86,-1.07,0.86,0.86,0.86,0.86,0.86,-1.11,0.86,0.8,0.85,0.73,0.86,0.86,0.86,0.86,0.83,-1.11,0.86,0.86,0.86,0.85,-1.12,-1.08,0.86,0.86,0.86,0.86,0.85,0.86,0.86,0.86,0.86,-1.15,0.82,0.86,0.86,0.86,0.84,0.86,0.86,0.86,0.86,0.86,0.86,-1.03,0.86,-1.08,0.85,0.84,0.84,0.86,0.84,0.85,0.84,0.86,0.85,0.86,0.86,0.86,0.84,0.86,0.61,0.86,0.86,0.86,0.86,0.86,0.86,0.85,0.86,-1.01,0.85,0.86,0.86,0.85,-1.13,0.85,0.86,0.85,0.86,0.83,0.86,0.86,0.86,0.85,0.86,0.86,0.86,-1.12,0.86,0.86,0.86,0.86,0.86,0.85,0.86,0.86,0.85,0.85,0.86,0.86,0.86,-1.02,0.86,0.8,0.86,0.86,0.86,0.86,0.86,0.86,0.86,-1.03,0.86,0.86,0.85,0.86,0.84,0.84,0.86,0.75,0.86,0.86,0.86,0.86,0.86,0.84,0.86,0.86,0.86,0.86,0.86,0.86,0.85,-1.12,0.86,0.86,0.76,0.86,0.86,0.86,-1.13,0.85,0.86,0.86,0.86,0.86,0.86,0.86,0.86,0.86,0.86,0.86,0.86,0.86,0.86,0.86,-1.09,0.86,0.86,0.86,0.86,0.86,0.86,0.78,-1.08,0.84,0.86,0.86,0.86,-1.05,0.86,-1.02,0.86,0.86,0.86,0.78,0.7,0.86,0.86,0.86,0.86,0.85,0.86,-1.06,0.86,0.86,-1.04,0.86,0.86,0.86,0.86,0.86,0.84,0.85,0.86,0.86,0.86,0.86,0.86,0.86,0.86,0.86,0.86,0.86,0.86,-1.13,0.86,0.86,0.83,0.86,0.86,0.85,0.85,0.86,0.86,0.86,-1.03,0.85,0.86,0.86,0.86,0.85,0.86,0.86,0.86,0.85,0.86,0.84,0.86,0.86,0.86,0.86,0.86,0.86,0.86,0.86,0.86,-1.03,0.86,-1.15,0.86,0.82,0.86,0.86,0.86,0.86,0.86,0.84,0.86,0.86,0.86,0.86,0.85,0.84,0.83,0.86,0.86,0.86,0.86,0.86,0.86,0.86,0.86,0.86,0.86,0.85,0.86,0.86,0.86,0.86,0.84,0.85,0.86,0.86,0.86,0.86,0.86,0.86,0.86,0.86,0.86,0.7,0.86,0.86,0.85,0.86,0.86,0.86,0.86,0.85,0.86,-1.04,0.86,-1.02,0.86,0.85,0.86,0.86,0.86,0.86,0.86,0.86,0.86,0.84,0.86,0.86,0.86,0.86,0.86,0.86,0.86,0.86,0.86,0.86,0.84,0.86,0.86,0.86,0.86,0.86,0.84,0.74,-1.09,0.86,0.84,0.86,0.86,0.86,0.86,0.86,0.86,0.86,0.86,0.86,0.86,0.86,0.86,0.86,0.86,0.86,0.86,0.84,0.72,0.85,0.86,0.86,0.86,0.75,0.86,0.86,0.86,0.84,0.86,0.86,0.86,0.84,0.85,0.86,0.86,0.86,0.86,0.86,0.86,0.84,0.86,0.86,0.85,-1.02,0.86,0.86,0.86,0.86,0.86,0.86,0.86,-1.07,0.86,0.85,0.84,0.86,0.86,0.86,0.86,0.86,0.86,0.84,0.86,0.86,0.86,0.86,0.86,0.84,0.86,0.86,0.86,0.76,0.86,0.86,-1.11,-1.02,0.84,0.86,0.86,0.86,0.86,0.86,0.86,0.82,-1.09,0.86,0.86,0.85,0.85,0.77,0.86,0.86,0.86,0.86,0.86,0.86,0.86,0.86,0.86,0.76,0.85,0.86,0.85,0.86,0.86,0.86,0.86,0.79,0.86,0.86,0.86,0.86,0.8,0.85,0.86,0.71,0.86,0.86,0.86,0.86,0.86,0.86,0.85,0.86,0.86,0.86,0.86,0.86,0.86,-1.14,0.86,0.85,0.86,0.86,0.86,0.86,0.86,0.86,0.86,0.71,0.86,0.86,0.86,0.86,0.86,0.86,0.84,0.86,0.86,0.86,0.86,0.86,0.86,0.86,-1.02,0.84,0.86,0.86,0.86,0.86,0.86,0.86,0.86,0.85,0.86,0.86,0.86,0.86,0.86,0.86,0.85,0.86,0.86,0.86,0.86,0.83,0.86,0.86,0.86,0.86,0.86,0.86,0.84,0.85,0.86,0.86,0.86,0.86,0.86,0.86,0.86,0.84,0.86,0.86,0.84,0.86,0.86,0.86,0.86,0.86,0.85,0.86,0.86,0.86,0.86,0.86,0.86,0.86,0.84,0.86,0.86,0.84,0.86,0.86,0.86,0.86,0.86,0.79,-1.05,0.86,0.86,-1.03,0.85,0.86,0.84,0.86,0.84,0.74,0.86,-1.07,0.84,0.86,0.86,0.85,0.86,0.86,0.86,0.86,0.86,0.85,-1.04,0.85,0.85,0.84,0.86,0.86,0.86,0.86,0.86,0.86,0.86,0.84,0.85,0.86,0.83,0.86,0.86,0.86,0.85,0.86,0.86,0.85,0.85,0.86,0.86,0.83,-1.1,0.83,0.86,0.85,0.86,0.86,0.86,0.85,0.86,0.85,0.86,0.86,0.86,0.84,0.85,0.86,0.86,0.86,0.84,-1.05,0.86,0.86,0.86,0.85,0.86,0.86,0.86,0.86,0.86,0.86,0.86,0.85,0.86,-1.02,0.85,0.86,0.85,0.71,0.86,-1.07,-1.07,0.84,0.86,0.84,0.85,0.86,0.86,0.84,0.86,0.86,-1.02,0.85,0.8,0.86,0.85,0.85,0.86,0.86,0.86,0.86,0.86,0.86,0.86,0.86,0.79,0.86,-1.02,0.86,0.84,0.86,0.73,0.86,0.86,0.86,0.86,0.86,0.86,0.86,0.86,0.84,0.86,0.85,0.86,0.81,0.86,0.86,0.86,0.86,0.86,0.86,0.86,0.86,0.86,0.86,0.86,0.8,0.86,0.86,0.86,0.86,0.86,0.86,-1.28,0.86,0.84,0.86,0.85,0.84,0.86,0.86,0.85,0.86,0.86,0.86,0.84,0.85,-1.02,0.86,0.86,-1.13,0.86,0.86,0.85,0.86,0.86,0.83,0.86,0.86,0.86,0.86,0.86,0.86,0.86,0.86,0.86,0.68,0.86,0.84,0.86,0.86,0.86,0.86,0.85,0.86,0.86,0.86,0.84,0.83,0.86,0.82,0.86,0.86,0.86,0.86,0.84,0.86,0.86,0.86,0.86,-1.0,0.86,0.85,0.86,0.86,0.85,-1.03,0.86,-1.03,0.85,0.86,0.85,0.86,0.86,0.86,0.86,0.84,0.86,0.85,0.86,0.84,0.86,0.85,0.86,0.86,0.86,0.86,0.86,0.86,0.86,0.86,0.84,0.86,0.86,0.86,0.86,0.86,0.86,0.86,0.86,0.86,0.86,0.86,0.86,0.86,0.86,0.86,0.86,0.86,0.86,0.86,0.86,0.86,0.84,0.86,0.86,0.85,0.86,0.86,0.86,0.72,0.86,0.86,0.86,0.86,0.86,0.86,0.86,0.86,0.86,-1.1,0.86,0.86,0.85,0.86,0.86,0.74,0.85,0.85,0.85,0.86,0.86,0.86,0.86,0.86,0.86,0.86,0.86,0.86,0.86,0.85,0.86,0.86,0.83,0.86,0.86,0.86,-1.16,0.83,0.86,0.86,0.86,0.85,0.86,0.86,0.86,0.84,0.86,0.86,-1.0,0.86,0.86,0.86,0.86,0.85,0.86,0.86,0.86,0.85,0.86,0.86,0.86,0.85,0.86,0.86,0.8,0.85,0.85,0.84,0.84,0.86,-1.06,0.86,0.86,0.86,0.85,0.83,0.86,0.86,0.86,0.86,0.83,0.85,0.86,0.86,0.86,0.86,0.86,0.86,0.86,0.86,0.86,0.86,0.84,0.79,0.86,0.86,0.86,0.7,0.86,0.86,0.86,0.86,0.86,0.77,0.86,0.85,0.86,0.86,0.86,0.86,0.86,0.86,0.86,0.86,0.83,0.86,0.86,0.86,0.86,0.86,0.86,0.86,0.86,0.86,0.86,0.86,0.86,0.86,0.86,0.86,0.86,0.86,0.82,0.86,0.86,0.86,0.73,0.86,0.86,0.86,0.84,0.86,0.86,0.86,0.86,0.86,0.86,0.86,0.86,0.86,0.85,0.85,0.71,0.86,-1.06,0.86,0.86,0.86,0.86,0.86,0.86,0.75,0.85,0.85,0.86,0.85,0.86,0.85,0.86,0.86,0.86,0.86,0.86,0.86,0.86,-1.03,0.86,0.85,0.86,0.85,0.86,0.86,0.85,0.86,0.86,0.86,0.86,0.86,0.86,0.86,0.86,0.86,0.86,0.86,0.86,0.86,0.74,0.86,0.86,0.86,-1.1,0.86,0.86,0.86,0.85,-1.13,0.85,0.84,0.86,0.86,0.86,0.85,0.86,0.84,0.85,0.84,-1.05,0.86,0.86,0.86,0.85,0.86,0.86,0.83,0.78,0.86,0.86,0.86,0.86,0.86,0.86,-1.02,0.86,0.85,0.85,0.86,0.8,0.71,0.86,-1.05,0.86,0.84,0.86,0.84,-1.02,0.86,0.85,0.85,0.85,0.86,0.84,0.85,0.86,0.86,0.83,0.86,-1.06,0.86,0.86,0.86,0.83,0.86,0.86,0.86,0.85,0.86,0.86,0.86,0.86,0.86,0.85,0.86,0.86,0.86,0.86,0.86,0.86,0.84,0.86,0.86,-1.03,0.84,0.86,0.86,0.86,0.86,0.86,0.86,0.86,0.86,0.85,0.84,0.86,-1.13,0.86,0.86,0.86,0.86,0.86,0.86,0.85,0.86,0.85,-1.02,0.86,0.86,0.86,0.86,0.86,0.86,0.86,0.86,0.86,0.86,0.86,0.86,-1.06,0.84,0.85,0.86,0.85,0.86,0.86,0.86,0.86,0.86,0.86,0.86,0.85,0.85,0.86,0.86,0.86,0.86,0.86,0.85,0.85,0.86,0.86,0.86,0.86,0.86,0.85,0.86,0.84,0.86,0.79,0.73,0.86,0.86,0.86,0.86,0.86,0.84,0.86,0.85,0.84,0.85,0.86,-1.13,0.86,0.86,0.86,0.86,0.86,0.83,0.71,0.86,0.86,0.86,0.86,0.86,0.86,-1.1,0.86,0.85,0.85,0.82,0.86,0.85,0.84,0.85,0.86,0.86,0.86,0.86,0.85,0.86,0.85,0.86,0.86,0.74,0.83,0.86,0.86,0.85,0.86,0.86,0.86,0.85,0.86,0.86,0.86,0.86,0.86,0.86,0.81,0.86,0.86,0.84,0.86,0.86,0.86,0.84,0.86,0.85,0.86,0.71,0.86,0.84,0.82,0.86,0.86,0.86,0.86,0.86,0.86,0.86,0.86,0.86,0.86,0.86,0.86,0.86,0.86,0.75,-1.06,0.85,0.84,0.86,0.86,0.75,0.86,0.86,0.86,0.86,0.86,0.86,0.86,0.86,0.86,0.86,0.86,0.86,0.86,0.86,0.86,0.86,0.86,0.84,0.85,0.86,0.86,0.82,0.86,0.86,0.86,0.86,0.86,0.86,0.85,0.86,0.86,0.86,0.86,0.86,0.86,0.86,0.81,0.86,0.86,0.86,0.86,0.86,0.86,0.84,0.85,-1.02,0.86,0.86,0.86,-1.12,0.86,0.85,0.86,0.85,0.86,0.86,0.86,0.86,0.86,0.86,0.86,0.85,0.86,-1.02,0.85,0.86,0.86,0.86,0.86,0.86,0.86,0.86,0.86,0.86,0.86,0.86,0.86,-1.07,0.86,0.86,0.86,0.85,0.84,0.86,0.83,0.86,0.86,0.86,0.86,0.86,0.86,-1.05,0.86,0.86,0.86,0.86,0.86,0.85,0.86,0.86,0.86,0.86,0.86,0.86,0.86,0.86,0.86,0.86,0.84,0.86,0.86,0.86,0.86,0.84,0.86,-1.1,0.86,0.86,0.86,0.86,-1.03,0.86,0.86,-1.01,0.86,0.86,0.76,0.86,0.86,0.84,0.86,0.86,0.86,0.86,0.86,0.86,0.86,0.86,0.86,0.85,0.76,0.86,0.86,0.86,0.86,0.86,0.86,0.86,0.86,0.76,0.86,-1.05,0.84,0.86,0.86,0.86,0.86,0.86,0.86,0.85,0.83,0.86,0.85,0.86,0.86,0.86,0.86,0.86,0.84,0.86,0.86,0.86,0.86,0.86,-1.02,0.85,0.86,0.86,0.86,0.86,0.86,0.86,0.85,0.86,0.86,0.81,0.86,0.86,0.86,0.86,0.86,0.86,-1.15,-1.03,0.83,0.86,-1.03,0.82,0.86,0.86,0.86,0.86,0.85,0.85,0.86,0.7,0.86,0.86,0.85,0.8,0.71,0.86,0.85,0.86,0.86,0.86,0.84,-1.02,0.86,0.86,0.85,0.86,0.84,0.86,0.86,0.86,0.86,0.83,0.86,0.85,0.86,0.86,0.84,0.86,0.86,0.86,0.85,0.86,0.58,-1.02,-1.13,0.84,0.84,0.85,0.85,0.86,0.79,0.86,0.86,0.86,0.86,0.86,0.86,0.86,0.86,0.86,0.86,0.86,0.86,0.86,0.86,0.85,0.86,0.86,0.86,0.86,0.86,0.86,0.86,0.84,0.86,-1.02,0.86,0.86,0.86,0.86,0.86,0.86,0.86,0.86,0.86,0.86,0.86,0.86,0.86,-1.07,0.86,0.86,0.86,0.86,-1.03,0.84,0.85,0.86,0.86,0.85,0.86,0.86,0.86,0.85,0.86,0.86,0.86,0.86,0.86,0.86,0.86,0.86,0.86,0.85,0.86,-1.09,0.83,0.86,0.86,0.86,-1.02,0.85,0.86,0.85,0.86,0.86,0.86,0.85,-1.0,0.86,0.86,0.86,0.86,0.86,0.86,0.86,0.86,0.86,0.86,0.86,0.85,0.86,0.86,-1.04,0.84,0.86,0.84,0.86,0.86,0.86,0.86,0.85,0.83,0.86,0.86,0.84,0.86,0.85,0.86,0.86,0.84,0.86,0.85,0.86,0.86,0.86,0.86,0.86,0.86,0.86,0.86,0.86,0.86,0.84,0.86,0.86,0.86,0.86,0.84,0.84,0.85,0.86,0.86,0.86,0.86,0.77,0.85,0.86,0.85,0.86,0.86,0.86,0.86,0.85,0.86,0.86,0.86,0.86,-1.05,0.85,0.8,0.86,0.86,0.86,0.83,0.83,0.86,-1.14,0.86,0.86,0.86,0.86,0.86,0.86,0.86,0.86,0.85,0.86,0.86,-1.12,0.86,0.85,0.86,0.85,0.86,0.86,0.86,0.86,0.86,0.86,0.85,-1.11,0.86,-1.17,0.86,0.78,-1.05,0.84,0.83,0.85,0.86,0.86,0.86,0.84,0.85,0.86,0.86,0.84,0.86,0.85,0.86,0.85,0.86,0.86,0.86,0.86,0.86,0.84,0.86,0.86,0.86,0.86,0.84,0.86,0.86,0.86,0.86,0.86,0.86,0.86,0.86,0.85,-1.05,0.86,0.86,0.86,0.86,-1.17,-1.04,0.85,-1.13,0.86,0.7,0.86,0.86,0.86,0.86,0.86,0.86,-1.15,0.86,0.86,0.86,0.86,0.85,0.86,0.86,0.85,0.86,0.86,0.86,0.86,0.86,0.86,0.85,0.86,0.85,0.85,0.86,0.83,0.86,0.86,-1.11,0.84,0.86,0.85,0.86,0.86,0.84,0.86,0.86,0.86,0.84,0.83,0.86,0.84,0.86,0.86,0.86,-1.02,0.83,0.86,0.85,0.86,0.86,0.86,0.86,0.86,0.84,0.84,0.86,-1.04,-1.1,-1.08,0.84,0.86,0.85,0.86,0.86,0.86,0.86,0.86,0.84,0.86,0.86,0.86,0.86,0.86,0.86,0.86,0.86,0.86,0.86,0.86,0.86,-1.02,0.86,0.86,-1.06,0.85,0.86,0.86,0.85,0.86,0.86,0.86,0.86,0.86,0.84,0.86,0.86,0.86,0.85,0.86,0.86,0.86,-1.02,0.85,0.85,0.86,0.86,0.86,-1.09,0.83,0.86,-1.08,0.84,0.86,0.86,0.86,0.86,0.86,0.86,0.86,0.86,0.86,0.86,0.86,0.86,0.86,0.86,0.86,0.86,-1.08,0.86,0.86,0.85,0.86,0.86,0.86,0.86,0.86,0.86,0.86,0.86,0.86,0.86,0.86,0.86,0.86,0.86,-1.03,0.86,0.85,0.86,0.86,0.86,0.86,0.86,0.84,0.85,0.86,0.86,0.86,0.86,0.86,0.78,0.86,0.86,0.86,0.86,0.86,0.86,0.86,0.86,0.85,0.86,0.86,0.86,0.86,0.86,0.86,0.85,0.79,0.86,0.86,0.86,0.86,0.86,0.86,0.86,0.86,0.85,0.86,0.86,-1.08,0.86,0.86,0.86,0.81,0.86,0.86,0.86,0.86,0.86,0.86,0.86,0.86,0.85,0.86,0.86,0.86,0.86,0.86,0.85,0.86,0.84,0.86,0.86,0.86,0.86,-1.03,0.77,0.86,0.86,0.86,0.79,0.86,0.86,0.86,0.86,0.86,0.86,0.86,0.86,0.85,0.86,0.86,0.86,0.86,0.86,0.85,0.86,0.86,0.86,0.86,0.86,0.86,0.85,0.86,0.84,0.78,0.86,0.86,0.86,0.86,0.86,0.86,0.86,0.86,0.85,0.79,0.86,0.86,0.86,0.85,0.86,0.85,0.86,-1.12,0.86,0.72,0.86,0.86,0.86,0.85,0.86,0.86,0.86,0.86,0.86,-1.12,0.85,0.86,0.73,0.74,0.86,0.86,0.79,0.84,0.86,0.84,0.86,0.85,0.85,0.86,0.86,0.86,0.86,0.86,0.86,0.86,0.86,0.86,0.84,0.85,0.86,0.86,0.86,0.86,0.84,-1.03,0.85,0.86,0.86,0.85,0.85,0.83,0.84,0.86,0.85,0.86,0.85,0.84,0.86,0.86,0.86,0.86,0.86,0.86,0.86,0.86,0.86,0.86,0.86,0.86,0.83,0.86,0.86,0.84,0.86,0.85,0.86,0.85,0.85,0.86,0.86,0.86,0.86,0.86,0.86,0.86,0.86,0.86,0.86,0.86
-1.18,-1.05,0.83,-1.02,0.77,-1.04,0.71,-1.03,0.84,0.84,-1.11,0.82,-1.02,0.78,0.82,0.83,-1.09,0.81,0.81,-1.02,-1.06,-1.04,0.84,-1.04,0.82,0.84,0.83,-1.19,0.86,-1.14,0.81,0.75,0.8,0.86,0.82,0.79,-1.1,0.75,-1.14,0.83,0.86,0.69,0.75,0.86,0.83,0.86,0.83,0.86,0.78,0.69,0.86,0.86,0.86,0.86,0.86,0.85,0.86,0.85,0.81,0.75,0.86,0.86,0.86,0.86,0.86,0.86,0.86,0.86,0.86,0.86,0.86,0.86,0.84,0.86,0.86,0.83,0.86,0.86,0.86,0.86,0.86,0.86,0.86,-1.0,0.86,0.86,0.86,0.86,0.86,0.84,0.7,0.86,0.86,0.86,0.86,0.86,0.86,0.86,0.85,0.86,0.86,-1.0,0.84,0.86,0.86,0.86,0.86,0.85,0.86,0.86,0.86,0.85,0.86,0.86,0.86,-1.13,0.86,-1.03,0.86,0.85,0.86,0.86,0.86,0.86,0.86,0.86,0.86,0.86,0.86,0.86,0.84,0.86,-1.03,0.86,0.86,0.86,0.86,0.86,0.86,0.86,0.86,0.86,0.84,0.86,0.86,0.86,0.86,0.86,0.86,0.75,0.86,0.81,0.85,0.86,0.86,0.86,0.86,0.84,0.86,0.86,0.86,0.86,0.86,0.86,0.84,0.86,0.86,-1.12,0.86,0.86,0.86,0.86,0.86,0.86,0.84,0.86,0.86,0.86,0.86,0.86,0.86,0.86,0.86,0.84,0.86,0.86,0.85,0.86,0.86,0.86,0.86,0.86,0.8,0.86,0.86,0.86,0.86,0.86,0.84,0.84,0.86,0.86,0.86,-1.08,0.86,0.83,0.83,0.86,0.86,0.84,0.85,0.71,0.86,0.86,-1.03,0.86,0.86,0.86,0.86,0.86,0.86,0.86,0.76,0.86,0.85,0.84,0.86,0.86,0.86,0.83,0.86,0.86,0.85,-1.15,0.86,0.85,0.86,0.86,0.86,0.81,0.73,0.86,0.86,0.86,0.86,0.86,0.86,0.86,0.71,0.86,0.86,-1.0,0.86,-1.12,-1.06,0.86,0.86,0.86,0.86,0.86,0.85,0.86,0.86,0.85,0.86,0.86,0.86,0.86,-1.06,0.86,0.86,0.86,0.86,0.86,0.86,0.86,0.86,0.86,0.86,0.85,0.85,0.86,0.86,0.84,0.86,0.86,0.85,0.86,0.86,0.86,0.69,0.86,0.86,0.85,0.86,0.86,0.83,0.86,0.85,0.86,0.86,0.86,-1.01,0.86,0.86,0.86,0.86,0.86,0.86,-1.04,-1.02,0.83,0.86,-1.02,0.86,0.86,0.84,0.82,0.86,0.86,0.86,0.86,-1.03,0.86,0.86,0.86,0.78,0.86,0.86,0.86,0.85,0.73,0.86,0.86,-1.09,0.86,0.86,0.79,0.82,0.86,0.85,0.85,0.82,0.86,0.84,0.85,0.86,0.86,0.86,0.86,0.84,0.86,0.86,0.84,0.86,0.85,0.86,0.86,0.86,0.86,0.86,0.86,0.86,0.86,0.84,0.85,0.86,0.85,0.86,0.86,0.86,0.86,0.86,0.86,0.86,0.86,0.85,-1.06,0.85,0.86,0.86,-1.13,0.86,0.86,0.86,0.86,0.86,0.86,0.84,-1.06,0.86,0.86,0.86,0.86,0.86,0.86,0.86,0.86,0.86,-1.08,-1.14,0.86,0.86,0.86,0.86,0.86,0.82,0.86,0.86,0.86,0.85,0.86,0.86,0.8,0.86,0.71,0.74,0.84,0.8,0.86,0.86,0.86,-1.0,0.86,-1.08,0.86,0.86,0.85,0.86,0.85,0.86,0.83,0.71,0.86,0.86,0.86,0.86,0.86,0.86,0.86,0.86,0.85,-1.06,0.86,0.86,0.86,0.83,0.86,0.86,0.71,0.86,0.72,0.85,0.86,0.83,0.85,0.85,0.86,-1.07,0.84,0.86,0.86,0.86,0.84,0.85,0.86,0.84,0.86,0.86,0.86,0.86,0.86,0.84,0.78,-1.1,0.86,0.86,-1.0,0.82,0.86,0.86,0.86,0.86,0.86,0.86,0.85,0.86,0.86,0.85,0.86,0.86,0.84,0.86,-1.06,0.86,0.85,0.86,0.86,0.86,-1.1,0.86,0.85,0.86,0.86,0.86,0.86,0.86,0.86,0.86,0.86,0.85,0.86,0.86,-1.12,0.77,0.84,0.86,0.86,0.83,0.86,0.85,0.86,0.86,0.84,-1.11,0.84,0.86,0.86,0.86,0.86,0.86,0.86,-1.0,0.84,0.86,0.85,0.86,0.86,0.86,0.86,0.86,0.86,0.86,0.73,-1.02,0.84,0.86,0.86,0.84,0.86,0.74,0.86,0.86,0.86,0.86,0.86,0.86,0.86,0.86,0.86,0.86,0.85,0.86,0.86,0.84,0.86,0.85,-1.06,0.86,0.86,0.86,0.85,0.86,0.86,0.86,0.85,0.84,-1.03,0.75,0.85,0.86,0.84,0.86,0.86,0.86,0.85,0.86,0.86,0.86,0.86,0.86,0.86,0.86,0.85,0.86,-1.01,0.86,0.77,0.86,0.86,0.86,0.86,0.86,0.84,0.86,0.86,0.86,0.78,-1.02,0.86,0.86,0.85,0.86,0.86,0.86,0.86,0.86,0.86,-1.02,0.86,0.86,0.86,0.86,0.85,0.84,0.86,0.86,0.86,0.86,0.86,0.86,-1.13,0.86,0.86,0.86,0.86,0.84,0.86,0.86,0.86,0.86,0.85,0.86,0.86,0.86,0.86,0.77,0.86,0.86,0.86,0.86,0.86,0.86,0.86,0.86,0.86,0.84,0.86,-1.04,0.86,0.85,0.86,0.85,0.86,0.86,0.86,0.86,0.86,0.86,0.86,0.86,0.85,0.86,0.86,0.86,0.84,0.86,0.84,0.86,0.86,0.86,0.85,0.86,0.86,0.85,0.86,0.86,0.86,0.85,0.86,0.86,-1.03,0.74,0.86,0.86,0.85,-1.21,-1.0,0.86,0.86,0.86,0.86,0.84,0.86,0.86,0.86,0.86,0.85,0.85,0.86,0.86,-1.12,0.86,0.86,0.86,0.86,0.86,0.85,0.86,0.86,0.85,0.86,0.86,0.78,0.86,0.86,0.84,-1.12,0.84,0.86,0.86,0.84,0.86,0.86,0.84,0.83,0.83,0.85,0.84,0.85,0.86,0.86,0.86,0.86,-1.07,0.85,0.86,0.86,0.86,0.86,0.86,0.86,0.85,0.86,0.86,0.86,0.86,0.86,0.86,0.86,0.86,0.86,0.86,0.86,0.86,0.86,0.84,0.86,0.86,0.86,0.73,0.86,0.86,0.86,0.86,0.85,0.86,0.86,0.86,0.86,0.84,0.86,0.86,0.86,0.86,-1.1,0.85,0.86,-1.14,0.86,0.86,0.86,0.86,0.86,0.86,0.86,0.86,0.85,0.86,0.86,0.86,0.86,0.86,0.86,0.86,0.86,0.86,0.86,0.86,0.86,0.86,0.86,0.86,0.86,0.86,0.84,0.86,0.86,0.86,0.86,0.86,0.86,0.86,0.86,0.86,0.86,0.86,0.85,0.86,0.86,0.86,-1.05,0.86,0.86,-1.11,0.86,0.86,0.86,0.86,-1.12,0.86,0.86,0.86,0.86,0.86,0.86,0.84,0.86,0.86,0.86,0.86,0.86,0.86,0.72,0.78,0.83,0.85,0.86,0.86,0.86,0.86,0.82,0.85,0.86,0.86,0.86,0.86,0.86,0.86,0.85,0.83,-1.02,-1.0,0.85,0.86,0.74,0.86,-1.13,0.86,0.86,0.86,0.86,0.85,0.86,0.85,0.84,0.86,-1.0,0.86,0.86,0.84,0.86,0.86,0.85,0.83,-1.15,0.86,0.86,0.75,0.86,0.86,0.83,0.86,0.86,0.83,0.86,0.86,0.86,0.86,0.86,0.86,0.86,0.86,0.86,0.86,0.86,0.86,0.86,-1.11,0.86,0.86,0.86,-1.03,0.84,0.86,0.86,0.86,0.86,0.86,0.84,0.86,0.86,0.86,0.84,0.86,0.86,0.86,0.84,0.84,0.85,0.86,0.84,0.83,0.86,-1.13,0.86,0.86,0.86,0.86,0.86,0.86,0.86,0.86,0.86,0.86,0.86,0.78,0.78,0.86,0.86,0.86,0.86,0.86,0.84,-1.14,0.75,0.86,0.86,0.86,0.86,0.85,0.74,-1.02,0.84,-1.02,0.86,0.86,0.86,0.86,0.86,0.83,0.86,0.86,-1.11,0.86,0.86,0.86,0.86,-1.07,0.86,0.86,0.86,0.86,0.86,0.86,-1.08,0.86,0.86,0.86,0.86,0.66,0.84,0.85,0.86,-1.11,0.86,0.86,0.86,0.86,0.84,0.85,-1.03,0.86,0.86,0.86,-1.16,0.86,0.86,0.86,0.85,0.85,0.86,0.86,0.86,0.86,0.86,0.86,0.86,-1.06,0.84,0.86,0.86,0.86,0.86,0.86,0.86,0.86,0.86,0.84,0.86,0.86,0.86,0.85,0.86,0.86,0.86,0.86,0.85,0.86,0.77,-1.04,0.85,0.86,0.86,0.86,0.86,0.81,0.86,0.86,0.86,0.86,0.86,0.86,-1.06,0.86,0.86,0.7,0.86,0.86,0.85,-1.14,-1.12,0.86,0.86,0.86,0.85,0.71,0.86,0.86,0.73,0.85,0.86,0.86,0.86,0.86,0.86,0.86,0.86,0.86,0.86,0.86,0.86,0.86,0.86,0.86,0.86,0.86,0.86,0.86,0.86,0.86,0.86,0.86,-1.1,0.86,0.84,0.86,0.86,0.86,0.86,0.86,0.86,0.85,0.86,0.84,0.84,0.86,0.86,-1.13,0.86,0.83,0.84,-1.06,0.86,0.86,0.84,0.86,-1.07,0.86,0.86,0.86,0.84,0.86,0.86,0.85,0.86,0.86,0.86,0.86,0.86,0.86,0.86,0.86,0.86,0.86,0.86,0.86,0.86,0.86,0.86,0.86,0.86,0.86,0.86,0.86,0.86,0.79,0.75,0.86,0.84,0.86,0.86,0.86,0.86,0.86,0.84,0.86,0.86,-1.04,0.84,0.86,0.86,0.86,0.86,0.86,0.86,0.86,0.85,0.86,0.85,0.86,0.86,0.86,0.84,0.86,-1.1,0.86,0.86,0.86,0.85,0.86,0.86,0.86,0.85,0.86,0.85,0.86,0.86,0.86,0.86,0.86,0.85,0.84,0.84,0.86,0.86,0.72,0.83,-1.04,0.86,0.85,0.86,0.86,0.86,0.86,0.86,0.86,0.86,0.85,0.86,0.86,0.86,0.86,0.85,0.86,0.86,0.86,0.86,0.86,0.86,0.86,0.86,-1.02,0.86,0.86,0.86,0.86,0.84,0.86,0.86,0.86,0.86,0.86,0.86,0.86,0.86,0.86,-1.02,0.86,0.86,0.86,0.86,-1.03,0.86,0.86,0.86,0.86,0.86,0.86,0.86,0.82,0.85,0.86,0.86,0.82,0.77,0.86,0.85,0.86,0.86,0.86,0.86,0.86,0.86,0.86,0.84,0.85,0.86,0.86,0.86,0.78,0.85,-1.04,0.86,0.78,0.85,0.86,0.86,0.86,0.86,0.86,0.86,0.86,0.86,0.86,0.86,0.86,0.86,0.84,-1.0,0.69,0.86,-1.02,0.86,0.86,-1.14,0.86,0.85,0.86,0.86,0.86,0.86,0.86,0.86,0.86,0.86,0.86,0.84,0.86,0.86,-1.16,0.86,0.68,-1.01,0.86,0.86,0.86,0.82,0.85,0.85,0.86,0.85,0.69,0.86,0.86,0.86,0.86,0.86,0.86,-1.09,0.85,0.86,0.86,0.86,0.85,0.86,-1.03,0.86,0.86,0.86,0.86,0.86,0.84,0.85,0.84,0.86,0.86,0.86,0.84,0.86,-1.02,0.85,0.83,0.86,0.85,0.86,-1.03,0.85,0.86,0.71,-1.0,0.86,0.86,-1.14,0.85,0.86,0.86,0.84,0.86,0.86,0.86,0.86,0.86,0.86,0.86,0.86,0.86,-1.1,0.86,0.86,0.86,0.86,0.86,0.86,-1.09,0.86,0.86,0.86,0.83,0.86,0.86,0.86,0.86,0.86,0.86,0.86,0.84,0.86,0.86,0.85,0.86,0.85,0.86,0.78,0.85,0.86,0.86,0.86,0.85,0.86,0.85,0.86,0.79,0.84,0.86,0.86,0.84,0.84,-1.16,0.86,0.86,0.86,0.81,0.86,0.86,-1.2,0.86,0.83,-1.11,0.86,0.86,0.86,0.85,0.86,0.86,0.86,-1.02,0.86,0.86,0.86,0.86,0.84,0.86,0.86,0.86,-1.05,0.84,0.86,0.86,0.86,0.86,0.86,0.86,0.86,0.86,0.86,0.86,0.86,0.85,0.86,0.86,0.84,0.86,0.86,0.82,0.86,0.86,0.85,0.85,0.86,0.86,0.86,0.86,0.86,0.86,0.85,0.86,-1.1,0.86,0.86,0.86,0.86,0.84,0.75,0.86,0.86,0.86,0.85,0.86,0.86,0.86,0.85,0.86,0.86,0.86,0.86,0.72,0.85,0.86,0.85,0.86,0.86,0.86,0.86,0.84,0.86,0.85,0.86,0.86,0.86,0.86,0.86,0.86,0.84,0.86,0.86,0.86,0.86,0.86,0.86,0.85,0.86,0.86,0.86,0.86,0.86,0.86,0.86,0.86,0.84,0.84,0.86,0.86,0.86,0.86,0.86,0.85,0.86,0.86,-1.15,0.86,-1.02,0.86,0.86,0.86,0.86,0.86,0.86,-1.14,0.71,0.86,0.86,0.86,0.86,0.86,0.84,0.86,-1.12,0.86,0.86,0.8,0.83,0.86,0.84,0.86,0.85,0.86,0.86,0.86,0.86,0.85,0.86,0.84,0.86,0.86,-1.03,0.86,0.86,-1.12,0.86,0.86,0.86,0.86,0.84,0.86,0.86,0.86,0.86,0.86,0.85,0.86,0.86,-1.0,0.84,0.86,0.86,0.86,0.86,0.86,0.86,0.86,0.86,0.86,0.83,0.86,0.86,0.86,0.86,0.84,0.85,0.86,0.86,-1.12,0.86,0.86,0.85,-1.02,0.83,0.7,0.84,0.86,0.86,0.86,0.86,0.86,0.86,0.86,0.85,0.86,0.86,0.86,0.84,0.86,0.86,-1.09,0.86,0.85,0.86,0.86,0.86,0.86,-1.09,0.86,0.86,0.84,0.84,0.86,0.76,0.86,0.86,0.86,0.86,0.81,-1.05,0.86,0.86,0.86,0.86,0.86,0.86,0.86,-1.03,0.8,0.84,-1.07,0.85,0.86,0.86,0.85,0.85,0.86,0.85,0.86,0.86,0.86,0.84,0.86,0.86,0.71,0.86,-1.01,0.86,0.83,0.86,0.86,0.86,0.86,0.85,0.85,0.86,0.86,0.84,0.86,0.83,0.86,0.86,0.86,0.86,0.86,0.86,0.86,0.81,0.86,0.86,0.86,0.86,0.64,0.86,-1.12,0.86,0.86,0.86,0.86,0.86,0.86,-1.03,0.86,0.86,0.86,0.86,0.86,0.86,0.86,0.86,-1.13,0.86,0.86,0.86,0.86,0.86,0.86,0.86,0.86,0.86,0.79,0.86,0.86,0.86,0.86,0.86,0.86,0.86,0.86,0.86,0.84,0.86,0.86,0.85,0.86,0.86,0.86,0.86,0.86,-1.0,0.85,0.86,0.86,0.86,0.86,0.86,0.86,0.86,0.85,0.86,0.86,0.86,-1.06,0.86,0.84,0.86,0.86,-1.05,0.86,0.86,0.86,0.86,0.86,0.85,-1.0,0.86,0.86,0.86,0.86,0.83,0.86,0.84,0.86,0.86,0.86,0.86,0.86,0.86,0.86,0.86,0.86,0.86,0.86,0.86,0.86,0.85,0.73,0.86,0.85,0.84,0.86,0.86,0.85,0.86,-1.03,0.86,0.86,0.86,0.86,0.84,0.86,0.86,0.85,0.83,0.86,0.86,0.86,-1.03,0.84,0.85,0.86,0.86,0.86,0.84,0.86,0.77,0.86,0.86,-1.11,0.85,-1.02,0.86,0.86,0.86,0.86,0.86,0.86,0.86,0.85,0.85,0.86,0.86,0.86,0.86,0.86,0.75,0.86,0.86,0.86,-1.12,0.85,-1.1,0.86,0.86,0.86,0.86,-1.11,0.86,0.86,0.86,0.86,0.86,0.86,0.86,0.86,0.86,0.86,0.86,0.86,0.86,0.84,0.86,0.71,0.8,0.86,0.85,0.86,0.85,0.85,0.86,0.86,0.86,0.85,0.85,0.86,0.86,0.86,0.86,0.86,0.85,0.86,0.86,0.86,0.86,0.77,0.86,0.86,0.86,0.86,0.86,0.86,0.79,0.86,0.85,0.86,0.86,0.86,0.86,0.85,0.86,0.86,0.86,-1.12,0.85,0.85,0.86,0.84,0.86,0.86,0.86,0.86,0.86,0.86,0.86,0.86,0.86,0.86,0.85,0.86,-1.04,0.79,0.86,0.86,0.77,0.86,0.86,0.86,0.86,0.86,0.86,0.86,0.85,-1.02,0.86,0.85,0.86,0.86,0.86,-1.05,-1.12,-1.13,0.86,0.85,0.86,0.86,0.86,0.86,0.86,0.84,0.85,0.86,0.86,0.83,0.86,0.84,0.85,0.86,0.86,0.84,0.86,0.86,0.84,0.86,-1.14,0.86,0.86,0.86,0.86,0.85,0.86,0.86,0.86,0.86,0.85,0.86,0.86,0.86,-1.07,0.82,0.82,0.86,0.86,0.86,0.86,0.86,0.86,0.86,0.86,0.85,0.85,0.86,0.86,0.86,0.86,0.86,0.86,0.85,0.86,0.86,0.86,-1.13,0.85,0.86,0.86,0.86,0.86,0.86,0.86,0.85,-1.03,0.86,0.86,0.86,0.86,0.85,0.86,0.86,0.86,-1.08,0.8,0.86,0.83,0.86,0.86,0.85,0.86,0.86,-1.1,0.73,0.86,-1.1,0.86,0.85,0.86,0.86,0.86,0.85,0.86,0.86,0.85,0.86,0.86,0.86,0.86,0.85,0.86,0.86,0.86,0.83,0.86,0.86,0.86,0.86,0.86,0.86,0.85,0.86,0.86,0.84,0.86,0.86,0.86,0.86,0.86,0.86,0.86,0.86,0.86,0.85,0.81,0.86,0.86,0.85,0.86,-1.14,0.72,0.86,0.86,0.86,0.86,-1.03,0.86,0.86,-1.02,0.86,0.84,0.86,0.86,0.86,0.86,0.86,0.86,0.86,0.86,0.86,0.86,0.85,0.85,0.85,0.86,0.86,0.86,0.85,0.84,0.85,0.84,0.84,0.86,0.85,0.86,-1.09,0.86,0.86,0.85,0.86,0.86,0.86,0.86,0.85,-1.04,0.86,0.86,0.86,0.86,0.86,0.85,0.86,0.86,0.86,0.84,0.86,0.86,0.86,-1.14,0.85,0.85,0.75,0.84,0.86,0.86,0.86,0.86,0.86,0.86,0.85,0.86,0.86,0.86,0.86,0.84,0.86,0.86,0.86,0.86,0.86,0.86,0.86,0.86,0.86,0.83,0.86,0.85,0.86,0.86,0.86,0.86,-1.12,0.86,0.86,0.86,0.86,0.85,0.86,0.85,-1.09,0.84,0.86,0.86,0.86,0.86,0.85,0.84,0.86,0.86,0.86,0.85,0.86,0.84,0.86,0.86,0.85,0.85,0.81,0.85,0.86,-1.13,0.85,0.86,0.86,0.86,0.86,0.86,0.86,0.86,0.84,0.86,0.86,0.86,0.86,0.86,0.86,0.72,0.86,0.86,0.86,0.84,0.86,0.86,0.86,0.86,0.85,0.84,0.86,0.86,0.86,0.86,0.86,0.86,-1.13,0.86,0.86,0.86,0.86,0.86,0.86,0.86,0.86,0.86,0.86,0.85,0.82,0.86,0.86,0.86,0.85,0.86,0.86,0.84,0.86,0.86,0.85,0.86,0.86,0.84,0.86,0.86,0.86,0.84,-1.12,0.86,0.82,0.86,0.86,0.86,0.86,0.86,-1.14,0.85,0.86,0.86,0.86,0.86,0.86,0.86,0.86,-1.1,0.86,0.86,0.86,0.86,0.86,0.86,0.86,0.86,0.86,0.86,0.86,0.86,0.86,0.86,0.86,0.86,0.86,0.86,0.86,0.86,0.86,0.86,0.86,0.86,0.85,0.84,0.8,0.86,0.84,0.84,0.74,0.86,0.86,0.86,0.86,0.86,0.86,0.86,0.86,0.86,0.86,0.86,0.86,-1.0,0.86,0.81,0.86,0.86,0.86,0.86,0.84,0.84,0.86,0.86,0.86,0.86,0.86,0.86,0.85,0.83,0.86,0.86,0.86,0.86,-1.11,0.86,0.84,0.86,0.86,-1.1,-1.04,0.84,0.85,0.85,0.85,0.86,0.86,0.86,0.85,0.86,0.7,0.86,0.86,0.86,0.86,0.86,0.84,0.86,0.86,0.85,0.86,0.84,0.85,0.86,0.86,0.86,0.85,0.86,0.86,0.86,-1.1,0.86,0.86,0.86,0.83,0.85,0.86,0.86,0.86,0.86,0.86,0.84,-1.1,0.86,0.86,0.86,0.86,0.86,0.86,0.86,-1.14,0.86,0.86,0.86,0.76,0.85,0.86,0.86,0.84,0.86,0.84,0.86,0.67,0.85,0.86,0.85,0.84,0.86,0.86,0.85,0.84,0.86,0.84,0.82,-1.07,0.84,0.86,0.86,0.86,0.86,0.86,0.86,0.86,0.86,0.86,0.86,0.83,0.86,0.86,0.7,0.86,0.86,0.86,-1.01,0.85,0.86,0.86,0.86,0.86,0.86,0.86,0.86,0.86,0.86,0.86,0.86,0.86,0.86,0.86,0.86,0.86,0.86,0.86,0.86,-1.03,0.86,-1.14,0.85,0.86,0.85,0.86,0.86,0.86,0.86,0.86,0.86,0.86,0.86,0.84,0.86,0.86,0.73,0.85,0.86,0.86,0.86,0.86,0.84,0.86,0.84,0.86,0.84,0.86,0.85,0.86,0.86,0.86,0.86,0.86,0.86,0.86,0.86,0.85,0.86,0.86,0.85,0.86,0.84,0.86,0.85,0.86,0.86,0.86,0.86,0.8,0.82,0.85,0.86,-1.05,-1.01,0.78,0.86,0.85,0.85,0.86,0.86,0.84,0.84,0.84,0.86,0.86,0.85,0.86,0.86,-1.03,-1.13,0.85,-1.1,0.84,0.86,0.85,-1.02,0.85,0.86,0.86,0.86,0.86,0.86,0.85,0.86,0.86,0.81,0.86,0.86,-1.05,0.84,0.86,0.83,0.86,0.85,0.85,0.86,0.86,0.85,-1.01,0.84,0.86,0.84,0.86,0.84,0.83,0.86,0.86,0.85,0.86,0.86,0.86,0.85,0.86,-1.13,0.86,0.86,-1.06,0.86,0.86,0.85,0.85,0.86,0.86,0.86,0.86,0.86,0.82,0.86,0.86,0.86,0.83,0.86,0.86,0.86,0.86,0.76,-1.15,0.84,0.86,0.78,0.82,0.86,0.85,0.84,0.86,0.86,0.85,0.86,0.85,0.86,0.84,0.86,0.86,0.86,0.86,0.86,0.86,0.86,0.84,0.85,0.86,0.86,0.85,0.86,0.86,0.86,0.86,0.86,0.86,0.83,0.86,0.86,-1.01,0.86,0.83,0.86,0.85,0.86,0.86,0.84,0.86,0.86,0.86,0.77,0.86,0.86,0.69,0.84,0.82,0.86,0.86,0.86,0.8,0.86,0.85,0.86,0.84,-1.13,0.86,0.86,0.86,0.86,0.86,0.86,0.86,0.86,0.86,0.86,0.86,0.86,0.86,0.85,0.86,0.86,0.86,0.86,0.86,0.85,-1.02,0.86,0.85,0.86,0.86,0.86,0.86,0.85,0.86,0.76,0.86,0.86,0.86,0.8,0.86,0.86,0.86,0.86,0.86,0.86,0.86,0.72,-1.15,0.78,0.86,0.86,0.86,0.85,0.86,0.85,0.85,-1.14,0.86,0.86,0.86,0.84,0.86,0.85,0.86,0.75,0.82,0.86,0.86,0.86,0.86,0.86,0.86,0.85,0.86,0.86,0.86,0.75,0.85,0.85,0.86,0.86,-1.05,0.85,0.85,0.86,0.85,0.86,0.86,-1.13,0.86,0.86,0.86,0.86,0.86,0.86,0.86,0.86,-1.02,0.86,0.84,0.86,-1.03,0.86,0.85,0.83,-1.15,0.86,0.86,0.73,0.85,0.86,0.86,0.86,0.86,0.86,0.85,0.79,-1.14,0.86,0.71,0.84,0.85,0.84,0.86,0.86,0.86,0.86,0.86,0.86,-1.11,-1.12,0.85,0.85,0.84,0.86,0.85,0.84,0.84,0.86,0.84,0.86,0.86,0.86,0.86,0.86,0.86,0.84,0.82,0.86,-1.11,0.86,0.85,0.86,0.86,0.86,0.86,0.86,0.86,0.86,0.86,0.85,0.86,0.86,0.86,0.86,-1.12,0.86,0.86,0.86,0.84,0.86,0.86,0.86,0.86,0.86,0.85,0.86,0.86,0.85,0.86,0.86,0.86,0.85,0.86,0.86,0.86,0.85,0.77,0.86,0.86,0.86,0.84,-1.07,0.86,0.86,0.86,0.85,0.86,0.86,0.85,0.86,0.86,-1.01,-1.03,0.84,0.86,0.85,0.85,0.86,0.86,0.85,0.84,0.86,0.85,0.86,0.86,0.86,0.86,0.71,0.86,0.86,0.86,-1.09,0.86,0.86,0.84,0.86,0.86,0.85,0.86,0.86,0.86,-1.05,0.86,0.86,0.86,0.85,0.86,0.86,0.86,0.86,0.85,0.84,0.86,0.86,0.86,0.86,0.86,-1.13,0.85,0.84,0.86,0.84,0.73,-1.01,0.83,0.84,0.86,0.86,0.84,0.85,-1.03,0.83,0.83,0.86,0.81,0.86,0.86,0.86,0.86,0.86,0.86,0.86,0.86,0.86,0.86,0.86,0.84,0.78,0.86,0.86,0.86,0.86,0.86,0.86,0.86,0.86,0.86,0.86,0.86,0.86,-1.01,0.85,0.86,0.84,0.86,0.86,0.84,0.86,-1.09,0.7,0.86,0.86,0.84,0.86,0.86,0.85,0.86,0.86,0.86,0.86,-1.01,0.86,0.86,0.86,0.86,0.82,0.7,0.85,0.86,0.86
-1.22,-1.06,-1.14,-1.0,-1.04,0.77,-1.17,-1.08,-1.17,0.55,-1.01,0.7,0.82,-1.13,0.85,-1.25,-1.09,-1.02,0.81,0.82,0.84,-1.1,0.71,-1.17,0.81,0.85,0.78,-1.05,0.86,0.83,0.86,0.76,0.85,0.85,-1.07,0.82,0.82,0.82,0.82,0.67,0.7,0.8,0.83,0.81,-1.15,-1.1,0.82,0.86,0.85,0.86,0.81,0.86,-1.09,0.86,0.81,0.84,0.86,0.86,0.83,0.85,0.85,-1.07,0.86,0.86,0.86,0.86,0.86,-1.03,0.86,0.86,0.86,0.86,0.86,0.86,0.86,0.85,0.8,0.86,0.86,0.85,0.85,0.86,0.86,0.86,0.8,0.86,0.84,0.85,0.85,0.86,0.86,0.86,0.86,0.84,0.86,0.86,-1.12,0.86,0.85,0.86,-1.02,0.86,0.85,0.86,0.86,0.86,0.86,0.86,0.86,0.86,0.86,0.85,0.86,0.86,0.84,0.85,0.86,-1.01,0.86,0.86,0.86,0.86,0.69,-1.06,0.85,0.86,0.86,0.86,0.86,0.86,0.86,0.86,0.86,-1.14,0.86,0.86,0.86,0.86,0.85,-1.16,0.79,0.86,0.86,0.86,0.86,0.86,0.86,0.85,0.83,0.86,0.86,0.86,0.86,0.86,0.84,0.86,0.86,-1.03,0.86,0.84,0.86,0.82,0.82,0.85,-1.03,0.86,0.86,0.84,0.86,-1.12,-1.04,0.86,0.86,0.86,0.85,-1.08,0.76,0.86,0.86,0.86,0.86,0.86,0.86,0.86,0.86,-1.12,0.86,0.85,-1.03,-1.04,0.85,0.84,0.86,0.86,0.86,0.86,0.86,0.86,0.86,0.86,0.86,0.86,0.73,0.86,0.85,0.86,-1.14,0.75,0.86,0.86,0.86,0.84,0.85,0.86,0.85,0.84,0.86,0.86,0.86,-1.04,0.86,0.86,0.86,0.86,0.86,0.86,0.85,0.86,0.86,0.86,0.85,0.86,0.86,0.82,0.86,-1.04,0.86,0.86,0.86,-1.0,0.86,0.86,0.86,0.86,0.86,0.86,0.85,0.86,0.85,0.86,0.86,0.86,0.85,0.86,0.84,0.86,0.86,0.86,0.86,0.85,-1.07,0.72,-1.01,-1.03,0.86,0.86,-1.01,-1.02,0.86,0.73,0.85,0.86,0.86,0.86,0.86,0.85,0.85,0.86,0.85,0.86,0.86,-1.0,0.86,0.74,0.86,0.83,0.86,0.86,0.86,0.85,-1.06,0.86,0.79,0.84,0.86,0.86,0.86,0.86,0.84,0.86,0.86,-1.06,0.86,0.77,0.86,0.85,0.86,0.86,-1.03,0.86,0.86,0.86,0.86,0.86,0.86,-1.12,0.82,0.86,0.86,-1.03,0.86,0.86,0.86,0.86,0.86,0.86,-1.03,0.86,-1.14,0.84,0.86,0.86,0.86,0.86,-1.02,0.86,0.86,0.86,0.86,0.85,0.86,0.86,0.86,0.86,0.86,0.86,-1.03,0.85,0.86,0.86,0.86,-1.06,0.86,0.86,0.86,0.86,0.85,0.86,0.86,0.86,0.86,0.86,-1.09,0.86,0.86,0.86,0.86,0.86,0.86,0.86,-1.02,0.86,0.86,0.86,0.86,0.86,0.85,0.86,0.86,0.84,0.86,0.86,0.79,0.86,0.86,0.86,0.84,0.86,0.86,-1.0,0.84,0.86,0.86,0.85,0.86,0.86,0.84,0.86,0.86,0.71,0.86,-1.11,0.86,0.86,0.86,0.86,0.86,0.86,0.86,0.86,0.86,0.86,0.8,0.86,0.86,0.84,0.86,0.86,0.85,-1.12,-1.1,0.86,0.75,0.86,0.86,0.85,0.86,0.86,0.84,0.81,0.86,0.86,0.86,0.86,0.86,0.86,0.86,0.85,0.84,0.86,0.85,0.86,0.86,0.86,0.86,0.86,0.86,0.85,0.86,0.85,0.86,0.86,0.85,0.86,0.86,0.85,0.86,0.77,0.86,0.86,0.86,0.86,0.86,0.86,0.86,0.86,0.74,0.86,0.86,0.82,0.86,0.86,0.84,-1.0,0.86,0.75,0.75,-1.13,0.86,0.86,-1.01,0.86,0.8,0.86,0.86,0.86,0.86,0.86,0.86,0.86,0.86,0.84,-1.12,0.86,0.84,0.86,0.85,0.86,0.86,0.86,0.86,0.86,-1.02,0.86,0.86,0.86,0.86,0.86,0.86,0.86,-1.07,0.85,0.85,0.85,0.86,0.81,0.84,0.86,0.86,0.86,0.85,0.86,0.86,0.81,0.86,0.83,0.86,0.86,0.86,0.86,0.86,0.86,0.86,0.86,-1.05,0.86,0.84,0.85,-1.02,0.86,0.86,0.86,0.86,0.86,0.86,0.84,0.81,0.86,0.86,0.86,0.84,-1.12,0.86,0.86,0.86,0.86,-1.11,0.86,0.86,0.86,-1.11,0.86,0.86,0.86,0.86,0.86,0.86,0.86,0.86,0.71,0.86,0.85,0.86,0.86,0.86,0.86,0.73,0.85,0.85,0.86,0.86,0.85,0.86,0.86,0.79,0.86,0.86,0.83,0.86,0.86,0.86,0.86,0.86,0.86,0.86,0.86,0.86,0.86,0.85,0.86,0.86,0.86,0.86,0.86,0.86,0.86,0.86,0.86,0.86,-1.06,-1.05,0.85,0.86,0.86,0.86,0.86,0.86,0.84,0.86,0.86,-1.12,0.86,0.86,0.85,0.86,0.84,0.86,0.86,0.86,0.83,0.86,0.84,0.86,0.86,0.82,0.86,0.8,0.85,0.86,0.86,0.86,0.84,0.86,0.86,0.86,-1.07,0.86,0.85,0.84,0.86,0.75,0.86,0.84,0.86,0.86,-1.04,0.86,0.86,0.86,0.84,0.86,0.86,0.85,0.85,0.58,0.86,0.86,0.86,0.86,0.86,0.86,0.86,0.85,0.86,0.84,0.86,0.86,0.85,0.86,0.86,0.86,0.86,0.86,0.86,0.86,0.86,0.86,0.86,0.86,0.86,0.85,0.86,0.84,0.86,0.86,0.86,0.86,0.86,0.86,-1.03,0.86,0.86,0.84,0.86,0.83,0.86,0.86,0.85,0.86,0.86,0.86,0.86,0.86,0.86,0.85,0.85,0.85,0.86,0.86,0.86,0.85,0.86,0.86,0.84,0.86,0.86,0.86,0.86,0.86,0.86,0.86,0.86,0.86,0.84,0.86,0.86,0.85,0.86,0.85,0.86,0.86,0.84,0.86,0.86,0.86,0.86,0.84,0.85,0.85,0.86,0.86,0.85,0.8,0.86,0.85,0.86,0.85,0.86,0.86,0.86,0.86,0.84,0.86,0.86,0.86,0.86,0.86,0.86,0.86,0.86,0.86,0.85,0.86,0.86,0.86,0.86,0.86,0.86,0.86,0.81,0.86,0.86,0.86,0.86,0.86,0.86,0.86,0.86,-1.03,0.86,0.86,0.86,0.86,0.86,0.86,0.86,0.86,0.86,0.86,0.86,0.84,0.86,0.86,0.86,0.86,0.86,-1.09,0.86,0.86,0.86,0.86,0.86,0.86,0.86,0.86,0.86,0.86,0.86,0.86,0.86,0.86,0.72,0.86,0.86,0.86,0.84,0.85,0.86,0.86,0.86,0.86,0.85,0.86,0.86,0.86,0.85,-1.11,0.85,0.86,0.86,0.86,0.86,0.86,0.86,0.86,0.86,0.86,0.84,0.86,0.86,0.86,0.86,0.86,0.86,0.86,0.86,0.86,0.86,0.86,0.86,0.73,0.86,0.86,0.86,0.86,0.86,0.86,0.84,0.86,0.86,0.86,0.85,0.86,0.86,-1.07,0.86,0.86,0.86,0.86,0.86,0.86,0.86,0.86,0.86,0.86,0.84,0.86,0.86,0.85,0.86,0.86,0.86,0.86,0.85,0.86,0.86,0.86,-1.05,0.86,0.86,0.86,0.79,-1.09,0.86,0.75,0.86,0.86,0.86,0.86,0.85,0.86,0.86,0.86,0.86,0.86,0.82,0.86,0.84,0.86,0.86,0.86,0.86,0.86,0.86,0.86,-1.12,0.85,0.86,0.86,0.86,-1.14,0.86,0.86,0.86,0.86,0.86,-1.15,-1.16,0.86,0.85,0.86,0.86,0.86,0.85,0.86,0.86,0.86,0.85,0.86,0.85,0.8,0.86,0.86,0.86,0.86,0.86,0.86,-1.08,-1.06,0.84,0.83,0.86,0.86,0.85,0.86,0.86,0.85,0.86,0.86,0.86,0.86,0.86,0.86,0.86,0.86,-1.1,0.86,0.84,0.85,0.86,0.86,0.86,0.86,0.84,0.86,0.84,-1.04,0.86,0.86,0.86,0.86,0.86,0.86,0.86,0.86,0.86,-1.0,0.86,0.86,0.86,-1.13,0.86,0.76,0.86,0.82,0.86,0.86,0.86,0.86,0.86,0.86,0.83,0.86,0.86,0.85,0.86,0.86,0.83,0.86,0.86,0.86,0.86,0.86,0.85,0.86,0.86,0.86,0.86,0.86,0.86,0.86,0.84,0.86,0.82,0.86,0.86,0.85,-1.05,0.86,0.86,0.86,0.86,0.86,0.86,-1.02,0.86,0.86,0.86,0.84,0.86,-1.12,0.86,0.82,0.85,-1.02,0.86,0.86,0.86,0.86,0.86,0.84,0.86,0.86,0.86,0.86,0.86,0.86,0.86,0.85,0.86,0.86,0.86,0.86,0.84,0.81,0.86,0.86,0.75,0.85,0.86,0.72,0.86,0.86,0.71,0.86,0.85,0.85,0.85,-1.03,-1.01,0.86,0.86,0.86,0.86,0.86,0.86,0.86,0.84,0.86,0.86,0.86,0.86,0.84,0.86,0.86,0.86,0.86,0.86,0.84,0.86,0.86,-1.02,0.86,0.85,0.86,0.86,0.86,0.86,0.86,0.86,0.86,0.86,0.86,0.86,0.84,0.86,0.86,0.86,0.75,-1.08,0.86,0.81,0.86,-1.05,0.86,0.86,0.86,0.86,0.86,0.86,0.86,0.86,0.86,0.86,0.86,0.86,0.86,0.86,0.86,0.86,0.86,0.86,0.85,0.86,0.85,0.86,0.86,0.86,0.86,0.79,0.86,0.86,-1.04,0.86,0.85,0.86,0.86,-1.14,0.85,0.86,0.84,0.86,0.86,0.86,0.86,0.86,0.83,0.86,0.86,0.86,0.86,0.86,0.8,0.86,0.84,0.85,0.86,0.85,0.86,0.86,0.86,0.86,0.86,0.86,0.85,0.86,0.86,-1.04,-1.15,0.86,0.86,0.86,0.84,0.86,0.84,0.86,0.85,0.86,0.86,0.86,0.86,0.86,0.86,0.85,-1.09,-1.12,0.83,0.77,0.86,0.86,0.86,0.86,0.86,0.86,0.86,0.86,0.76,0.86,0.85,0.84,0.84,0.86,0.83,0.86,0.86,-1.03,-1.01,0.85,-1.05,0.85,0.86,0.86,0.86,0.86,0.85,0.86,0.86,0.85,0.84,0.86,0.84,0.86,0.84,0.86,0.86,0.86,0.86,0.86,0.86,0.86,0.86,0.78,0.85,0.86,0.84,0.86,0.84,0.86,0.85,-1.15,0.86,-1.03,0.84,0.86,0.85,0.86,0.86,0.85,0.86,0.86,0.86,0.86,0.86,0.84,0.86,0.86,0.86,0.86,0.86,0.86,0.86,0.86,0.86,-1.07,0.86,0.86,0.86,0.86,0.86,0.86,0.85,0.86,0.86,0.86,0.7,0.86,0.85,-1.04,0.85,0.86,0.83,-1.08,0.86,0.86,0.85,0.84,0.84,0.86,0.86,0.86,0.86,0.86,0.86,0.86,0.86,0.82,0.86,0.86,0.86,0.86,0.86,0.86,0.85,0.86,0.84,0.86,0.85,0.85,0.86,0.86,0.86,0.85,-1.03,0.86,0.86,0.86,0.85,0.84,0.86,0.86,0.85,0.86,0.86,0.86,0.84,0.86,0.84,-1.02,0.85,0.86,0.86,0.86,-1.08,0.84,0.86,0.82,0.86,0.86,0.86,0.86,0.86,-1.0,0.86,0.76,0.85,-1.07,0.86,0.86,0.86,0.79,0.86,0.86,0.86,0.86,0.86,0.86,0.85,0.86,0.86,-1.13,0.85,0.86,0.85,0.85,0.85,-1.03,0.86,0.86,0.86,0.86,0.86,0.75,0.86,0.86,0.84,0.86,0.86,0.86,0.86,0.86,0.86,0.86,0.86,0.86,0.86,0.86,-1.15,0.85,0.86,0.85,0.86,0.84,-1.19,0.82,0.86,0.67,0.86,0.86,0.85,0.86,0.85,0.86,0.71,0.81,0.85,0.86,0.86,-1.02,0.86,0.85,0.85,0.86,0.85,0.86,0.84,0.86,0.85,0.86,0.86,-1.04,0.8,0.86,0.86,0.85,0.86,0.84,0.86,0.83,0.86,0.86,0.86,0.86,0.86,0.86,0.86,0.86,0.86,0.86,0.85,0.86,0.86,0.86,0.85,0.86,0.86,0.86,0.86,0.86,0.85,0.86,0.86,0.86,-1.02,0.86,0.86,0.86,0.85,0.86,0.86,0.86,0.86,0.86,0.86,0.86,0.86,0.83,0.86,0.71,0.86,0.86,0.86,0.86,0.86,0.86,-1.03,0.86,0.86,0.86,0.84,0.86,0.85,0.86,0.86,0.86,0.86,0.86,0.86,0.86,0.86,0.86,0.83,0.86,0.86,0.86,0.86,0.85,0.86,0.86,0.86,0.86,0.86,0.86,0.86,0.83,0.86,0.86,0.85,0.84,0.86,0.86,0.86,0.86,0.86,0.85,-1.01,0.86,0.86,0.86,0.86,0.85,0.86,0.86,0.86,0.86,0.81,0.84,0.86,0.86,0.86,0.86,0.86,0.86,0.86,0.86,0.86,0.86,0.85,0.86,0.85,0.86,0.86,0.86,0.86,0.72,0.86,0.86,0.86,0.86,-1.05,0.86,0.86,0.86,0.86,0.86,0.86,-1.08,0.86,0.85,0.86,0.86,0.86,0.86,0.84,0.86,0.86,0.86,0.86,0.86,0.85,0.86,0.85,0.86,0.86,0.86,0.86,0.84,0.85,0.86,0.82,0.86,0.84,0.86,0.85,0.86,0.86,0.86,0.85,0.86,0.86,0.85,0.86,0.86,0.86,0.86,-1.02,-1.06,0.86,0.86,0.86,0.86,0.86,0.86,0.86,0.86,0.86,0.86,0.86,0.76,0.86,0.86,0.86,0.86,0.85,0.86,0.86,0.86,0.86,0.86,0.86,0.86,0.85,0.86,0.86,0.86,0.85,0.86,0.86,0.86,0.86,0.86,0.86,0.82,0.86,0.86,-1.11,0.86,0.85,0.85,0.86,0.84,0.86,0.86,0.86,0.84,0.85,0.86,0.86,0.86,0.86,0.86,0.86,0.86,0.84,0.86,0.86,0.86,0.86,0.86,0.86,-1.03,0.86,0.86,0.84,0.86,0.86,0.86,0.86,0.86,0.84,0.82,0.86,0.86,0.86,0.84,-1.13,0.85,0.86,0.85,0.85,0.85,0.85,0.86,0.86,0.86,0.84,0.85,0.86,0.86,0.86,-1.11,0.86,0.86,0.7,0.86,0.86,0.86,0.86,0.86,0.86,0.86,-1.02,0.86,0.86,0.86,0.86,0.78,0.83,0.86,-1.02,0.86,0.86,0.85,0.86,0.86,0.86,-1.11,0.85,0.86,0.86,0.86,0.86,0.86,0.86,0.86,0.86,0.86,0.86,0.86,0.85,0.86,0.86,0.86,0.86,0.86,0.86,0.85,0.84,0.86,0.86,0.86,0.84,0.86,0.84,0.85,0.86,0.73,0.85,0.86,0.86,0.76,0.86,0.86,0.86,0.86,0.86,0.86,0.86,0.86,0.86,0.86,0.86,0.86,0.86,0.86,0.86,0.86,0.86,0.84,0.85,-1.13,0.86,-1.1,0.86,0.84,0.86,0.86,0.85,0.86,0.86,0.86,0.83,0.86,-1.12,0.86,0.86,0.84,0.86,0.86,0.86,0.86,0.86,0.86,-1.07,0.84,0.85,0.86,0.86,0.86,0.83,0.86,0.86,0.86,0.86,0.86,0.86,0.84,0.86,0.86,0.82,0.86,0.86,0.86,0.86,0.85,0.86,0.85,0.86,0.85,0.85,0.86,0.86,0.86,0.86,-1.0,0.86,0.85,0.85,0.78,-1.13,0.86,0.86,-1.01,0.83,0.85,0.85,0.85,0.86,-1.14,0.79,0.85,0.86,0.86,0.83,0.86,0.85,0.86,0.86,0.86,0.86,0.86,-1.02,0.81,0.84,0.85,0.86,0.86,0.86,-1.12,0.86,0.85,0.86,0.85,0.86,0.86,0.86,0.86,0.86,0.86,0.86,0.86,0.86,0.86,0.86,-1.07,0.86,0.69,-1.14,0.75,0.86,0.86,0.86,0.86,0.85,0.85,0.86,0.85,0.79,0.86,0.86,0.86,0.86,0.86,-1.06,0.84,0.86,0.86,0.86,0.85,0.86,0.86,0.86,0.86,0.86,0.86,0.86,0.86,0.85,0.86,0.86,-1.04,0.85,-1.05,0.86,0.86,0.86,0.86,0.83,0.86,0.86,0.86,0.85,0.83,0.85,0.86,0.86,-1.06,0.86,0.86,0.86,0.86,0.86,0.86,0.86,0.84,0.86,0.86,0.86,0.86,0.86,0.86,0.86,0.86,0.86,0.86,0.86,-1.1,0.86,0.86,0.86,0.86,0.86,-1.07,-1.04,0.86,0.86,0.86,0.86,0.86,0.85,0.86,0.86,-1.03,0.86,0.85,-1.13,-1.12,0.86,0.84,-1.16,0.85,0.84,0.72,0.84,0.85,0.84,0.86,0.84,0.86,0.86,0.85,0.86,0.86,0.85,0.85,0.86,0.78,0.86,0.86,0.86,0.78,0.77,-1.01,0.84,0.78,0.85,0.86,0.81,0.86,0.86,0.86,0.86,-1.25,0.85,0.86,0.86,0.86,0.81,0.86,0.86,0.76,0.85,0.86,0.86,0.71,0.86,0.86,0.85,0.84,0.85,0.85,-1.1,0.71,0.85,0.85,0.86,0.86,0.85,0.86,0.84,0.86,0.86,0.86,0.86,0.86,0.85,0.86,0.86,0.86,0.84,0.86,0.86,0.86,0.86,0.86,0.86,0.74,0.84,0.86,0.86,0.86,0.86,0.85,0.86,0.86,0.86,0.86,0.72,0.86,0.85,0.82,0.86,0.85,0.86,0.86,0.86,0.85,0.86,0.86,0.86,0.86,0.86,0.86,0.86,0.79,0.86,0.86,0.73,0.86,0.86,0.81,0.86,0.86,0.85,0.86,0.86,0.86,0.84,0.86,0.85,0.86,0.86,0.86,0.86,0.86,0.86,0.86,0.86,0.86,0.86,0.86,0.86,0.75,0.86,0.86,0.84,0.86,-1.08,0.86,0.86,0.86,0.84,0.86,0.86,0.86,0.86,0.86,-1.11,0.86,0.86,0.86,0.83,0.86,0.86,0.73,0.86,0.86,0.86,0.86,0.84,0.86,0.86,-1.25,0.86,0.86,0.86,0.85,0.86,0.83,0.71,0.86,-1.09,0.86,0.86,0.86,0.86,0.86,0.86,0.86,0.7,0.86,0.86,0.86,0.86,0.86,0.86,0.86,0.85,0.86,0.84,0.86,0.86,0.86,0.86,0.86,0.85,0.86,0.86,0.86,0.86,0.86,0.86,-1.02,0.86,0.86,0.86,0.86,0.84,0.85,0.86,0.86,0.86,0.86,0.86,0.85,0.86,0.84,0.86,0.86,0.86,0.86,0.86,0.84,0.86,0.86,0.86,0.86,0.86,0.86,0.86,0.86,0.84,0.86,0.86,0.86,0.85,0.85,0.86,0.86,0.85,0.86,0.86,0.86,0.85,0.86,0.86,0.86,0.86,0.86,0.86,0.86,0.86,0.84,-1.04,0.86,0.86,0.86,0.78,0.86,0.86,-1.06,0.84,0.86,0.83,0.86,0.86,0.86,0.86,0.86,0.86,0.86,0.86,-1.03,0.86,-1.12,-1.13,0.86,0.85,0.85,0.85,-1.05,0.75,-1.13,0.86,0.74,0.85,0.86,0.84,0.86,0.86,0.86,0.85,0.86,0.85,0.85,0.86,0.85,0.85,0.86,-1.04,0.86,0.86,0.84,0.86,0.86,0.86,0.86,0.86,0.86,0.86,0.86,0.86,0.86,0.86,0.86,0.8,-1.09,0.86,0.75,0.84,0.86,0.86,0.86,0.86,0.86,0.86,0.86,0.86,0.86,0.86,0.86,0.86,0.86,0.86,0.86,-1.06,0.83,0.86,0.86,0.86,0.79,0.86,0.84,0.85,0.83,-1.01,0.85,0.84,0.86,0.86,0.83,0.84,0.86,0.86,0.86,0.86,0.86,0.86,0.86,0.85,0.86,0.86,0.86,0.81,0.86,0.86,0.86,0.86,0.83,0.86,0.86,0.86,-1.02,0.86,0.86,0.8,0.85,0.86,0.86,0.86,0.86,0.86,0.85,0.84,0.86,0.86,0.86,0.85,0.86,0.81,0.86,0.62,0.84,0.86,-1.03,0.86,0.83,0.86,0.86,0.86,0.86,0.86,-1.18,0.86,-1.0,0.86,0.83,0.86,0.86,0.86,0.86,0.86,0.86,0.86,0.78,0.86,0.86,0.86,0.85,0.86,0.86,0.85,0.86,-1.13,0.86,0.84,0.86,0.86,0.86,0.86,0.86,0.84,0.85,0.86,0.86,0.85,-1.08,0.86,0.86,0.86,0.86,0.86,0.86,0.81,-1.19,0.81,0.86,0.85,0.84,0.83,0.85,0.86,0.86,0.86,0.86,0.86,-1.02,0.84,-1.09,0.85,0.86,0.83,0.86,0.85,0.84,-1.02,0.84,0.85,0.86,0.86,0.86,0.85,0.86,0.86,0.84,0.86,0.86,0.83,0.86,0.86,0.86,0.84,0.86,0.86,0.86,0.84,0.86,0.85,0.86,0.86,0.86,0.86,0.85,0.86,0.86,0.86,0.86,0.86,0.86,0.86,0.85,0.86,0.86,0.86,0.85,0.86,0.86,0.75,0.86,0.86,0.86,0.86,0.86,0.86,0.86,0.85,0.86,0.81,0.86,0.86,0.86,-1.0,-1.06,0.82,0.86,0.86,0.86,0.86,0.77,0.85,0.86,0.86,-1.06,0.86,0.86,0.86,0.86,0.86,0.86,0.86,0.86,0.86,0.86,0.86,0.86,0.85,0.86,0.86,0.83,0.86,0.86,0.84,0.86,0.86,-1.03,0.84,0.86,0.86,0.84,0.86,0.86,0.86,0.86,-1.0,0.84,-1.1,0.86,0.84,0.86,0.84,0.86,0.86,0.86,0.86,0.86,0.84,0.86,0.86,0.86,0.86,0.86,0.86,0.84,0.84,0.86,0.86,0.86,0.86,0.86,0.86,0.86,0.86,0.86,0.86,0.84,0.86,-1.01,0.72,0.85,0.83,0.85,0.84,0.86,0.86,0.86,0.85,0.85,0.86,0.86,0.84,0.86,0.83,0.86,0.86,0.86,0.86,0.86,0.86,0.86,-1.25,0.86,0.86,0.86,0.86,0.85,-1.09,0.86,0.86,0.86,0.86,0.86,0.86,0.84,0.86,0.86,0.86,0.86,0.86,0.86,0.86,0.85,0.86,0.85,0.86,0.86,0.85,0.86,0.86,0.86,0.84,0.86,0.86,0.86,0.86,0.86,0.86,0.83,0.85,0.86,0.86,0.79,0.86,0.83,0.86,0.86,0.86,0.86,0.86,0.82,0.86,0.86,0.86,0.86,0.85,0.86,0.86,0.86,0.86,0.86,0.86,0.86,0.86,0.86,0.86,0.86,0.85,0.86,0.84,0.79,0.84,0.85,0.86,0.86,0.86,0.86,0.86,0.86,0.86,0.86,0.86,0.86,-1.13,0.86,0.85,0.86,0.86,0.8,0.86,0.86,0.86,0.86,0.86,0.86,0.86,0.86,0.86,0.86,0.86,0.86,0.86,0.86,0.86,0.86,0.86,0.86,0.86,0.86,0.86,0.86,0.86,0.86,0.86,0.86,-1.12,-1.1,0.86,0.86,0.86,0.86,0.86,-1.02,0.84,0.83,0.86,0.86,0.86,-1.12,0.85,0.85,0.8,0.86,0.86,0.78,0.86,0.85,0.86,0.86,0.85,0.86,0.85,0.86,0.86,0.86,0.86,0.84,0.86,0.85,0.86,0.86,0.86,0.86,0.86,0.86,0.86,0.86,0.86,0.86,0.86,0.86,-1.08,0.86,0.85,0.86,0.86,-1.02,0.86,0.86,-1.13,0.86,0.85,0.86,0.86,0.86,0.86,0.86,0.86,0.86,0.86,0.86,0.84,0.86,0.85,0.84,0.86,0.82,0.71,0.86,0.86,0.74,0.86,0.85,0.84,0.85,0.86,0.86,0.86,0.84,0.86,0.86,0.86,0.86,0.8,0.86,0.86,0.86,0.86,0.86,0.86,0.86,0.86,0.86,0.85,0.84,0.85,0.83,0.86,0.86,0.86,0.86,0.84,0.86,0.86,0.86,0.86,0.86,0.86,0.81,0.85,0.86,0.86,0.78,0.86,0.86,0.86,0.86,0.86,0.85,0.86,0.86,0.86,0.86,0.84,0.86,0.86,0.86,0.86,0.86,0.86,0.86,0.86,0.86,0.86,0.86,0.86,0.86,-1.12,-1.08,0.73,-1.03,0.79,0.86,0.85,0.86,0.86,0.86,0.86,0.76,0.84,0.86,0.86,0.85,0.86,0.86,0.84,0.83,0.86,0.86,0.86,0.86,0.86,0.86,0.86,0.86,0.86,0.86,0.86,0.86,0.86,0.86,0.86,0.86,0.86,0.86,0.86,0.86,0.86,0.86,-1.07,0.7,0.86,0.86,0.86,0.86,0.86,0.86,0.78,-1.04,0.85,0.86,0.86,0.86,0.86,0.86,-1.01,0.85,0.86,0.85,0.86,0.86,-1.09,0.84,0.86,0.86,-1.04,0.86,0.86,0.86,0.86,0.85,0.86,0.86,0.86,0.86,0.86,0.86,0.86,0.85,0.86,0.86,0.86,0.84,0.86,0.71,0.86,0.86,0.86,0.86,0.86,0.77,0.86,0.86,0.86,0.86,-1.07,0.84,0.86,0.86,0.86,0.86,0.86,0.86,0.85,0.85,0.86,0.86,0.86,0.86,0.86,0.84,0.84,0.86,0.86,0.86,0.83,0.86,0.86,0.86,0.86,0.86,0.84,0.86
0.82,-1.22,-1.17,0.85,-1.0,-1.05,-1.23,-1.11,0.8,0.83,-1.06,0.77,0.81,-1.11,0.83,0.84,0.67,-1.11,0.8,-1.06,0.84,0.82,0.85,-1.2,0.84,0.86,-1.06,0.84,-1.01,0.77,0.78,0.75,0.86,0.86,-1.08,0.8,0.82,0.59,0.86,-1.03,0.86,0.66,0.8,0.86,0.77,0.81,0.74,-1.08,0.86,0.79,-1.06,0.85,0.82,0.84,0.86,0.86,0.86,0.86,0.86,0.86,0.86,0.86,0.86,0.86,0.86,0.86,0.86,0.86,0.86,0.85,-1.14,0.86,0.86,0.86,0.86,0.86,0.78,0.86,0.86,-1.37,0.7,0.84,0.86,0.77,-1.08,0.84,-1.15,0.86,0.86,0.86,0.86,0.86,0.86,0.86,0.86,0.86,0.86,0.71,0.86,0.86,0.86,0.86,0.86,0.86,0.86,0.86,0.86,0.84,0.86,0.86,0.86,0.84,0.86,-1.07,0.86,0.86,-1.02,0.86,0.86,0.86,0.86,0.86,0.86,0.86,0.86,-1.03,0.85,0.86,0.86,0.86,-1.03,0.86,0.86,0.86,0.86,0.86,0.86,0.86,0.86,-1.05,0.86,0.86,0.84,0.86,0.83,0.86,0.85,0.71,0.86,0.86,0.86,0.86,0.86,0.86,0.86,0.86,0.86,0.86,0.86,0.85,0.86,0.86,0.86,0.86,0.86,0.86,0.86,0.86,0.86,0.86,0.86,0.85,0.82,0.86,0.77,0.86,0.86,0.84,0.86,0.86,0.86,0.86,0.86,0.86,0.86,0.86,0.84,0.86,0.86,0.86,0.86,0.86,0.86,0.86,0.86,0.85,0.84,0.86,0.86,0.86,0.84,0.85,0.85,-1.02,0.86,0.86,0.86,0.86,0.86,0.86,-1.1,0.86,0.86,0.85,0.86,0.86,0.85,0.86,0.86,0.86,0.86,0.86,0.86,0.86,0.86,0.86,0.86,0.86,0.86,0.86,0.86,0.86,0.86,0.86,0.86,0.71,0.86,0.86,0.86,0.86,0.86,-1.1,0.86,0.86,0.84,0.86,0.86,0.84,0.86,0.86,0.85,0.86,0.85,0.86,0.86,-1.03,0.85,0.86,0.86,0.86,0.86,0.86,0.86,0.74,0.85,0.86,0.86,0.86,0.86,0.86,0.86,0.86,0.86,0.86,0.86,0.86,0.86,0.86,0.86,0.86,0.86,0.75,0.8,0.86,0.84,0.84,0.86,0.85,0.86,0.86,0.86,0.86,0.86,0.86,0.86,-1.06,0.85,-1.0,0.86,-1.07,0.86,0.85,0.86,0.83,0.86,0.86,0.86,0.86,0.86,0.86,0.81,0.86,0.83,0.86,0.86,0.86,0.86,0.86,0.85,0.86,0.86,0.86,0.86,0.74,0.86,0.86,0.86,-1.13,0.86,0.86,0.86,0.84,0.86,0.86,0.86,0.86,0.86,0.86,0.83,0.81,0.86,0.86,0.86,0.86,0.86,0.86,0.86,0.86,0.86,0.86,0.86,0.86,0.86,0.86,0.86,-1.05,0.86,0.86,0.86,0.86,0.86,0.86,0.86,0.86,0.86,0.86,0.86,0.86,0.86,0.86,0.86,0.86,0.86,0.86,0.86,0.86,0.86,0.86,-1.05,0.75,0.86,0.86,0.86,0.85,0.86,0.86,0.86,0.84,0.85,0.86,0.86,0.86,0.86,0.86,0.86,-1.14,0.86,0.82,0.84,0.86,0.86,0.86,0.86,0.86,0.86,0.86,0.86,0.85,0.86,0.71,0.86,0.86,0.86,0.84,-1.13,0.86,0.86,0.86,0.86,0.86,0.83,0.86,0.86,0.86,0.86,0.86,0.86,0.86,0.82,0.86,0.82,0.86,0.86,0.86,0.86,0.86,0.86,0.86,0.86,0.86,0.86,0.86,0.86,0.86,0.86,0.86,0.85,0.86,0.85,0.85,0.86,0.86,0.86,0.86,0.86,0.86,0.86,0.86,0.86,0.86,0.84,0.86,0.86,0.86,0.86,0.84,0.86,0.86,0.86,0.83,0.86,0.86,0.86,0.86,0.86,0.86,0.86,0.86,0.86,0.85,0.86,0.86,0.86,0.86,0.85,0.86,0.86,0.86,0.86,0.86,0.85,0.86,0.86,0.86,0.86,0.85,0.86,0.86,0.86,0.86,0.86,0.86,0.85,0.86,0.83,-1.02,0.86,0.84,0.85,0.86,0.86,0.86,0.86,0.86,0.86,0.86,0.86,0.7,0.86,0.86,0.85,0.86,0.86,0.86,0.86,0.85,0.86,0.86,0.86,-1.03,0.85,0.86,0.85,0.86,0.85,0.86,-1.12,0.86,0.86,0.86,0.84,-1.14,0.85,0.84,0.86,0.86,0.86,0.86,0.86,0.86,0.86,0.86,-1.09,0.86,0.86,0.86,0.86,0.85,0.86,0.84,0.85,0.86,0.85,0.86,0.86,0.84,0.86,0.86,0.85,0.86,0.85,0.86,0.86,0.86,0.86,0.86,0.84,0.86,0.86,0.86,0.86,-1.11,0.86,0.86,0.86,0.86,0.86,0.86,0.86,0.86,0.86,0.84,0.85,0.86,0.86,-1.13,0.86,0.85,0.86,0.86,0.86,0.86,0.77,0.85,0.86,0.86,0.86,0.85,0.86,0.86,0.86,0.84,0.86,0.86,0.86,0.86,0.86,0.86,0.86,-1.09,0.86,0.86,0.76,0.85,0.86,0.85,0.85,0.86,0.86,0.85,0.85,0.86,-1.05,0.85,0.86,0.86,0.85,0.86,0.86,0.86,0.86,0.86,0.86,0.85,0.84,0.86,-1.04,0.86,0.86,0.86,0.86,0.86,0.86,0.86,0.82,0.84,0.84,0.86,0.84,0.84,-1.02,0.85,0.86,0.86,0.86,0.86,0.86,0.86,0.86,0.86,0.86,0.85,0.86,0.86,0.86,0.86,0.86,0.86,0.86,0.86,0.86,-1.02,0.86,0.86,0.86,0.86,0.84,0.86,0.86,0.86,0.86,-1.04,0.86,-1.12,0.86,0.86,0.86,0.77,0.86,0.73,0.86,0.86,0.83,0.86,0.86,0.86,0.85,0.86,0.84,0.86,0.74,0.86,-1.05,0.84,0.86,0.86,0.86,0.86,0.86,0.86,0.86,0.86,0.86,0.86,0.86,0.86,0.86,0.86,0.86,0.86,0.86,0.86,-1.0,0.86,0.86,0.86,0.86,0.86,0.86,0.86,0.85,0.86,0.86,0.86,0.86,-1.12,0.82,0.86,0.86,0.86,0.86,0.86,0.86,0.86,-1.02,0.86,0.85,0.86,0.86,0.86,0.86,0.86,0.86,-1.04,0.86,0.86,0.86,0.85,0.86,0.85,0.86,0.86,0.86,0.86,0.86,0.84,0.86,0.86,0.86,-1.01,0.86,0.86,0.84,0.86,0.82,0.78,0.83,0.86,0.86,0.86,0.86,0.86,0.86,-1.13,0.86,0.86,0.86,0.86,0.84,0.83,0.86,0.85,0.86,0.86,0.72,0.86,0.86,0.85,0.86,0.85,0.86,0.86,0.86,0.86,-1.05,0.84,0.86,0.86,0.86,0.86,0.86,0.86,0.86,0.86,0.86,0.86,0.86,0.86,-1.1,-1.13,0.86,0.86,0.85,0.86,0.86,0.86,0.86,0.85,0.86,0.86,0.86,-1.02,0.86,0.86,0.86,0.83,0.86,0.85,0.7,0.86,0.82,0.85,0.86,0.86,0.86,0.86,0.86,0.86,0.84,0.86,0.85,0.86,0.86,0.86,0.86,0.86,0.86,0.85,0.84,0.85,0.86,0.86,0.84,0.86,0.85,0.86,0.86,0.84,0.86,0.8,0.86,0.86,0.86,0.86,0.86,0.86,-1.1,0.86,0.86,0.85,0.86,0.86,0.86,0.84,-1.12,0.86,0.86,0.86,0.86,0.86,0.84,0.86,0.86,0.86,0.85,-1.03,0.86,0.86,-1.05,0.83,0.85,0.86,0.86,-1.11,0.84,0.83,0.85,0.71,0.85,0.84,0.86,0.85,0.86,0.86,0.86,0.86,-1.05,0.86,-1.14,0.86,0.86,0.86,0.86,0.86,0.86,0.86,0.85,0.86,0.86,0.85,0.85,-1.12,0.86,0.86,0.86,0.86,0.86,0.86,0.86,0.83,0.85,0.86,0.86,0.81,0.86,0.78,0.86,0.86,0.71,0.86,0.86,0.86,0.86,0.85,0.86,0.86,0.86,0.84,0.86,0.86,0.83,0.86,0.86,0.86,0.86,0.84,0.86,0.86,0.86,0.86,0.86,0.84,0.84,-1.07,0.84,-1.0,0.86,0.86,0.86,0.86,0.86,0.86,0.86,0.86,0.86,0.86,0.86,0.86,0.86,0.86,0.86,0.86,0.86,0.86,0.86,0.86,0.86,0.86,0.85,0.86,0.86,-1.05,0.86,0.83,0.86,0.86,0.83,0.84,0.85,0.86,0.84,0.86,0.85,0.86,0.86,0.86,0.86,0.86,0.84,-1.09,0.86,0.84,0.86,0.86,0.86,0.86,0.86,0.86,-1.11,0.86,0.8,0.85,0.82,0.85,0.86,0.86,0.86,0.86,0.71,0.85,0.86,0.86,0.82,0.86,0.86,0.84,0.86,0.86,0.86,0.76,0.84,-1.02,0.72,0.84,0.86,0.86,0.86,0.86,0.85,0.86,0.7,0.86,0.86,0.84,0.85,0.85,0.85,0.86,0.82,-1.11,0.85,0.86,0.86,0.86,0.86,0.86,0.86,0.86,0.86,0.86,0.86,0.86,0.86,0.86,0.86,0.83,0.86,0.86,0.86,0.86,0.86,0.86,0.86,0.85,0.86,0.86,0.73,-1.06,0.71,0.86,0.86,0.86,0.86,0.86,0.83,0.86,0.82,0.84,0.86,0.84,0.86,0.86,0.86,0.83,-1.02,0.85,0.86,0.85,0.85,0.86,0.86,0.83,0.85,0.84,0.86,0.86,0.86,0.86,0.86,0.86,0.86,0.86,0.86,0.85,0.84,0.86,0.86,0.85,0.86,0.86,0.75,0.86,0.85,0.86,0.72,0.86,0.86,0.86,0.86,0.86,0.86,0.77,0.86,0.86,0.86,0.84,0.86,0.86,0.86,-1.01,-1.04,0.85,0.86,0.86,0.84,0.86,0.84,0.86,-1.02,0.85,0.86,0.84,0.84,0.86,0.86,0.86,0.86,0.86,0.86,0.86,0.86,0.86,0.86,0.86,0.86,0.8,0.77,0.85,0.78,0.83,0.86,0.86,0.81,0.86,0.86,0.86,0.86,0.86,-1.01,0.86,0.86,0.85,0.86,0.86,0.86,0.85,0.86,0.86,0.82,0.86,-1.06,0.84,0.85,0.84,0.86,0.86,0.86,0.86,0.71,0.86,0.86,-1.15,0.86,0.86,-1.02,0.86,0.85,0.86,0.74,0.84,0.86,0.86,0.86,0.86,0.86,-1.07,0.86,0.84,0.85,0.85,0.86,0.81,0.83,0.86,0.85,0.86,0.86,0.86,0.86,0.84,0.86,0.86,0.86,0.86,0.86,0.84,0.86,0.86,0.85,0.86,0.86,0.84,0.85,0.86,0.86,0.86,0.86,0.86,0.86,0.85,0.86,0.86,0.86,0.85,0.86,0.86,0.84,0.86,0.86,0.84,0.86,0.86,0.86,0.85,0.86,0.86,0.84,0.84,0.86,0.85,0.86,0.83,0.86,0.86,0.86,0.86,0.86,0.86,0.86,0.86,0.85,0.85,0.86,0.85,0.86,0.86,0.86,0.86,0.86,0.86,0.86,0.86,0.86,0.86,0.86,0.85,0.86,0.86,0.86,0.7,0.86,0.84,0.86,0.86,0.86,0.85,0.86,0.86,0.86,0.86,0.86,0.84,0.86,0.86,-1.09,0.83,0.86,0.86,0.86,0.86,0.86,0.86,0.86,0.83,0.85,0.86,0.86,0.84,0.86,0.86,0.86,0.86,-1.0,0.73,0.86,0.85,0.86,0.86,0.85,0.86,0.86,0.86,0.84,0.86,0.86,0.86,0.86,0.86,0.86,0.86,0.86,0.84,0.86,0.86,0.86,0.84,0.86,0.86,0.86,-1.0,0.86,0.86,0.72,0.75,0.86,-1.13,0.82,0.86,0.86,0.84,0.86,0.86,0.86,0.86,0.86,0.85,0.86,0.72,0.86,0.86,0.86,-1.02,0.84,0.86,0.86,0.86,0.86,0.86,0.85,0.86,0.86,-1.05,0.85,0.85,0.86,0.85,0.85,0.78,-1.03,0.86,0.86,0.86,0.86,0.86,0.86,0.86,0.86,0.86,0.86,0.86,0.85,0.86,0.86,0.86,0.81,0.85,0.86,0.86,0.84,0.86,0.86,-1.25,0.86,0.86,-1.03,0.86,0.86,0.85,0.86,0.86,0.86,0.86,0.85,0.86,-1.13,0.86,0.86,0.86,0.86,0.86,0.86,0.86,0.86,0.86,0.86,0.84,0.85,-1.11,0.85,0.86,0.86,0.84,0.86,-1.11,0.86,0.86,0.85,0.86,0.86,0.86,0.84,0.71,-1.13,0.86,0.85,0.86,-1.06,0.86,0.85,0.86,0.85,0.86,0.86,0.86,0.86,0.86,0.86,0.86,0.86,0.85,0.86,0.86,0.86,0.86,0.86,0.86,0.86,0.86,0.85,0.86,0.86,-1.13,0.86,0.86,0.86,0.84,0.8,0.84,0.86,0.86,0.86,0.86,0.86,0.83,0.86,0.86,0.86,0.86,-1.0,0.86,0.86,0.83,0.86,0.86,-1.11,0.85,0.85,0.86,0.86,0.77,0.86,0.86,0.86,0.86,0.84,0.73,0.86,0.86,0.71,0.84,0.86,-1.12,0.85,0.86,0.86,0.85,0.86,0.85,0.86,0.86,0.86,0.86,0.86,0.86,0.86,0.84,0.86,0.86,0.86,0.86,0.86,0.84,0.86,0.86,0.86,0.85,-1.17,0.86,0.86,0.85,0.86,0.86,0.86,0.86,-1.01,0.85,0.86,0.86,0.86,0.86,0.86,0.78,-1.13,0.86,0.86,0.86,0.86,-1.0,-1.05,0.86,0.86,0.86,0.85,0.86,0.86,0.86,0.86,0.85,0.86,0.86,0.86,0.86,0.86,0.86,0.86,-1.11,0.86,0.86,0.86,0.86,0.84,0.85,0.85,0.85,0.86,0.74,0.86,0.86,0.86,0.86,-1.0,0.86,-1.04,0.86,0.86,-1.06,0.71,0.85,0.86,0.86,0.86,0.86,0.85,0.86,0.86,0.86,0.86,0.86,0.86,0.85,0.86,0.84,0.85,0.86,0.86,0.8,0.85,0.84,0.86,0.73,0.86,0.85,0.86,-1.12,0.82,0.86,0.86,0.86,0.8,0.83,0.86,0.86,0.84,0.85,0.84,0.86,0.86,0.86,-1.02,-1.06,0.85,0.84,0.86,0.86,0.86,0.86,0.86,0.86,0.86,0.86,0.86,0.81,0.86,0.86,0.85,0.85,0.72,0.86,0.86,0.86,0.86,0.86,0.86,0.86,0.86,0.86,0.81,0.86,0.85,0.83,0.86,0.84,0.85,0.86,0.86,0.73,0.86,0.86,0.86,0.86,0.86,0.86,0.86,0.84,0.86,0.86,0.85,0.85,0.86,0.86,0.86,0.86,0.86,0.86,0.86,0.86,0.86,0.86,0.86,-1.1,0.86,0.86,-1.14,0.85,0.86,0.86,0.86,0.79,0.86,0.86,0.86,0.86,0.86,0.84,0.84,0.86,0.86,-1.03,0.84,-1.02,-1.13,0.86,0.86,0.85,-1.0,0.79,0.86,0.86,0.85,0.86,-1.09,0.86,0.84,0.86,0.8,0.83,-1.08,0.86,0.85,0.86,0.86,0.86,0.84,0.86,0.86,0.86,0.86,0.86,0.86,0.86,0.86,0.86,0.86,0.86,0.86,0.86,0.86,0.84,0.86,0.86,0.71,0.86,0.86,0.86,0.86,0.86,0.86,0.86,0.86,0.86,0.86,0.86,0.86,-1.08,0.86,-1.11,0.86,0.83,0.85,0.86,0.86,0.85,0.84,0.85,0.85,0.86,0.86,0.86,0.86,0.86,0.86,0.86,0.86,0.86,0.77,0.86,0.85,0.86,0.81,0.86,0.85,0.86,0.84,0.86,0.86,0.86,0.86,0.85,0.86,0.83,0.86,0.86,0.85,0.86,0.86,0.86,0.86,0.86,0.86,0.85,0.86,0.86,0.86,0.86,0.86,0.86,0.86,0.59,-1.02,0.86,0.86,0.86,0.86,0.86,0.86,0.86,-1.1,0.86,0.84,0.86,0.86,0.86,0.86,0.86,0.86,0.86,0.86,0.86,0.86,0.86,0.86,0.86,0.86,0.86,0.84,0.86,0.86,0.86,0.86,0.85,0.84,0.85,0.86,0.86,0.86,0.86,0.86,0.86,0.86,0.86,0.85,0.86,0.86,0.86,0.86,0.86,0.85,-1.13,0.86,0.86,0.86,0.85,0.85,0.84,0.86,0.86,0.86,0.86,0.85,0.84,0.86,0.84,0.85,0.86,0.83,-1.03,0.86,0.86,0.86,0.86,0.86,0.86,0.86,0.86,0.85,0.86,0.85,0.86,0.86,0.86,0.86,0.85,0.86,0.86,0.86,0.86,0.85,0.86,0.86,0.86,0.86,0.85,0.86,-1.09,0.86,0.86,0.83,0.86,0.86,0.86,0.86,-1.12,0.86,0.85,0.85,0.86,0.85,0.86,0.86,0.86,0.86,0.86,0.86,0.86,0.86,0.86,-1.06,-1.06,0.86,-1.14,-1.03,0.85,0.86,-1.03,0.78,-1.02,0.86,0.83,-1.09,0.86,0.85,0.85,0.86,0.86,0.85,0.86,0.8,0.86,0.86,0.86,0.86,0.86,0.86,0.86,0.86,0.86,0.77,0.86,0.86,0.86,0.86,0.85,0.86,0.86,0.86,0.86,0.77,0.86,0.86,0.86,0.7,0.86,0.86,0.85,0.86,0.76,0.86,0.86,0.86,0.86,-1.03,0.86,0.86,0.69,0.84,0.86,0.86,0.86,0.86,0.86,0.86,0.86,0.86,0.86,0.86,0.86,0.86,0.85,0.86,0.86,0.86,0.86,0.86,0.86,0.86,0.85,0.86,-1.12,0.86,0.82,0.86,0.85,0.86,0.84,0.86,-1.07,0.85,0.85,0.86,0.86,0.84,0.85,0.86,0.86,0.86,0.86,0.8,0.86,0.86,0.85,0.86,0.86,0.84,0.86,0.86,0.86,0.86,0.86,0.84,0.86,0.79,-1.13,0.86,-1.02,0.85,0.86,0.85,0.86,0.86,0.86,0.85,0.85,0.86,0.84,0.86,0.86,0.84,0.86,0.86,0.86,-1.06,0.86,0.86,0.86,0.85,0.86,0.86,0.86,-1.03,0.86,0.86,0.86,0.86,0.86,0.85,0.86,0.86,0.86,0.84,0.86,0.74,0.86,0.86,0.86,0.86,0.83,0.86,0.86,0.86,0.86,0.86,0.86,0.84,0.86,0.86,0.86,0.86,0.86,0.86,0.85,0.86,0.86,0.86,0.86,-1.14,-1.11,0.86,0.86,0.86,0.86,-1.03,0.86,0.86,0.79,0.85,0.86,0.86,0.86,0.86,0.86,0.86,0.86,0.86,0.83,0.86,0.86,0.86,0.86,0.86,0.84,0.85,0.86,0.86,0.86,0.86,-1.03,0.86,-1.12,0.83,0.86,0.86,0.86,0.7,0.86,0.86,0.86,0.86,0.86,0.86,0.86,0.86,0.86,0.86,0.86,0.86,0.86,0.86,0.85,0.84,0.86,-1.12,0.85,0.86,0.86,0.86,0.86,0.86,0.86,0.86,0.86,-1.09,0.86,0.86,0.84,0.86,0.86,0.84,0.86,0.86,0.86,0.86,0.86,0.86,0.86,0.78,0.85,0.77,0.84,0.86,0.86,-1.12,0.85,0.86,0.86,0.86,0.86,0.86,0.86,0.85,0.86,0.86,0.86,0.85,0.85,0.86,0.86,0.7,0.86,0.86,0.86,0.86,0.86,0.86,0.86,0.84,0.86,0.86,0.86,0.83,0.86,0.86,0.86,0.86,-1.13,0.83,0.86,0.86,0.85,0.83,0.86,0.86,0.86,-1.02,0.85,0.85,0.86,0.86,0.86,-1.02,0.85,0.84,0.86,0.85,0.86,0.85,0.84,0.86,0.86,0.85,-1.12,0.86,0.86,0.85,0.86,-1.02,-1.11,0.86,0.86,-1.04,0.86,0.86,0.86,0.85,0.86,0.86,0.86,0.86,0.86,0.85,-1.03,0.86,0.86,0.84,0.85,0.86,0.84,0.84,0.85,0.85,0.85,0.86,0.82,0.86,0.86,0.86,0.86,0.86,0.86,0.86,0.85,0.86,0.86,0.86,0.86,0.85,0.86,0.86,0.86,-1.04,0.85,0.84,0.86,0.86,0.86,0.86,0.86,0.86,0.86,0.86,0.86,0.85,0.86,-1.01,0.86,0.86,0.85,0.86,0.86,0.86,0.84,0.86,0.86,0.86,-1.1,0.86,0.86,0.86,0.86,0.86,0.86,0.86,0.86,0.86,0.86,0.86,0.86,-1.17,0.86,0.76,0.86,0.86,0.86,0.86,0.86,0.84,0.84,0.86,0.86,0.84,0.86,0.86,0.86,0.86,0.85,0.86,0.86,0.86,0.86,0.7,0.85,0.86,0.86,0.86,0.82,0.86,0.86,0.86,0.86,0.84,0.85,0.85,0.86,0.86,-1.07,0.86,0.85,0.86,0.85,-1.04,0.86,0.86,0.85,0.86,0.86,0.78,0.85,0.86,0.81,0.86,0.86,0.86,0.85,0.85,0.86,0.86,0.74,0.85,0.85,0.86,0.86,0.86,0.86,0.86,0.86,0.8,0.81,0.86,0.74,0.86,0.86,0.85,0.86,0.86,0.86,0.86,0.86,0.85,-1.02,0.86,0.85,0.86,-1.1,0.86,-1.14,0.86,0.86,0.86,0.86,0.86,0.86,0.85,0.86,0.84,0.86,0.75,0.83,0.86,-1.05,0.86,0.86,-1.05,0.86,0.85,0.86,0.86,0.86,0.72,0.85,-1.04,0.85,0.86,0.83,0.86,0.86,0.86,0.86,0.86,-1.02,0.86,0.84,0.85,0.85,0.86,0.86,0.86,0.84,-1.11,0.85,0.86,0.86,0.86,-1.15,0.86,0.84,0.85,-1.05,0.84,0.85,0.83,0.85,0.85,0.85,0.86,0.86,0.86,0.85,0.86,0.86,0.86,0.86,-1.09,0.85,0.86,0.82,0.64,0.86,0.86,0.86,0.86,0.86,0.86,-1.0,0.86,0.86,0.86,0.86,0.86,0.85,0.86,0.84,0.86,0.85,0.85,0.85,0.86,-1.14,0.86,0.84,0.86,0.86,0.83,0.86,0.86,0.86,0.86,0.84,0.86,0.86,0.86,0.86,-1.1,-1.02,0.86,0.83,0.86,0.86,-1.03,0.86,0.86,-1.02,0.86,0.85,0.86,0.85,0.86,0.86,0.86,0.86,0.86,0.86,0.86,0.86,-1.0,0.75,0.86,0.86,-1.02,0.85,0.86,0.85,0.86,0.85,0.85,0.86,-1.0,0.86,0.86,0.86,-1.0,-1.03,0.86,0.86,0.85,0.86,0.86,0.85,0.85,0.86,0.86,0.86,0.85,0.86,0.86,0.86,0.86,0.85,0.86,0.86,0.86,-1.02,0.86,0.84,0.86,0.86,0.86,0.86,0.86,0.85,0.86,0.86,0.86,-1.12,0.86,0.86,0.86,0.86,0.86,0.86,0.86,0.86,0.86,0.86,0.83,0.84,0.86,0.86,0.86,0.86,-1.05,0.86,0.85,-1.13,0.86,0.84,0.84,0.85,0.86,0.84,0.86,0.86,0.86,0.86,0.86,0.86,0.84,0.85,0.86,0.86,0.86,0.82,0.86,0.86,0.86,0.71,0.86,-1.03,0.86,0.84,0.86,0.86,0.86,0.86,0.86,0.86,0.86,0.86,0.86,0.84,0.86,0.86,0.86,0.86,0.83,0.86,0.85,0.86,0.86,0.86,0.86,0.86,-1.14,0.86,0.85,0.86,0.86,0.86,0.86,0.86,0.86,0.86,0.86,0.86,0.86,0.72,0.86,0.83,0.82,0.86,0.86,0.86,0.86,0.86,0.85,0.86,0.85,0.83,0.86,0.86,0.86,0.86,0.86,0.86,0.86,0.86,0.86,0.84,0.86,0.85,0.86,0.86,0.85,0.86,0.86,0.86,0.84,0.86,0.86,0.86,0.85,0.83,0.86,0.85,0.86,-1.12,0.85,0.86,0.86,0.86,-1.12,-1.02,0.86,0.85,0.86,-1.0,0.86,0.86,0.86,0.84,0.85,0.86,0.86,0.84,0.86,0.84,0.86,0.85,0.86,0.86,0.86,0.86,0.86,0.86,0.86,0.86,0.81,0.86,0.86,0.86,0.86,0.86,0.86,0.86,0.86,0.86,-1.14,0.86,0.86,0.86,0.85,0.86,0.86,0.86,0.86,0.86,0.86,0.86,0.86,0.78,0.86,0.86,0.86,0.84,0.8,0.86,0.85,0.86,0.86,0.85,0.85,-1.13,0.86,0.86,0.86,0.86,0.86,0.86,0.86,0.84,0.85,0.86,0.86,0.86,0.86,0.8,0.86,0.84,0.86,0.86,0.86,0.84,0.84,0.86,0.86,0.86,0.86,0.86,0.86,0.86,0.86,-1.14,0.86,0.86,0.85,0.86,0.86,0.86,0.83,0.86,0.84,0.84,0.86,0.86,0.86,0.86,0.86,-1.05,0.86,0.85,0.86,0.84,0.86,0.86,0.84,-1.12,0.86,0.86,0.86,0.86,0.86,0.86,0.86,0.86,0.86,0.84,0.86,0.86,0.86,0.86,0.86,0.85,0.86,0.73,0.86,0.84,0.85,0.86,0.86,0.86,0.86,0.86,-1.03,0.86,0.86,0.86,0.86,0.86,0.86,0.85,0.86,0.84,0.86,0.86,0.84,0.84,-1.04,0.86,0.86,0.86,0.86,0.86,0.86,-1.12,0.66,-1.08,0.86,0.86,0.86,0.86,0.86,0.84,0.8,0.86,0.86,0.86,0.86,0.86,0.86,0.86,0.86,0.86,0.86,0.86,0.86,0.86,0.86,0.86,0.86,0.86,-1.16,0.86,0.86,0.85,0.84,0.86,0.85,0.86,0.86,0.86,0.86,0.86
-1.17,-1.05,0.78,0.81,-1.04,-1.04,0.83,-1.12,0.81,0.85,0.82,-1.16,0.86,0.8,0.81,-1.16,0.74,0.8,-1.04,0.8,-1.02,-1.1,-1.15,0.72,0.85,-1.06,-1.08,0.81,0.78,0.86,0.77,-1.04,0.86,-1.12,0.81,0.77,0.77,0.86,0.81,0.82,0.84,0.85,0.85,0.81,0.85,0.84,0.86,0.86,0.73,0.86,0.84,0.85,0.83,0.84,0.83,0.86,0.81,0.86,0.86,0.86,0.86,0.86,0.86,0.86,0.86,0.86,0.86,0.85,0.86,0.86,0.86,0.86,0.86,0.86,0.86,0.86,0.86,0.86,0.86,0.86,0.86,0.76,0.86,0.86,0.86,0.86,0.86,0.85,0.85,0.86,-1.12,0.86,0.86,0.86,0.86,-1.03,0.86,0.84,-1.04,0.86,0.86,0.86,0.85,0.86,0.85,0.86,0.86,0.86,0.86,0.86,0.86,0.86,0.86,0.86,0.86,0.69,0.86,-1.09,0.85,0.59,0.86,0.86,-1.08,0.86,0.84,0.86,0.86,0.86,0.86,0.86,0.86,0.86,0.86,0.86,0.86,0.86,0.86,0.86,0.86,-1.09,0.86,0.86,0.84,0.86,0.86,0.86,0.86,0.85,-1.0,0.86,0.86,0.86,0.86,-1.04,0.86,0.86,0.86,-1.09,0.84,0.86,0.86,0.86,0.85,0.78,0.86,0.86,0.86,0.86,0.85,0.86,0.86,0.86,0.86,0.86,0.84,0.86,0.86,0.86,0.86,0.72,0.86,-1.12,0.86,0.84,0.86,0.86,0.86,0.85,0.86,0.86,0.86,0.86,0.86,0.71,0.86,0.85,0.86,0.86,0.86,0.86,0.86,0.86,0.86,0.86,0.86,0.82,0.86,0.86,0.86,0.86,0.86,0.86,0.85,0.86,0.86,0.86,0.86,0.86,0.86,0.86,-1.07,0.86,0.86,0.86,0.86,0.86,-1.13,0.86,0.86,0.86,-1.01,0.86,0.86,0.86,0.86,0.83,0.86,0.86,0.86,0.86,0.85,0.86,0.86,0.84,0.86,0.86,0.85,-1.02,0.78,0.86,0.79,0.86,0.85,0.86,0.86,0.86,0.86,0.86,0.86,0.86,0.86,0.86,0.86,0.85,-1.03,0.86,0.86,-1.11,0.84,0.86,0.86,0.86,-1.01,0.86,0.84,0.86,0.86,0.86,0.86,0.86,0.85,0.86,-1.02,0.86,0.86,0.84,0.85,0.86,0.86,-1.0,0.86,0.86,0.83,0.86,0.86,0.86,0.86,0.86,0.86,0.86,-1.09,0.86,0.82,0.86,-1.0,0.86,0.86,0.86,0.86,0.86,0.86,0.86,0.85,0.86,0.86,0.86,0.86,0.86,0.86,-1.02,0.86,0.85,0.86,0.84,0.86,0.86,0.85,0.86,0.7,0.86,0.86,-1.04,0.86,0.86,0.86,0.86,0.76,0.86,0.84,0.86,0.86,0.73,0.86,0.86,0.86,0.84,-1.1,0.85,0.86,0.86,0.86,0.86,0.85,0.86,0.86,0.86,0.86,0.77,0.86,0.86,0.86,0.86,0.86,0.86,0.86,0.86,0.86,0.86,0.86,0.86,0.86,0.86,0.86,0.84,0.82,-1.26,0.86,0.86,0.86,0.86,0.84,0.86,0.86,0.86,0.86,0.86,0.86,0.75,0.86,0.86,0.86,0.86,0.85,0.84,0.86,0.86,0.86,0.86,0.72,0.83,0.85,0.86,0.85,0.86,0.85,0.86,0.86,0.86,0.84,0.86,0.86,0.86,0.86,0.86,0.86,0.84,0.81,0.86,0.86,0.86,0.86,0.86,0.86,0.86,0.86,0.86,0.86,0.85,0.86,-1.11,0.86,0.86,0.85,-1.1,0.86,0.82,0.86,0.85,0.86,0.86,-1.0,-1.09,0.86,0.86,0.86,0.81,0.86,0.86,0.86,0.86,0.86,0.86,0.86,0.85,0.86,0.86,0.86,0.71,0.86,0.84,0.86,0.8,0.84,0.86,0.86,0.78,0.86,0.84,0.86,0.86,0.86,-1.13,0.86,-1.03,0.86,0.86,0.86,0.85,0.86,0.86,0.86,0.84,0.86,0.83,0.86,0.79,0.86,0.86,0.86,0.86,0.86,-1.08,0.86,0.86,0.86,0.74,0.86,0.86,0.86,0.86,0.84,0.86,0.86,-1.0,0.86,0.86,0.86,0.86,0.86,0.84,0.85,0.86,0.86,0.86,0.86,0.84,0.85,-1.06,0.86,0.84,0.86,0.84,0.86,-1.1,0.86,0.86,0.86,0.86,0.86,0.86,0.86,0.86,0.85,0.86,0.86,-1.13,-1.03,0.81,0.85,0.86,0.84,0.86,0.86,0.86,0.86,0.86,0.84,0.79,0.86,0.86,0.86,0.84,0.86,0.82,0.84,0.86,0.86,-1.04,0.84,0.83,0.86,0.86,0.86,0.86,-1.12,0.86,0.86,0.86,0.86,0.85,0.86,0.86,0.86,0.86,0.85,0.85,0.86,0.86,0.86,0.86,0.86,0.86,-1.15,0.86,0.86,0.86,0.86,-1.07,0.86,0.86,0.84,0.86,0.84,0.86,0.86,0.86,0.69,0.86,0.85,0.86,0.86,0.86,-1.0,0.86,0.86,0.86,0.83,0.85,0.86,0.86,0.86,0.86,0.86,-1.11,0.84,-1.0,0.86,-1.11,0.86,0.86,0.86,-1.15,-1.07,0.86,0.84,0.86,0.85,0.86,0.86,0.85,0.86,0.86,0.85,0.86,0.86,-1.02,0.86,0.86,0.86,0.86,0.85,0.85,0.86,0.86,0.86,0.86,0.86,0.86,0.86,0.86,0.86,0.86,0.84,0.86,0.86,0.86,0.86,0.86,0.86,0.85,0.86,0.86,0.85,0.74,0.86,0.84,-1.07,0.85,0.85,0.79,0.86,0.86,0.86,0.86,0.86,0.84,0.86,0.86,0.86,0.85,0.85,0.86,0.86,0.86,0.84,0.86,-1.13,0.86,0.85,0.86,0.86,0.86,0.86,0.86,-1.32,0.86,0.86,0.84,0.85,0.85,0.86,-1.14,0.86,0.86,0.85,0.86,-1.01,0.86,0.86,0.86,-1.11,0.85,0.84,0.86,0.85,0.86,0.86,0.86,0.86,0.86,0.86,0.84,0.86,0.86,0.85,0.86,0.86,0.86,0.86,0.86,0.86,0.86,0.86,0.86,0.86,0.86,0.86,-1.08,0.86,0.86,0.86,-1.02,-1.03,0.86,0.86,0.82,0.86,0.86,0.86,0.86,-1.1,0.86,0.86,0.72,0.84,-1.22,0.86,0.86,0.86,0.86,0.86,0.86,0.86,0.86,0.85,0.86,0.86,0.86,0.86,0.86,0.86,0.86,0.82,0.86,0.86,0.84,0.86,0.86,0.86,0.86,0.85,0.86,0.85,0.86,0.86,0.73,0.86,0.86,0.78,0.86,0.86,0.86,0.86,0.86,0.86,0.86,0.86,0.86,0.86,0.86,0.86,0.86,0.86,0.86,0.85,0.86,-1.02,0.85,0.86,0.86,0.86,0.85,-1.03,0.86,0.86,0.86,0.86,0.81,0.86,0.86,0.84,0.86,-1.06,0.86,0.86,0.85,0.86,0.86,0.86,0.86,0.86,0.86,0.86,0.86,0.86,0.84,-1.07,0.86,0.86,0.86,0.81,0.71,0.86,-1.08,0.86,0.86,0.84,0.86,0.86,0.84,0.86,0.86,0.86,0.86,0.86,0.86,0.86,0.86,0.86,0.86,0.86,0.86,0.86,0.86,-1.14,0.85,0.85,0.86,0.86,-1.13,0.86,0.86,0.86,0.86,0.84,0.86,0.86,0.71,0.86,0.86,0.85,-1.14,0.86,0.86,0.86,0.86,0.86,0.86,0.85,0.84,0.85,0.81,0.86,0.86,0.84,0.84,0.86,0.77,-1.11,0.85,0.86,0.86,0.86,0.86,-1.0,0.86,0.86,0.86,0.86,0.86,0.74,-1.02,0.86,-1.13,0.86,0.86,0.86,0.85,0.86,0.86,0.86,0.86,0.85,0.86,-1.08,0.85,0.86,0.86,0.85,0.86,0.86,0.85,0.86,-1.0,0.84,0.84,0.86,0.86,-1.06,0.85,0.86,0.86,0.86,-1.07,0.85,0.86,0.84,0.86,0.72,0.84,0.86,0.86,0.86,0.86,0.86,0.86,0.86,0.86,0.85,0.85,0.86,0.86,0.86,0.86,0.86,0.85,0.86,-1.13,0.86,0.84,0.86,0.86,0.85,0.84,0.86,0.77,0.86,0.86,0.85,0.86,-1.12,0.86,0.85,0.86,0.86,0.86,0.86,0.86,0.86,0.84,0.86,-1.02,0.84,0.86,0.86,0.86,0.86,-1.09,0.86,0.86,0.86,0.86,0.86,0.86,0.86,0.85,0.84,0.86,0.86,0.86,0.86,0.86,0.86,0.86,0.86,0.86,-1.02,0.86,-1.02,0.85,0.86,0.86,0.86,0.84,0.86,0.85,0.86,-1.03,-1.03,0.86,-1.19,-1.15,0.83,0.86,0.85,0.79,0.86,-1.14,0.85,0.84,0.84,0.82,0.85,0.85,0.86,-1.04,0.86,0.86,0.86,-1.12,0.86,0.86,0.86,0.86,0.86,0.82,0.73,0.86,0.86,0.86,0.85,0.86,0.86,0.86,0.86,0.86,0.86,0.86,-1.05,0.86,0.86,0.86,0.86,0.82,-1.04,0.85,0.86,0.86,0.85,0.86,0.86,0.86,0.86,0.85,0.86,0.86,0.86,0.84,0.85,0.86,0.86,0.76,0.86,0.86,0.85,0.85,0.86,0.86,0.86,0.86,0.86,-1.17,0.86,0.79,0.86,0.84,0.86,-1.09,0.86,0.86,0.86,0.86,0.86,0.86,0.86,0.86,0.86,0.81,0.86,0.86,0.86,0.85,0.86,0.86,0.83,0.86,-1.04,0.86,-1.14,0.84,0.86,0.86,0.85,-1.04,0.86,0.86,-1.21,0.84,0.85,0.86,0.85,0.86,0.86,-1.05,0.86,0.86,0.86,0.84,-1.12,0.86,0.86,0.86,0.86,0.82,0.83,0.86,0.86,0.86,0.86,0.86,0.86,-1.05,0.86,0.86,0.86,0.86,-1.1,0.76,0.86,0.86,0.84,0.86,0.86,0.86,0.86,0.86,0.86,0.83,0.86,0.86,0.86,0.86,0.86,0.86,0.86,0.86,0.86,0.86,0.86,0.85,-1.03,0.86,0.84,-1.18,0.86,0.86,0.86,0.86,0.86,0.86,0.86,0.86,0.85,0.84,0.86,0.86,0.8,0.85,0.86,0.78,0.86,0.86,0.86,0.84,0.86,0.86,0.86,0.86,0.85,0.86,0.86,0.84,0.86,0.85,0.86,0.86,0.86,0.86,0.86,0.76,0.84,0.86,0.86,0.72,0.86,0.86,0.84,0.85,0.86,0.86,0.85,0.86,0.86,0.86,-1.14,0.86,-1.01,0.86,0.84,0.86,0.86,0.86,0.86,0.85,0.86,0.84,0.85,0.86,0.86,0.86,0.86,0.86,0.86,0.85,0.86,-1.12,0.86,-1.12,0.86,0.86,-1.07,0.84,0.86,0.85,0.86,0.86,0.86,0.85,0.71,0.86,0.85,0.86,-1.13,0.86,0.84,0.86,0.84,0.86,0.85,0.86,0.84,0.86,0.86,0.84,0.86,0.86,0.86,0.86,0.86,0.86,-1.12,0.85,-1.09,0.86,0.86,0.86,0.86,0.86,0.86,0.83,0.86,-1.01,0.84,0.86,0.84,0.86,0.86,0.86,0.86,0.86,0.85,0.86,0.85,0.86,0.85,0.86,0.86,0.86,0.86,-1.14,0.86,0.86,0.86,0.85,0.86,0.85,0.86,0.86,0.84,0.86,0.74,0.86,0.71,0.85,0.86,0.86,0.86,0.86,0.83,0.86,-1.0,0.86,0.85,0.85,0.86,-1.12,-1.13,0.86,0.84,0.86,0.86,0.86,0.86,0.83,0.86,0.84,0.86,0.86,0.86,0.79,0.86,0.86,0.86,0.86,0.84,0.85,0.85,0.84,0.86,0.86,0.86,0.86,0.86,0.74,0.86,0.86,0.86,0.86,0.86,0.86,0.83,0.86,0.85,0.86,0.86,-1.05,0.86,0.86,0.86,0.86,0.86,0.86,0.77,0.86,0.86,0.84,0.86,-1.03,0.86,0.86,0.86,0.86,0.86,0.86,0.86,0.85,0.86,0.86,0.86,0.78,0.86,0.86,0.86,0.86,0.86,0.86,0.85,0.85,0.85,0.84,0.86,0.86,0.86,0.85,0.86,0.86,0.83,0.86,0.86,0.86,0.83,-1.13,0.86,0.86,0.86,0.86,0.86,0.86,0.84,0.86,0.86,0.86,0.86,-1.02,0.86,0.86,0.84,0.73,0.86,0.86,0.86,0.86,0.86,0.86,-1.12,0.86,0.86,-1.11,0.86,0.86,0.85,0.81,0.73,0.86,0.86,0.86,0.86,0.86,0.74,0.86,0.83,0.86,0.85,0.84,0.86,0.85,0.86,0.85,0.86,0.86,0.85,0.86,0.73,-1.02,0.86,0.86,0.84,0.86,0.84,0.86,0.84,0.86,0.85,0.85,0.86,-1.04,0.86,0.86,0.84,0.85,0.86,0.86,0.86,0.86,0.86,0.86,0.86,0.86,0.85,0.86,-1.12,0.86,0.86,0.86,0.86,0.85,0.85,0.85,0.84,0.83,0.86,0.86,0.86,0.85,0.86,0.86,0.82,0.76,-1.0,0.86,0.86,0.71,0.74,0.86,-1.02,0.83,0.86,0.69,0.86,0.86,0.86,0.86,0.86,0.86,0.86,-1.03,-1.05,0.85,0.84,0.86,0.86,0.86,0.85,0.86,0.85,0.86,0.86,0.86,0.86,0.86,0.86,0.86,0.86,0.86,0.86,0.86,0.86,0.86,0.86,0.85,0.86,0.86,0.86,-1.06,0.86,0.86,0.86,-1.02,0.85,0.85,0.86,0.84,0.85,0.86,0.86,0.86,0.85,-1.13,0.84,0.86,0.86,0.86,0.86,0.79,0.86,0.86,-1.0,0.86,0.84,0.83,0.86,0.83,0.86,-1.13,0.82,0.86,0.82,0.86,0.86,0.75,0.86,0.86,0.86,0.86,0.76,0.86,0.86,0.85,0.83,0.86,0.85,0.86,0.84,0.86,0.86,0.85,0.83,0.86,0.86,0.86,0.86,0.81,0.86,0.86,0.86,0.86,0.86,0.85,0.86,0.84,0.86,0.86,0.86,0.86,0.86,0.86,0.86,0.86,0.86,0.86,0.86,0.86,0.86,0.86,0.86,0.86,0.86,0.86,-1.09,0.86,0.86,0.85,0.86,0.85,0.86,0.83,0.85,0.86,0.85,0.86,0.86,0.86,0.86,0.84,0.86,0.86,0.86,0.86,0.85,-1.11,0.86,0.86,0.86,0.86,0.86,-1.08,0.86,0.86,0.86,-1.13,0.86,-1.07,0.86,0.86,0.73,0.86,0.86,0.86,0.85,0.86,0.86,0.86,0.86,0.86,0.84,0.86,0.86,0.86,0.86,0.86,-1.12,0.83,0.86,0.86,0.86,-1.08,0.83,0.84,0.86,0.86,0.86,0.84,0.86,0.85,0.86,0.86,0.86,0.86,0.86,0.86,0.86,0.86,0.85,-1.02,0.86,0.86,0.86,0.86,0.85,0.86,0.84,0.86,0.86,0.86,0.86,-1.0,0.86,0.86,0.84,0.86,0.86,0.81,-1.14,0.85,0.86,0.86,0.86,0.86,0.86,0.86,0.85,0.84,0.75,0.85,0.86,0.86,0.86,0.86,0.86,0.8,0.86,0.86,0.86,0.86,0.86,0.85,0.86,-1.1,0.86,0.86,0.86,0.86,0.86,0.86,0.86,0.86,0.85,0.86,-1.14,0.86,0.86,0.86,0.86,0.86,0.86,0.86,0.86,0.86,0.86,0.86,0.86,0.86,0.86,0.86,0.85,0.86,0.86,0.86,0.86,0.86,0.86,0.86,0.86,-1.03,0.86,0.86,0.86,-1.13,0.85,0.86,0.72,-1.03,0.85,0.86,0.86,0.86,0.86,0.86,0.86,0.86,0.86,-1.13,0.73,0.86,0.86,0.84,0.77,0.86,0.85,0.86,0.86,0.86,0.86,0.86,0.86,0.86,0.86,0.86,0.86,0.85,0.86,0.86,0.77,-1.07,0.84,0.86,0.86,0.86,0.85,0.86,-1.04,0.86,0.86,0.85,0.86,0.86,0.86,0.86,0.86,0.85,0.84,0.86,0.86,-1.12,0.85,0.86,0.85,0.83,0.86,0.86,0.83,0.86,0.86,0.86,0.86,0.86,0.86,0.86,0.86,0.86,0.86,0.86,0.86,0.86,0.86,0.86,0.86,0.86,0.86,0.86,0.84,-1.01,0.86,0.86,0.85,0.81,0.86,0.86,0.71,0.86,0.85,0.86,0.84,0.86,0.86,0.86,0.86,0.86,0.86,0.85,0.84,-1.04,0.86,0.85,-1.13,0.86,0.86,0.84,0.86,0.86,0.86,0.86,0.86,0.86,0.86,0.86,0.86,0.86,0.86,0.86,0.86,0.86,0.86,0.86,0.86,0.86,0.86,0.85,0.86,0.84,0.86,0.86,0.86,0.86,0.85,0.86,0.86,0.86,0.86,0.86,0.86,0.84,0.86,0.86,0.86,0.86,0.86,0.86,0.85,0.81,0.84,0.86,0.86,0.84,0.86,0.86,0.85,0.84,0.83,0.86,0.85,0.86,0.85,0.84,0.86,0.86,0.86,0.86,0.86,-1.02,-1.13,-1.08,0.85,0.86,0.86,0.84,0.86,-1.05,-1.04,0.86,0.85,0.85,0.86,0.86,0.86,0.86,0.86,0.86,0.86,0.86,0.86,0.86,0.86,0.85,0.86,0.85,-1.15,0.84,0.84,0.86,0.85,0.82,0.86,0.86,0.86,0.86,0.86,-1.14,0.86,0.86,0.86,0.81,0.85,0.86,0.71,0.86,0.86,0.84,0.85,0.86,0.86,0.83,0.86,0.86,0.85,0.86,0.76,0.86,0.86,0.86,0.86,0.86,0.86,0.86,0.86,0.86,0.85,0.86,0.86,-1.13,0.86,0.86,0.86,0.86,0.81,0.86,0.86,-1.02,0.84,0.86,0.85,0.86,0.85,0.86,0.86,0.86,0.85,0.86,0.84,0.85,0.84,0.85,0.86,0.84,0.86,0.86,0.86,0.86,0.84,0.85,0.86,0.86,0.86,0.86,0.85,0.86,0.86,0.86,0.85,0.86,0.84,0.86,0.86,0.86,0.86,0.83,0.86,0.86,0.85,0.74,0.69,-1.15,-1.11,0.85,0.86,0.85,0.86,0.86,-1.06,0.84,0.86,0.86,0.86,0.86,0.86,0.86,0.86,0.85,0.85,0.86,0.85,0.86,0.86,0.86,0.86,0.86,0.86,0.71,0.86,0.86,0.86,0.85,0.86,0.86,0.86,0.86,0.86,0.86,0.86,0.86,0.85,0.86,0.86,0.84,0.86,0.86,0.86,0.86,0.86,0.86,0.79,0.86,0.86,0.86,0.86,0.86,0.86,0.85,0.86,-1.11,0.83,0.85,0.86,0.86,0.86,0.86,0.86,0.86,0.75,0.86,0.86,0.86,0.86,0.86,0.86,0.86,0.86,0.86,0.86,0.86,0.86,0.86,0.86,-1.01,-1.01,0.86,0.85,0.86,0.86,0.84,0.86,0.86,0.84,0.86,-1.16,0.86,0.86,0.86,0.86,0.85,0.85,0.84,0.86,0.86,0.85,0.8,0.86,0.86,0.85,0.86,0.86,0.86,0.86,0.86,0.86,0.84,0.86,0.86,0.86,0.84,0.86,0.86,0.86,-1.02,0.86,0.84,0.86,0.86,0.86,0.85,0.86,0.86,0.86,0.86,0.86,0.86,0.86,0.86,0.86,0.86,0.86,0.78,0.86,0.86,0.86,0.86,0.86,0.84,0.85,0.83,0.86,0.86,0.86,0.86,0.86,0.84,-1.03,0.86,0.86,0.86,0.86,0.86,0.86,0.86,0.85,0.86,0.86,0.86,0.86,0.86,0.86,0.86,0.81,0.72,0.86,0.84,0.86,0.86,0.84,-1.14,0.86,0.86,0.85,0.85,0.84,0.86,-1.13,0.86,0.86,0.86,0.86,0.85,0.86,-1.14,0.85,0.86,-1.04,-1.03,0.86,0.86,0.85,0.86,0.86,0.86,0.86,0.86,0.82,0.86,0.84,0.85,0.86,0.86,0.86,0.86,0.86,0.76,0.83,0.86,0.86,0.84,0.84,0.86,-1.03,0.84,0.86,0.86,0.86,0.86,0.84,0.86,0.86,0.86,0.86,0.86,0.86,0.85,0.86,0.86,0.86,0.82,0.86,0.86,0.82,0.86,0.86,0.84,0.86,0.85,-1.05,0.86,0.86,0.86,0.85,0.85,0.86,0.86,0.86,0.86,0.86,-1.11,0.86,0.85,0.86,0.86,0.86,0.86,0.86,0.86,0.86,0.86,0.86,0.86,0.86,0.81,0.86,0.86,0.82,0.86,0.86,-1.04,0.86,-1.08,0.85,0.86,0.86,0.86,0.86,0.86,0.86,0.86,0.86,0.86,0.86,-1.02,0.86,0.86,0.86,0.86,0.86,0.86,0.86,0.86,0.86,0.86,0.86,0.86,0.86,0.86,0.71,-1.08,0.86,0.84,0.86,0.84,0.86,0.86,0.86,0.86,0.73,0.86,0.84,-1.13,0.85,0.86,0.76,0.85,0.86,0.86,-1.04,-1.03,0.85,-1.08,0.86,0.78,-1.06,0.75,0.83,0.85,0.85,0.86,0.86,0.85,0.86,0.86,0.86,0.84,0.84,0.86,0.86,0.86,0.86,0.86,0.86,0.86,0.82,0.86,0.86,0.84,0.86,-1.05,0.85,0.86,0.85,0.72,0.86,0.73,0.85,0.85,0.86,0.86,0.86,-1.14,0.86,0.84,0.86,0.85,0.86,0.8,0.86,0.85,0.84,0.85,0.86,0.84,0.86,0.86,0.86,0.86,0.86,0.86,0.86,-1.03,-1.13,0.86,0.86,0.86,0.86,0.86,0.86,0.86,0.86,0.73,0.86,0.86,0.86,0.86,0.86,0.86,0.86,0.86,0.86,0.85,0.86,0.86,0.86,0.86,0.86,0.86,0.86,0.82,0.86,0.86,0.86,0.86,0.86,0.86,-1.13,0.86,0.86,0.86,0.86,0.86,0.86,0.86,0.85,0.86,0.86,0.76,0.86,0.86,0.86,0.86,0.86,0.86,0.86,0.86,0.86,0.86,0.86,0.71,0.86,0.86,0.83,-1.03,0.86,0.72,0.86,0.79,-1.08,0.85,0.86,0.86,0.86,0.86,0.86,0.84,0.86,0.84,0.85,0.84,0.86,0.86,0.86,0.86,-1.13,0.86,0.86,0.86,0.86,0.86,0.86,0.85,0.86,-1.02,0.86,0.86,-1.02,0.85,0.83,0.85,-1.04,0.86,-1.05,0.85,0.86,0.86,0.86,-1.03,0.85,0.85,0.86,0.86,0.86,0.86,0.86,0.86,0.86,0.86,0.86,0.86,0.86,0.84,-1.02,0.86,0.86,0.86,0.86,-1.0,0.86,0.85,0.86,0.86,0.85,-1.04,-1.14,0.86,0.86,0.86,0.78,0.86,0.86,0.84,0.86,0.86,0.86,0.86,0.82,0.86,0.86,0.85,0.84,0.86,0.86,-1.09,0.86,0.86,0.86,0.86,0.86,0.86,0.86,0.84,0.86,-1.1,0.86,0.83,0.86,0.86,0.85,-1.1,0.86,0.85,-1.03,0.84,0.86,0.84,0.86,0.86,0.85,0.86,0.84,0.86,0.86,0.86,0.86,0.8,-1.09,-1.0,0.86,0.85,0.86,0.86,0.86,0.86,0.85,0.85,0.86,0.86,0.86,0.86,0.86,0.86,0.86,0.85,0.86,0.86,0.83,0.86,-1.03,0.86,0.86,0.86,0.83,0.86,0.86,0.86,0.86,0.86,0.86,0.84,0.86,0.86,0.83,0.86,0.86,0.85,0.86,0.86,0.86,0.86,0.86,0.86,0.86,0.86,0.86,0.86,0.86,-1.05,0.86,0.84,0.86,0.86,0.86,0.86,0.86,0.81,0.86,-1.15,0.86,0.86,0.86,0.86,0.86,0.86,0.86,0.86,0.86,0.82,0.86,0.86,0.86,0.81,0.84,0.84,0.84,0.85,0.86,0.86,0.86,0.86,0.86,0.86,0.86,0.86,0.86,0.86,0.86,0.86,0.86,0.86,0.86,0.74,0.83,0.86,0.86,0.86,0.86,0.86,0.86,0.86,0.86,0.86,0.86,0.86,0.86,0.86,0.86,0.86,0.86,0.84,0.86,0.86,0.86,0.86,0.86,0.86,0.86,0.86,0.8,-1.03,0.86,0.84,0.85,0.86,-1.02,0.73,-1.14,0.86,0.84,0.86,0.86,0.86,0.86,0.86,0.86,0.86,0.86,0.86,0.86,0.86,0.86,0.86,0.86,0.86,0.86,0.86,-1.07,0.86,0.85,0.86,0.86,0.86,0.86,0.86,0.86,0.86,0.86,0.86,0.86,0.85,-1.13,0.86,-1.06,0.86,0.86,0.86,0.86,0.86,0.86,0.83,0.85,0.86,0.86,0.85,0.86,0.86,0.85,0.86,0.86,0.86,0.86,0.86,0.86,0.78,0.84,0.86,0.86,0.86,0.86,0.85,-1.1,0.85,0.86,-1.02,0.86,0.86,0.86,0.86,0.86,0.86,0.84,0.86,0.84,0.86,0.86,0.86,0.85,0.86,0.86,0.86,0.86,0.86,0.77,0.86,0.86,0.85,0.86,-1.14,0.83,0.86,0.86,0.86,0.86,0.86,0.86,0.86,0.86,0.86,0.86,0.86,0.86,0.85,0.84,0.86,0.86,0.86,0.86,0.86,0.86,0.86,0.86,0.86,-1.05,0.85,0.86,0.86,0.86,-1.14,0.86,0.86,0.86,0.86,0.86,0.86,0.86,-1.13,0.86,0.86,0.86,0.86,0.83,0.86,-1.08,0.86,0.86,0.86,0.86,0.86,0.86,0.86,0.86,0.84,0.72,0.85,0.86,0.86,0.86,0.86,0.86,0.85,0.86,0.86,0.85,-1.02,0.84,0.85,0.85,0.86,0.86,0.86,-1.11,0.86,0.86,0.86,-1.13,0.86,0.85,0.84,0.86,0.86
-1.08,-1.28,-1.12,-1.14,-1.07,0.78,-1.17,0.84,-1.02,-1.28,-1.14,-1.01,-1.34,-1.04,-1.12,0.82,0.8,0.84,0.85,0.84,0.79,0.76,0.85,-1.0,0.81,-1.05,-1.11,0.86,0.78,0.81,0.85,0.76,-1.11,0.79,0.82,0.76,0.84,0.64,0.85,0.78,0.84,0.82,0.82,0.86,0.84,0.71,-1.05,0.83,-1.05,0.86,0.85,0.78,0.86,0.86,0.77,0.86,0.86,0.84,0.86,-1.02,0.86,0.86,0.86,0.86,0.86,0.86,0.86,0.86,0.86,0.86,0.86,0.85,0.86,0.86,0.86,-1.13,0.86,0.86,0.84,0.86,-1.08,0.86,0.84,0.71,0.86,0.86,0.86,0.86,0.86,0.86,0.86,0.86,0.84,0.84,0.86,0.84,0.85,0.86,0.86,0.86,0.86,0.85,0.84,-1.01,0.86,0.84,0.85,0.86,0.83,0.86,0.86,0.86,0.81,-1.06,-1.05,0.83,0.85,0.85,0.84,0.85,0.86,0.86,0.86,0.86,0.86,0.85,0.85,0.84,0.86,0.86,0.86,0.86,0.86,0.86,0.86,0.86,0.86,0.86,0.86,-1.02,0.86,0.86,0.86,0.86,0.86,0.86,0.75,0.86,0.85,0.86,0.86,0.86,0.86,0.86,0.86,0.86,0.86,0.86,0.86,0.86,0.86,0.86,0.86,0.86,0.86,-1.11,0.86,0.86,0.86,0.86,0.86,0.85,0.86,-1.14,0.86,0.86,0.86,0.84,0.86,0.86,-1.12,0.86,0.86,0.86,0.86,0.86,0.86,0.86,0.84,-1.08,0.86,0.86,0.86,0.86,0.86,0.86,0.86,0.86,0.86,0.86,0.86,0.86,0.86,0.86,0.86,0.86,0.85,0.86,0.86,0.86,0.84,-1.05,0.86,0.86,0.86,0.86,0.83,0.86,-1.03,0.86,0.86,0.86,0.86,0.85,0.86,0.86,0.86,0.86,-1.0,0.86,-1.09,0.86,-1.08,0.86,0.84,0.86,0.86,0.86,0.86,0.86,0.85,0.86,0.86,-1.08,0.86,0.86,0.86,0.86,0.86,0.86,0.86,0.84,0.86,0.86,0.74,-1.1,0.82,0.86,0.86,0.86,0.86,0.86,0.86,0.84,0.86,0.86,0.86,0.86,0.86,0.86,0.86,0.86,0.8,0.86,0.86,0.86,0.83,0.86,0.85,0.86,0.86,0.86,0.86,0.86,0.85,0.86,0.86,0.86,0.86,0.86,0.86,0.85,0.85,0.63,0.86,0.86,0.86,0.86,0.86,0.86,0.86,0.86,0.85,0.85,0.86,0.72,0.86,0.86,0.84,0.86,0.86,0.84,0.86,0.86,0.86,0.84,0.86,0.86,0.74,0.86,0.86,0.86,0.86,0.86,0.86,0.86,0.86,0.85,-1.06,0.86,0.86,0.85,0.8,0.86,-1.1,0.76,0.86,0.86,0.84,0.86,0.86,0.77,0.84,0.86,0.86,0.86,0.86,0.86,0.86,-1.02,-1.03,0.86,0.86,0.86,0.86,0.85,0.86,0.86,0.86,0.84,0.86,0.86,-1.13,-1.03,0.86,0.86,0.86,0.86,0.72,0.86,0.86,0.86,0.86,0.84,0.86,0.86,0.86,0.86,0.86,0.86,0.86,0.86,0.85,0.86,0.86,0.86,0.86,0.86,0.86,-1.0,0.86,0.84,0.85,0.86,0.86,0.86,0.86,0.84,0.86,0.86,0.84,-1.1,0.86,0.86,0.86,0.86,0.86,0.85,0.86,0.86,-1.02,0.86,0.81,0.85,0.84,-1.07,0.86,0.86,0.84,0.86,0.86,-1.17,0.84,0.86,0.84,0.86,-1.03,-1.01,0.84,0.86,0.86,-1.03,0.86,0.86,0.83,0.86,0.86,0.84,0.86,0.86,0.85,0.85,0.86,0.86,0.86,0.86,0.86,0.78,0.86,0.86,0.86,0.86,0.86,0.86,0.86,0.83,0.86,0.86,0.86,0.86,0.84,0.86,0.86,0.86,0.86,0.85,-1.12,0.83,0.86,0.86,0.86,0.86,0.85,0.86,0.86,0.86,0.86,0.84,0.86,0.85,0.86,0.86,0.86,0.86,0.86,0.86,0.86,0.86,0.84,0.86,0.86,0.86,0.86,0.84,0.86,0.86,0.86,-1.06,0.86,0.86,0.86,0.86,0.86,0.86,0.86,0.86,0.86,0.86,0.86,0.86,0.86,0.86,0.84,0.86,0.86,-1.04,0.86,0.86,0.84,0.86,0.86,0.85,0.86,0.86,0.73,0.86,-1.03,0.86,-1.03,0.85,0.86,0.85,0.86,0.86,0.86,-1.08,0.71,0.85,0.86,-1.14,0.86,0.83,0.86,0.85,0.86,0.86,0.86,0.86,0.86,0.86,0.86,0.86,0.86,0.86,0.86,0.86,0.86,0.86,-1.06,0.86,0.86,0.86,0.86,0.85,0.86,0.83,0.82,-1.04,0.83,0.84,0.85,0.86,-1.13,0.86,-1.12,0.86,0.84,0.84,-1.02,-1.05,0.84,0.86,0.86,0.85,0.86,0.86,0.86,-1.14,0.86,0.86,-1.01,0.85,0.86,0.86,0.86,0.86,0.86,0.86,0.86,0.85,0.86,0.86,0.84,0.86,-1.03,0.86,0.86,0.86,0.84,0.86,0.85,0.86,0.82,0.83,0.84,0.86,0.85,0.71,0.86,0.86,0.86,0.86,0.84,0.86,0.77,0.86,0.86,0.84,-1.02,0.84,0.86,0.86,0.86,0.86,0.84,-1.07,0.84,0.77,0.86,0.86,0.86,0.86,0.86,-1.0,0.86,0.84,0.86,0.85,0.85,0.86,0.86,-1.12,0.86,0.77,0.86,0.85,0.86,0.78,0.83,-1.03,0.85,0.86,0.86,0.85,0.84,-1.1,0.86,0.86,0.86,0.86,0.71,0.85,0.85,0.86,0.86,0.86,0.86,0.86,0.86,0.86,0.86,-1.04,0.85,0.86,0.86,-1.12,0.86,0.86,0.86,0.86,0.86,0.86,0.86,0.86,0.86,0.86,0.86,0.86,0.86,-1.06,0.85,0.85,0.86,0.86,0.86,0.86,0.85,0.86,0.85,0.85,0.86,0.86,0.86,0.86,0.86,-1.07,0.86,0.86,0.86,0.86,0.86,0.86,0.86,0.86,-1.13,0.86,0.86,0.86,0.86,0.86,0.86,0.86,-1.13,-1.05,-1.08,0.86,0.86,0.86,0.86,0.86,-1.11,0.86,0.86,0.86,0.86,0.86,0.86,0.86,0.83,0.86,0.84,0.86,-1.02,0.84,0.86,0.85,-1.14,0.86,0.86,0.86,0.84,0.86,0.86,0.86,0.86,0.86,0.86,0.86,0.86,0.86,0.86,0.8,0.86,0.86,0.71,0.86,0.86,0.86,0.85,0.65,0.86,0.86,0.86,0.86,0.86,0.86,0.84,0.86,0.86,0.86,0.86,0.86,0.86,0.86,0.86,0.86,0.79,0.86,0.73,0.86,0.86,0.86,0.86,-1.03,-1.02,0.71,0.83,0.86,0.86,-1.01,0.78,0.86,0.84,0.86,0.86,0.86,0.86,0.86,0.86,0.86,0.86,0.86,-1.1,0.86,0.86,0.86,0.86,0.86,0.86,0.86,0.86,0.82,0.86,0.86,0.86,0.86,0.81,0.86,0.86,0.86,0.86,0.86,0.85,0.85,0.86,0.86,0.86,0.86,0.86,0.86,0.86,0.85,0.86,-1.09,0.85,0.84,0.86,0.86,0.86,0.86,0.86,0.86,0.86,0.84,0.86,-1.01,0.86,0.86,0.86,0.86,-1.01,0.85,0.86,0.86,0.86,0.86,0.86,0.86,0.86,0.86,-1.07,0.86,0.86,0.86,0.8,0.85,0.86,0.85,0.86,0.86,0.86,0.86,0.86,0.86,0.86,0.86,0.85,0.86,0.84,0.86,0.85,0.86,0.86,0.86,0.86,0.85,0.86,0.86,0.86,0.71,-1.05,0.85,0.86,0.86,-1.0,0.86,0.86,0.85,-1.06,0.86,0.85,0.86,0.86,0.84,0.74,0.86,0.86,0.86,0.86,0.84,0.86,0.78,0.86,0.86,0.86,0.84,0.86,0.86,0.86,0.86,0.86,0.86,0.86,0.86,0.83,0.86,0.86,0.86,0.85,0.86,0.86,0.8,0.85,-1.05,0.86,0.86,0.86,0.86,0.84,0.86,0.86,0.86,0.86,0.86,0.75,0.86,0.86,0.86,0.86,0.86,0.86,-1.09,0.86,0.86,0.84,0.86,0.86,0.86,0.86,0.86,0.78,0.86,0.86,0.86,-1.02,0.86,0.86,0.86,0.86,0.86,0.86,0.86,0.86,-1.11,0.86,0.83,0.86,0.86,0.83,0.86,0.86,0.85,0.86,-1.05,0.84,-1.12,0.84,0.85,0.86,0.86,0.86,0.84,0.85,-1.02,0.86,0.86,-1.13,0.86,0.79,0.86,0.86,0.86,0.86,0.84,0.86,0.86,-1.05,0.84,0.83,0.86,0.86,0.86,0.85,0.86,0.86,0.85,0.85,0.86,0.86,0.86,0.86,0.83,-1.02,0.84,0.86,0.86,0.86,0.86,0.86,0.86,0.86,0.86,0.86,0.86,0.86,0.86,0.86,0.86,0.86,0.84,0.86,0.86,0.8,-1.09,0.86,0.79,0.86,0.86,0.86,0.86,0.84,0.85,0.86,0.86,0.86,0.86,0.81,0.86,0.86,0.86,0.81,0.86,0.86,0.86,0.85,0.86,-1.11,-1.0,0.86,0.86,0.79,0.86,0.86,0.86,0.86,0.86,0.85,0.86,0.84,0.86,0.86,0.85,0.86,0.85,0.85,0.86,0.77,0.86,0.86,0.86,0.86,0.85,0.86,0.86,0.83,0.86,0.86,0.84,0.84,0.86,0.86,0.86,0.84,0.83,0.85,0.86,0.86,-1.12,0.86,0.86,0.86,-1.0,0.86,0.86,0.86,0.86,0.85,0.86,0.86,0.86,0.86,0.86,0.86,0.74,0.72,0.86,0.86,0.86,0.86,0.86,0.86,0.86,0.86,0.86,0.85,0.86,0.75,0.86,0.86,0.83,0.86,0.86,0.86,0.83,-1.12,0.86,0.86,0.86,0.86,0.86,0.86,0.86,0.86,0.86,0.86,0.86,0.86,0.85,0.85,0.86,0.86,0.86,-1.12,0.86,0.86,0.86,0.86,0.86,0.86,0.86,0.86,0.86,0.85,0.84,0.86,0.86,0.86,0.84,0.86,0.86,0.86,0.86,0.86,0.86,0.86,0.86,0.86,0.86,0.85,0.86,0.86,0.86,0.86,0.84,0.86,0.86,0.86,-1.03,0.8,0.86,0.85,0.86,0.86,0.86,0.78,0.86,0.86,0.86,0.86,0.86,0.86,0.86,-1.02,-1.05,0.86,0.84,0.86,0.86,0.85,0.84,-1.03,0.86,0.85,0.86,0.86,0.86,0.81,0.84,-1.06,0.85,0.86,0.86,0.86,0.86,0.85,0.86,-1.04,0.86,-1.16,0.86,0.86,0.86,0.84,0.86,0.86,0.86,0.86,0.77,-1.1,0.84,0.86,0.86,0.86,0.86,0.84,0.86,0.86,0.86,0.86,0.86,0.85,0.71,0.86,0.86,0.86,0.84,-1.23,0.86,0.86,0.86,0.83,0.84,0.86,0.86,0.86,0.86,0.86,-1.03,0.86,0.86,0.75,0.86,0.83,0.84,-1.02,0.85,0.86,0.85,0.84,0.86,0.86,0.86,0.85,0.73,0.86,0.86,-1.1,0.72,0.86,0.86,0.86,-1.02,0.84,0.86,0.86,0.86,0.86,-1.09,0.86,0.85,0.85,0.86,0.82,0.84,0.85,-1.01,0.86,0.85,0.86,0.86,0.86,0.82,0.86,0.83,0.86,0.86,0.86,0.86,0.86,0.86,0.86,0.86,0.86,0.86,0.86,-1.14,0.86,0.86,0.86,0.86,0.86,0.86,0.86,0.86,0.86,0.86,0.86,0.86,0.86,0.86,0.85,0.86,0.86,0.86,0.86,0.86,0.86,0.86,0.86,0.86,0.86,0.85,0.86,0.86,0.85,0.86,0.86,0.86,0.86,0.86,0.86,0.85,0.86,0.86,0.86,0.86,0.86,0.86,0.86,0.86,-1.1,0.76,0.86,0.84,0.86,0.85,0.86,0.86,0.86,0.85,0.86,-1.1,0.86,0.86,0.84,0.72,0.86,0.85,0.86,-1.13,0.85,0.86,0.84,0.86,0.86,0.86,0.84,-1.06,0.86,0.86,0.86,0.86,0.86,0.86,0.82,0.84,0.86,0.86,0.86,0.86,0.86,0.86,0.86,0.86,0.86,0.86,0.84,0.86,0.82,0.86,0.86,0.86,0.8,-1.03,0.86,-1.04,0.85,0.84,0.82,0.86,0.86,0.84,0.86,0.86,-1.13,0.74,0.86,0.86,0.86,0.85,0.86,0.85,0.86,0.86,0.86,0.86,0.86,0.86,0.86,0.86,0.85,0.86,0.86,0.86,0.84,-1.03,0.86,0.84,0.86,0.86,0.86,0.86,0.86,0.86,0.86,0.86,0.86,0.86,-1.02,0.86,0.86,0.86,0.86,0.85,0.86,0.86,0.86,0.86,0.86,0.86,0.85,0.86,-1.01,0.86,0.86,0.86,0.86,0.86,0.86,0.86,0.86,0.86,0.85,0.86,0.86,0.86,0.86,0.86,-1.08,0.72,0.86,0.86,0.86,0.86,0.86,0.66,0.86,0.86,0.85,0.85,0.86,0.86,0.86,0.84,0.86,0.86,0.86,0.85,0.86,0.84,0.86,0.84,0.79,0.72,-1.09,-1.07,0.84,0.86,0.86,0.86,0.85,-1.06,0.85,0.86,0.85,0.86,0.85,0.78,0.85,0.86,0.84,0.84,0.86,0.86,0.86,-1.05,0.86,0.85,0.83,0.86,0.85,0.86,0.86,0.84,-1.04,0.86,-1.03,0.86,0.86,0.83,-1.14,-1.02,0.86,0.86,0.86,0.86,0.85,0.86,-1.03,0.86,0.83,0.86,0.86,0.86,0.84,0.86,0.86,0.86,0.84,0.86,0.86,0.86,0.86,0.86,-1.09,0.86,0.84,-1.1,0.86,0.86,0.86,0.86,0.86,0.86,0.86,0.86,0.85,0.86,0.86,0.86,0.84,0.85,0.86,0.86,0.86,0.85,0.86,0.86,0.86,0.86,0.86,0.85,0.86,0.86,0.86,0.86,0.86,0.86,0.76,0.86,0.86,0.86,0.86,0.86,0.86,0.86,0.86,0.85,0.86,0.86,0.86,0.86,0.86,0.84,0.86,0.86,0.86,0.86,0.86,-1.03,0.86,0.69,0.86,0.84,0.86,0.86,0.86,0.86,0.86,-1.15,0.86,0.86,0.86,0.86,0.85,0.86,0.86,0.85,0.86,0.84,0.86,0.85,-1.02,0.86,0.86,0.85,0.86,0.86,0.86,0.86,0.86,0.84,0.86,0.86,0.86,0.86,0.86,0.86,0.86,0.86,0.86,0.86,0.86,0.86,-1.08,0.86,-1.1,0.86,0.86,0.84,0.86,0.86,0.85,0.86,0.84,0.86,0.86,0.65,0.75,0.86,0.85,-1.03,0.85,0.86,0.83,0.82,0.86,0.84,0.86,0.85,0.86,0.86,0.86,0.86,0.86,0.86,0.86,0.86,0.85,0.85,-1.03,0.86,0.86,0.86,0.85,0.86,0.86,0.8,0.86,0.86,0.86,0.86,0.82,0.86,0.86,0.86,0.86,0.86,0.85,0.85,0.85,0.86,0.85,0.86,0.86,0.86,0.85,0.86,0.86,0.86,0.86,0.86,0.84,0.86,0.74,0.86,0.84,0.75,0.86,0.86,0.85,0.86,0.86,0.84,0.84,0.86,0.86,0.86,0.86,0.86,0.86,0.86,0.86,0.86,-1.21,0.85,0.85,0.86,-1.07,0.86,0.86,0.82,0.86,0.85,0.85,0.86,0.86,0.82,0.86,0.86,0.85,0.86,0.86,0.86,0.86,0.86,0.81,0.86,0.86,0.86,0.86,0.86,0.8,0.86,0.84,0.86,0.86,0.84,0.86,0.84,0.86,0.84,0.85,0.86,0.85,0.86,0.71,0.86,0.86,0.86,0.86,0.86,0.86,0.86,0.85,0.86,0.79,0.86,0.85,0.84,0.86,0.86,0.86,0.86,0.86,-1.01,0.85,0.86,0.86,0.85,-1.09,0.86,0.85,0.86,0.84,0.86,0.86,0.86,0.86,0.86,0.86,0.85,0.85,0.86,0.86,0.86,0.86,0.86,0.86,0.86,0.86,0.86,0.86,0.86,0.86,0.86,-1.01,0.86,0.86,0.79,0.86,-1.14,-1.13,0.86,0.82,0.86,0.85,0.85,0.84,0.86,0.83,0.86,0.86,0.86,0.84,0.86,0.86,0.86,0.86,0.85,0.86,0.86,0.86,0.84,0.86,0.85,0.86,0.86,0.86,0.74,0.86,0.86,0.86,0.86,0.86,0.86,0.85,0.86,0.86,0.86,0.86,0.86,0.85,0.83,0.86,0.85,0.86,0.86,0.86,0.86,0.86,0.86,0.86,0.86,0.86,0.84,-1.01,0.86,0.86,0.86,0.86,0.84,0.86,0.86,0.86,-1.0,0.84,-1.02,0.86,0.86,0.86,0.86,0.86,0.86,0.85,0.86,0.86,0.86,0.86,0.85,0.86,0.84,0.86,0.86,-1.03,0.86,0.86,0.84,0.84,0.86,0.86,0.86,0.86,0.86,0.86,0.86,0.85,0.86,0.86,0.86,0.86,0.86,0.86,0.85,0.86,0.86,0.86,0.86,0.86,0.86,0.86,0.86,0.85,-1.14,0.86,0.85,0.86,0.86,0.86,0.86,0.86,0.86,0.86,-1.05,0.85,-1.13,0.86,0.84,0.86,-1.04,0.85,0.86,0.86,0.83,0.86,0.86,0.86,0.86,0.86,0.86,0.86,0.86,0.86,0.86,0.86,0.86,0.86,0.86,0.86,0.86,0.84,0.86,0.86,0.85,0.86,0.86,0.86,0.86,0.86,-1.02,0.86,0.86,0.86,0.86,0.86,0.85,0.85,0.85,0.84,0.86,0.86,0.86,0.86,0.86,0.86,0.86,0.86,-1.14,0.72,0.83,0.85,0.86,0.86,0.86,0.85,0.86,0.86,0.84,0.84,0.86,0.86,0.86,-1.05,0.86,0.74,0.86,0.86,0.85,0.86,0.82,0.85,-1.13,0.86,0.86,0.85,0.86,-1.03,0.86,0.84,0.85,0.84,0.86,0.86,0.86,0.86,0.86,0.86,0.85,0.86,0.85,0.86,0.86,0.72,0.86,-1.02,0.86,0.86,0.84,0.86,0.86,0.86,0.86,0.84,0.84,0.86,-1.03,0.86,0.84,0.84,0.86,0.86,0.86,0.86,0.86,0.86,0.86,0.86,0.86,0.86,0.85,-1.03,0.86,0.86,0.86,0.86,0.86,0.86,0.86,0.86,0.84,0.86,0.86,0.86,0.86,0.86,0.85,0.83,0.85,-1.33,0.85,0.86,0.86,0.86,0.85,0.86,0.86,0.86,0.86,0.86,0.86,0.83,0.86,0.86,0.86,0.86,0.86,0.84,0.86,-1.01,0.83,-1.13,0.86,-1.08,0.86,0.86,0.86,0.72,0.86,0.86,0.73,0.86,0.86,0.72,0.85,0.85,0.8,0.86,0.86,0.86,0.86,0.75,0.85,-1.02,0.84,0.86,0.86,0.85,0.86,0.86,0.86,0.86,0.77,-1.11,0.85,0.86,0.85,0.86,0.86,0.86,0.8,-1.03,0.86,0.86,0.86,0.86,0.86,-1.14,0.86,0.86,0.86,0.86,0.86,0.83,0.86,0.86,0.86,0.86,0.86,0.86,0.85,0.86,0.86,0.86,0.85,0.85,0.85,0.84,0.84,0.86,0.84,0.86,0.86,0.86,0.86,0.86,0.86,0.86,0.86,0.86,0.86,0.86,0.86,0.85,0.86,0.86,0.85,0.85,0.86,0.86,0.86,0.86,0.83,0.86,0.86,0.86,0.86,-1.03,0.86,0.86,0.86,0.86,0.86,0.86,0.86,0.86,0.84,0.86,0.86,-1.02,0.86,0.86,-1.05,0.86,0.86,0.86,-1.03,0.86,0.86,0.86,0.86,-1.04,-1.09,0.86,0.86,0.86,0.86,0.86,0.84,0.86,0.86,0.86,0.86,0.84,0.86,0.86,0.86,0.86,0.86,0.86,0.86,0.86,0.86,0.86,0.86,0.86,0.85,0.86,0.86,0.86,0.86,0.86,0.84,0.83,0.85,0.86,0.86,0.84,0.86,0.86,0.86,-1.03,0.86,0.86,0.84,0.86,0.86,0.86,0.86,0.86,0.86,0.86,0.86,0.86,0.86,0.86,0.85,0.86,0.86,0.86,0.85,0.86,-1.02,0.83,0.86,0.86,0.86,0.86,0.86,0.86,0.86,0.86,0.86,0.84,0.86,0.85,-1.13,0.86,0.86,0.86,0.86,0.84,0.86,0.86,0.86,0.86,0.86,0.74,0.86,0.84,0.86,0.86,0.86,0.86,0.86,0.86,0.85,0.86,0.86,0.86,0.84,-1.1,0.86,0.85,0.85,0.79,-1.09,0.86,-1.01,0.85,0.82,0.85,0.86,0.86,0.86,0.86,0.86,0.86,0.86,-1.09,0.86,0.86,0.85,0.74,0.85,0.86,0.86,0.86,0.86,0.86,0.86,0.86,0.86,0.86,0.86,0.86,0.86,0.86,0.86,0.83,0.86,0.84,0.84,0.86,0.85,0.86,0.86,0.86,0.86,0.86,0.85,0.86,0.86,0.86,-1.11,0.86,0.86,0.86,0.86,0.86,0.86,0.86,-1.08,0.86,0.86,0.85,0.86,0.86,0.86,0.86,0.86,0.86,0.86,0.85,0.86,0.72,0.85,0.86,0.85,0.86,0.86,0.86,0.86,0.86,0.86,0.86,0.86,0.86,0.86,-1.23,0.85,0.84,0.86,0.86,0.86,0.86,0.86,0.84,0.68,-1.03,0.85,0.86,0.86,0.86,0.86,0.85,0.86,0.86,0.86,0.86,0.85,0.86,-1.04,0.86,0.86,0.84,0.86,0.85,0.84,-1.04,0.86,0.85,0.85,0.86,0.86,0.86,0.86,-1.11,0.83,0.85,0.86,0.86,0.86,0.86,0.82,0.86,0.84,0.82,0.86,0.86,0.85,0.84,0.7,0.86,-1.11,0.86,-1.14,0.86,0.85,0.86,0.86,0.83,0.86,0.86,0.86,0.86,0.86,0.85,0.86,0.86,0.86,0.85,0.86,0.74,0.86,0.84,0.86,-1.06,0.85,0.86,-1.01,0.83,0.86,0.86,0.86,0.86,0.86,0.83,0.86,0.86,0.86,0.86,0.86,0.86,0.85,0.86,0.86,0.86,0.86,0.86,0.86,0.86,0.86,0.86,0.85,0.86,0.86,0.86,0.86,0.85,-1.04,0.85,0.86,0.86,0.86,0.86,0.86,0.86,0.86,0.84,0.86,0.8,0.8,0.86,0.86,0.84,0.86,0.86,0.86,0.86,0.84,-1.14,0.86,0.85,0.86,-1.02,0.86,0.86,0.84,0.86,0.86,0.86,0.86,0.86,0.85,0.86,0.86,0.82,0.73,-1.09,0.86,0.86,0.86,-1.04,0.86,0.82,0.86,0.86,0.85,0.86,0.85,0.84,0.86,0.86,0.86,0.86,0.86,0.86,0.86,0.84,0.86,0.85,0.86,0.86,-1.07,0.85,0.85,0.86,0.86,0.86,0.86,0.86,0.86,0.82,0.86,0.86,0.84,0.86,0.86,0.86,0.86,0.86,0.86,0.83,0.86,0.86,0.86,0.86,-1.1,0.84,0.85,0.85,0.86,0.86,0.86,0.86,0.86,0.86,0.86,0.86,0.85,0.86,0.86,0.85,0.86,0.86,0.74,0.86,0.86,0.86,0.86,0.84,0.85,0.85,0.85,-1.09,0.85,0.85,0.86,0.85,0.86,-1.09,0.86,0.86,0.75,0.83,0.85,0.86,0.83,0.86,0.86,0.83,0.84,0.79,-1.12,0.86,0.86,-1.05,0.86,0.83,0.86,0.86,0.86,0.84,0.86,-1.12,0.86,0.86,0.86,0.86,0.86,0.86,0.86,0.83,0.86,0.86,0.86,0.86,0.86,0.86,0.86,0.86,0.86,0.86,0.86,0.84,0.86,0.86,0.86,0.86,0.86,0.86,0.86,0.86,0.86,0.85,0.84,0.86,0.86,0.86,0.86,0.86,0.86,0.86,0.86,0.86,0.86,0.86,0.86,0.86,0.85,0.86,0.86,0.86,0.74,-1.13,0.86,-1.13,0.86,0.86,0.7,0.86,0.86,0.86,0.86,0.86,-1.12,0.86,-1.11,0.85,-1.06,0.86,-1.15,0.86,0.84,0.85,0.85,0.83,0.85,0.86,0.86,0.86,0.86,0.86,0.86,0.86,0.86,-1.12,0.86,0.84,0.86,0.86,0.86,0.86,0.86,0.86,0.86,0.86,0.86,0.83,-1.06,-1.09,-1.16,0.85,0.82,-1.07,0.86,0.84,0.85,0.85,0.85,0.84,0.86,0.85,0.85,-1.0,0.86,0.86,0.84,0.86,0.86,0.86,0.85,0.85,0.86,0.86,0.86,0.86,-1.01,0.86,0.76,0.86,0.86,0.78,-1.04,0.86,-1.03,0.86,0.86,0.85,0.74,0.86,0.86,0.86,0.86,0.86,0.71,0.86,0.86,-1.13,0.86,0.86,0.86,0.86,0.86,0.85,0.86,0.86,0.84,0.86,0.8,0.84,0.86,0.86,0.86,0.85,0.84,0.86,0.86,0.85,0.86,0.86,0.86,0.86,0.86,0.84,0.86,0.86,0.86,0.86,0.86,0.86,0.86,0.86,0.86,0.86,0.86,0.85,0.85,0.73,0.86,0.85,0.86,0.86,0.86,0.86,0.86,0.86,0.86,0.84,0.86,0.84,0.86,0.86,0.8,0.85,0.86,0.86,0.84,0.85,0.86,-1.0,0.86,0.83,0.85,0.85,0.86,0.86,0.86,0.86,0.86,0.86,0.84,0.86,0.85,-1.02,-1.13,0.85,0.83,0.86,0.86,0.86,0.86,0.86,0.86,0.76,0.86,0.86,0.84,0.86,0.84,0.86,0.86,0.86,0.83,0.83,0.86,0.86,0.86,0.86,0.86
0.83,0.83,-1.03,-1.09,0.79,-1.06,-1.0,-1.15,-1.22,-1.01,-1.13,-1.04,0.83,0.83,0.8,-1.04,0.56,0.84,0.83,0.84,0.81,0.86,0.83,0.81,0.84,0.81,0.78,0.82,-1.13,0.7,-1.19,0.86,0.84,0.84,0.84,0.8,-1.06,0.85,0.85,-1.01,0.83,0.74,0.84,0.84,0.84,0.86,0.86,0.86,0.84,0.86,0.86,0.86,0.86,0.86,0.86,0.86,0.86,0.86,0.86,0.86,0.86,0.86,0.84,0.86,0.86,0.86,0.85,0.86,0.86,0.86,0.85,0.86,-1.06,0.78,0.86,0.86,0.86,0.86,0.86,0.86,0.86,0.83,0.86,0.86,0.86,0.86,0.86,0.83,0.85,0.86,0.86,0.86,0.86,0.86,0.86,0.85,0.86,0.86,0.86,0.86,0.86,0.86,0.85,0.86,0.84,0.86,0.86,-1.05,0.86,0.86,0.86,0.86,0.86,0.86,0.86,0.82,0.86,0.86,0.69,0.86,0.71,-1.06,0.86,0.82,0.86,0.85,-1.02,0.84,0.86,0.86,0.85,0.86,-1.18,0.86,0.86,-1.08,0.86,0.73,-1.01,0.86,0.86,0.86,0.86,-1.13,0.86,0.86,0.86,0.86,0.86,0.85,0.86,0.86,0.86,0.86,0.86,0.86,0.85,0.83,0.86,0.79,0.86,0.84,0.86,0.86,0.86,0.86,-1.11,0.86,0.86,0.86,0.86,0.86,0.84,0.86,0.86,0.86,0.86,0.86,0.86,0.85,0.86,0.86,0.85,0.86,0.86,0.86,0.86,0.85,0.86,0.86,-1.13,0.86,0.84,0.74,0.86,-1.06,0.86,-1.13,0.86,0.86,0.86,0.86,0.86,0.86,0.86,0.86,0.86,0.86,0.86,0.84,0.86,0.86,0.78,0.86,0.86,0.86,0.86,0.71,0.86,0.85,0.86,0.85,-1.01,0.86,0.86,0.86,0.86,0.86,0.86,0.85,0.86,0.86,0.86,-1.02,0.82,0.86,0.85,0.79,0.86,-1.04,0.86,0.86,0.86,0.86,0.86,0.81,0.86,0.86,0.83,0.84,0.83,0.86,0.86,0.84,0.86,0.86,0.86,0.86,0.86,0.86,0.86,0.86,-1.11,0.86,0.84,0.86,0.86,0.85,0.86,0.86,0.86,0.86,0.86,0.84,0.86,0.85,0.86,0.86,0.86,0.86,0.84,0.86,-1.03,0.85,0.86,0.84,0.86,0.86,0.86,0.86,0.86,0.86,0.86,0.86,0.86,0.86,0.86,0.85,0.86,0.86,0.85,0.85,0.86,0.86,0.84,0.86,-1.09,0.86,0.85,0.81,0.86,0.86,0.86,0.86,0.85,0.84,0.86,0.86,0.86,0.86,0.84,0.86,0.86,0.86,0.85,-1.01,0.86,0.86,0.86,0.86,0.86,0.86,0.86,0.86,0.83,-1.12,0.86,-1.03,0.86,0.86,-1.1,0.86,0.86,0.86,0.86,0.85,0.84,0.85,0.86,0.86,0.86,0.86,0.86,0.86,0.86,0.86,0.86,0.86,0.86,0.86,0.85,0.86,0.85,0.83,0.86,0.86,0.85,0.86,0.86,0.86,0.86,0.86,0.86,-1.0,0.86,0.86,-1.1,0.84,0.82,0.86,0.86,0.85,0.86,0.86,-1.15,0.84,0.85,0.86,0.85,0.86,0.86,0.85,0.86,0.86,-1.09,0.85,-1.12,-1.13,0.86,0.86,0.86,0.86,0.85,0.86,0.86,0.73,0.86,0.86,0.86,0.86,0.86,-1.03,0.86,0.85,0.86,0.85,0.83,0.85,0.84,0.86,-1.13,0.86,0.86,0.86,-1.18,0.86,0.86,0.86,0.86,0.85,0.86,0.86,0.86,0.83,0.86,0.86,0.86,0.86,0.85,0.86,0.86,0.85,0.86,0.86,0.86,0.86,0.86,0.82,0.86,0.86,0.86,0.86,0.86,-1.03,0.86,0.86,0.86,0.86,0.86,-1.02,0.85,0.86,0.86,0.86,0.86,0.86,0.86,0.85,0.86,0.86,0.85,0.86,0.84,0.86,0.86,-1.12,0.86,0.86,0.86,0.86,0.86,0.86,0.84,-1.02,0.86,0.86,0.83,0.86,0.86,0.86,0.86,0.77,0.86,0.86,0.86,0.86,0.86,0.86,0.86,0.86,0.86,-1.14,0.83,0.86,0.86,0.86,0.86,0.86,0.86,0.86,-1.02,-1.03,0.86,0.86,0.77,0.86,0.86,0.86,0.86,0.86,0.86,0.85,0.86,0.86,0.86,0.86,0.86,0.86,0.86,-1.06,0.86,0.86,-1.03,0.82,0.85,0.86,0.86,0.85,0.86,0.85,0.84,0.86,0.86,0.86,0.85,0.86,0.85,-1.05,0.85,0.86,0.86,-1.12,0.86,0.85,-1.08,0.86,-1.03,0.86,0.86,0.86,-1.03,0.86,0.85,0.86,0.86,0.85,0.86,0.86,0.86,0.86,0.86,0.86,0.86,-1.03,0.86,0.86,-1.14,-1.12,0.86,0.86,0.86,0.85,0.84,0.86,0.86,0.86,-1.19,0.84,0.85,0.86,0.86,0.86,0.86,0.86,0.86,0.86,0.86,-1.11,0.86,0.86,0.86,0.81,0.86,0.85,0.86,0.86,0.86,0.86,0.86,0.86,0.86,-1.02,0.86,0.85,0.86,0.86,0.85,0.86,0.85,0.84,0.86,0.86,0.86,0.86,0.86,0.86,0.86,0.86,-1.13,0.86,0.85,0.86,0.86,0.86,0.86,0.86,0.85,0.86,0.86,0.86,0.86,0.86,0.86,0.86,0.86,0.85,0.86,-1.09,0.86,0.86,-1.1,0.86,0.86,0.86,-1.09,0.86,0.86,0.86,0.86,0.86,0.84,0.86,0.86,0.86,0.86,0.86,0.86,0.75,0.86,0.86,0.86,0.86,0.83,0.86,0.62,0.86,0.86,0.85,0.86,0.85,0.84,0.86,0.86,0.86,0.86,0.86,0.86,0.86,0.86,0.86,0.86,0.85,0.84,0.86,0.85,0.86,0.86,0.86,0.86,0.86,0.86,0.86,0.84,0.84,-1.15,0.86,0.84,0.86,0.86,-1.12,0.86,-1.02,0.84,0.84,0.86,0.86,0.86,0.86,0.86,-1.01,0.86,-1.01,0.86,0.84,0.86,0.86,0.85,0.84,0.85,0.86,0.86,0.85,-1.13,0.83,-1.03,0.73,0.85,0.86,0.86,0.78,0.86,-1.02,0.84,0.86,0.85,0.86,0.86,0.86,-1.11,0.86,0.84,0.85,0.86,0.86,0.83,0.86,0.86,0.86,0.86,0.86,0.86,0.86,0.86,0.86,0.86,0.86,0.86,-1.13,0.86,0.84,0.86,0.86,0.85,0.86,0.86,0.86,0.86,0.86,0.86,0.86,-1.04,0.86,0.85,0.86,0.84,0.86,0.85,0.86,0.86,0.85,0.86,0.86,-1.04,0.85,0.86,0.83,-1.07,0.85,0.86,0.86,0.86,0.86,0.86,0.78,0.86,0.86,-1.12,-1.14,0.86,0.86,0.86,0.86,0.86,-1.13,0.86,0.85,0.86,0.86,0.86,0.84,0.86,0.85,0.86,0.86,0.78,-1.04,0.86,0.86,0.86,0.86,0.84,-1.02,0.86,0.78,0.86,0.86,0.86,0.86,0.84,0.83,-1.02,0.86,0.85,0.86,0.86,0.85,0.86,-1.11,0.86,0.86,0.8,0.86,0.86,0.86,0.86,0.86,-1.08,0.86,0.85,0.86,0.86,0.86,0.86,-1.02,0.85,0.86,0.86,0.84,0.86,0.86,0.86,0.86,0.86,0.85,0.86,0.86,0.84,0.86,0.84,0.86,0.86,0.86,0.86,0.86,0.86,0.86,0.86,0.86,0.86,0.86,0.86,0.86,0.86,0.86,0.86,0.84,0.84,0.86,0.86,0.86,0.86,0.86,0.86,0.86,0.86,0.86,0.83,0.86,0.86,-1.07,0.86,0.85,0.86,0.86,0.86,0.86,0.85,0.86,0.86,0.73,-1.02,0.86,0.86,0.86,0.86,0.86,0.86,0.86,0.86,0.86,0.86,0.85,-1.16,0.86,0.86,0.86,0.86,0.85,0.86,0.86,-1.13,0.86,0.86,0.86,0.84,0.86,0.86,0.86,0.86,0.86,0.86,0.86,0.86,0.85,0.86,0.86,0.86,0.86,0.86,0.86,0.86,0.78,0.86,0.86,0.86,0.86,0.86,0.86,0.86,0.86,0.86,0.86,0.86,0.86,-1.06,0.84,0.86,0.86,0.86,0.86,0.85,0.86,0.86,0.86,0.84,0.86,0.71,0.86,0.86,0.85,0.86,0.86,0.84,0.84,0.86,0.86,0.86,0.86,-1.13,0.86,0.86,0.86,0.86,0.86,0.86,0.85,0.86,0.86,0.86,0.86,0.86,0.86,0.85,0.86,0.85,0.86,0.85,0.86,0.74,0.86,0.86,0.86,0.85,0.71,0.86,0.86,0.86,0.86,0.86,0.86,-1.05,-1.07,0.79,0.84,0.85,0.86,0.86,0.86,0.85,0.86,0.84,0.86,0.84,0.86,0.86,0.8,0.86,0.86,0.86,0.86,0.86,0.84,0.78,0.86,0.86,0.85,0.86,0.86,0.86,0.86,0.86,0.7,-1.04,0.85,0.86,0.85,0.86,0.86,0.86,0.86,0.86,0.86,0.85,0.85,0.86,0.85,0.86,-1.06,0.85,0.86,0.86,0.78,0.86,0.86,-1.06,0.86,-1.03,0.72,-1.02,0.82,0.79,0.86,0.85,0.84,0.86,0.81,0.86,0.84,0.81,0.86,0.86,0.86,-1.02,0.86,0.84,0.86,0.86,0.86,0.86,0.86,0.86,0.86,0.86,0.86,0.86,0.86,0.86,0.86,0.86,0.86,0.85,0.86,0.86,-1.06,0.85,0.83,0.86,0.84,0.86,0.86,0.84,0.86,0.86,0.86,0.86,0.85,-1.07,0.86,0.86,0.77,0.86,-1.13,0.86,0.86,0.86,0.86,0.86,0.86,0.86,0.86,0.85,0.84,0.85,0.86,0.86,-1.23,0.84,0.86,0.86,0.84,0.86,0.86,0.86,0.84,0.86,0.86,0.82,0.86,0.86,0.85,0.86,0.86,0.86,0.85,0.85,0.84,0.86,-1.09,0.86,0.86,0.86,0.86,0.86,0.86,0.86,0.86,0.86,0.86,0.86,0.86,0.86,0.86,0.86,0.86,0.86,0.86,-1.12,0.85,0.86,0.86,0.86,0.86,0.86,0.73,0.86,0.86,0.86,0.86,0.86,0.86,0.86,0.86,0.86,-1.01,0.84,0.86,0.84,0.85,0.86,-1.16,0.86,-1.12,0.86,0.86,0.86,0.86,0.86,0.86,0.77,0.86,0.86,0.86,0.86,0.86,0.86,0.86,0.84,0.86,0.86,0.86,0.86,0.86,0.86,0.85,0.84,0.86,0.84,0.86,0.83,0.79,0.86,0.86,0.86,0.84,0.86,-1.08,0.86,0.86,0.86,-1.1,0.86,0.85,0.86,0.85,0.86,0.86,0.86,0.86,0.86,0.85,0.86,0.86,0.86,0.85,0.86,0.86,0.86,0.86,0.86,0.84,0.86,0.86,0.86,0.86,0.86,0.86,0.86,0.86,0.86,-1.02,0.86,0.86,0.86,-1.01,0.85,0.86,0.86,0.86,0.85,0.86,0.86,0.85,0.86,0.86,0.86,0.86,0.86,0.86,0.86,0.86,0.86,0.86,0.86,0.86,0.86,0.86,0.68,-1.11,0.85,0.85,0.7,0.86,0.86,0.84,0.86,0.86,0.84,0.85,0.86,0.86,0.86,0.86,0.86,0.84,-1.09,-1.1,0.83,0.85,0.86,-1.03,0.86,0.86,0.86,0.84,0.86,0.86,0.86,0.86,0.85,0.86,0.86,0.86,0.86,0.86,0.86,0.86,0.86,0.86,0.86,0.86,0.86,0.86,0.84,0.86,0.86,0.72,0.86,0.86,0.86,0.84,0.86,0.84,0.86,0.86,0.84,-1.11,0.86,-1.13,0.85,0.86,0.84,0.86,0.86,0.86,0.86,0.86,0.78,0.86,0.86,0.86,0.85,0.86,0.86,0.86,0.86,0.86,0.86,0.86,0.86,0.86,0.86,0.86,0.86,0.86,0.85,0.86,0.86,0.85,0.86,0.85,0.86,0.86,0.85,0.86,0.86,0.86,0.84,0.86,0.86,0.85,0.86,0.86,0.84,-1.12,0.86,0.7,0.86,0.86,0.86,0.86,0.86,0.86,0.86,0.86,0.86,0.85,0.86,-1.0,0.86,0.86,0.86,0.86,0.72,0.86,0.85,0.86,0.86,0.86,0.86,0.86,0.86,0.86,0.86,0.86,0.86,-1.0,0.83,0.86,0.86,0.85,0.86,0.86,0.86,0.86,0.85,0.86,0.86,0.86,0.77,-1.12,0.86,0.86,0.86,-1.03,0.86,0.86,0.86,-1.04,0.86,0.85,0.86,0.86,0.86,0.84,0.86,0.86,0.86,0.86,0.86,0.77,0.86,0.86,-1.11,0.86,0.86,0.86,0.86,0.85,0.86,0.86,0.86,0.86,0.86,0.82,0.86,0.85,0.85,0.85,0.86,0.86,0.86,0.86,0.86,0.86,0.86,0.86,0.86,0.86,0.86,0.86,0.86,0.84,-1.07,0.86,0.86,0.85,0.86,0.86,0.85,0.86,0.86,0.86,0.86,0.86,0.85,0.86,0.86,0.86,0.85,0.86,0.86,0.86,0.86,0.85,0.84,0.76,0.86,0.86,0.86,0.86,-1.05,0.86,0.86,0.86,0.86,0.83,0.86,0.86,-1.07,0.86,-1.01,0.86,0.86,0.81,0.86,0.86,-1.14,0.86,0.86,0.86,0.84,0.85,0.86,0.86,0.86,-1.12,0.86,-1.06,0.86,0.86,0.86,0.86,0.86,0.86,0.86,0.86,0.86,0.73,0.86,0.86,0.84,0.86,0.86,0.86,0.86,-1.13,0.86,0.86,0.86,0.86,0.86,0.86,0.86,0.71,0.85,0.86,0.78,0.86,0.86,0.86,0.86,-1.12,0.86,0.86,0.86,0.84,0.86,0.86,0.86,0.86,0.86,0.84,0.86,0.83,0.86,0.86,0.86,-1.08,0.85,0.86,0.86,0.86,0.85,0.86,0.86,0.86,0.84,-1.01,0.86,0.86,0.86,0.86,0.85,0.83,0.85,0.77,0.86,0.86,0.85,0.86,-1.03,0.82,0.86,0.76,0.86,0.85,0.86,-1.03,0.86,0.86,0.84,0.85,0.73,0.86,0.86,0.86,0.85,0.86,0.86,0.85,0.86,0.86,0.86,0.86,0.86,0.86,0.86,0.86,0.84,0.83,0.84,0.86,0.81,0.86,0.86,0.86,0.86,0.86,0.86,0.86,0.77,0.86,0.86,0.85,0.84,0.86,-1.04,0.86,0.84,0.86,0.86,0.86,0.86,0.86,0.86,0.86,0.86,0.86,0.84,0.86,0.86,-1.08,0.86,0.85,0.86,0.86,0.86,0.86,-1.13,0.86,0.86,0.86,0.86,0.86,0.86,0.86,0.86,0.86,0.86,0.85,0.84,0.84,0.86,0.86,0.86,0.86,0.86,0.86,0.73,0.86,0.85,0.86,-1.1,0.86,0.86,0.85,0.86,0.86,0.86,0.86,0.86,-1.03,0.86,-1.14,0.84,0.83,0.86,0.86,0.86,0.84,0.72,0.86,0.85,0.86,-1.18,0.86,0.8,0.86,0.86,0.86,0.86,0.84,0.86,0.86,0.83,0.86,0.84,0.86,-1.13,0.86,0.86,0.84,0.86,0.84,0.86,0.86,0.86,0.81,0.86,-1.12,0.86,0.86,0.86,0.86,0.86,0.86,-1.02,0.86,0.86,0.84,0.86,0.86,0.86,-1.02,0.86,0.86,-1.16,0.84,0.86,0.86,-1.09,0.85,0.86,0.86,0.86,0.85,0.86,0.86,0.86,-1.01,0.86,0.85,0.86,0.86,0.86,0.86,0.86,0.86,-1.12,-1.02,0.84,0.86,0.86,-1.03,0.86,0.85,0.86,0.84,0.86,0.83,-1.02,0.85,0.86,0.84,0.86,0.86,-1.01,0.85,0.86,0.86,0.86,0.86,0.86,0.86,0.86,0.86,0.86,0.86,0.86,0.85,0.86,0.86,0.86,0.86,0.86,0.86,0.86,0.86,0.86,0.86,0.71,0.86,0.86,-1.11,0.86,0.83,0.86,0.86,0.86,0.86,0.75,0.86,0.76,0.86,0.86,0.86,0.86,0.86,0.86,0.86,0.84,0.85,0.86,0.86,0.86,0.86,0.86,0.86,0.86,0.86,0.86,-1.08,0.86,0.86,0.86,0.86,0.85,0.86,0.86,0.86,0.85,0.84,0.86,0.85,0.86,0.8,0.71,0.84,0.86,0.86,0.86,0.86,0.86,0.85,0.86,0.86,0.83,0.85,0.86,0.86,0.85,0.86,0.86,0.86,0.85,0.86,0.86,0.86,0.86,0.86,0.86,0.86,0.86,0.86,0.86,0.86,0.86,0.86,-1.0,0.86,0.86,0.86,0.85,0.86,0.86,0.86,0.86,0.86,0.86,-1.06,0.86,0.85,0.84,0.86,0.82,0.85,0.86,0.86,0.86,0.86,0.86,0.85,0.86,0.85,0.86,0.86,0.85,0.8,0.86,0.86,0.86,0.86,0.86,0.86,0.86,0.86,0.86,0.86,0.86,0.86,0.86,0.86,0.86,0.86,0.86,0.86,0.86,0.86,0.86,0.86,0.85,0.86,-1.1,0.86,0.86,0.86,0.86,0.86,-1.11,0.86,0.85,0.85,0.86,0.76,0.83,0.86,0.86,-1.15,0.86,0.84,0.86,0.86,0.85,0.86,0.86,0.86,0.86,0.86,0.86,0.85,0.85,0.86,0.86,0.86,0.86,0.86,0.86,0.81,0.86,0.86,0.86,0.86,0.86,0.86,0.86,0.86,0.86,0.86,0.81,0.85,-1.01,0.86,-1.08,0.86,0.84,0.86,0.86,0.85,0.86,0.84,0.86,0.86,0.84,0.86,0.83,0.79,0.86,0.86,0.86,0.86,0.86,0.86,-1.06,-1.03,0.85,0.78,-1.07,0.86,0.86,0.86,0.85,0.86,0.84,0.86,0.86,-1.0,0.86,0.86,0.86,0.86,0.84,0.86,-1.12,0.85,0.86,0.85,0.85,0.86,-1.08,0.85,0.86,0.86,0.86,0.86,0.86,0.86,0.86,0.85,0.86,0.86,0.86,0.86,0.86,0.84,0.86,0.86,0.86,0.86,0.85,0.86,0.86,0.86,0.84,0.86,0.86,-1.02,0.86,0.85,-1.01,0.86,0.85,0.85,0.85,0.86,0.86,0.86,-1.14,0.86,0.86,0.86,0.86,0.86,0.86,0.85,0.76,0.86,0.86,-1.0,0.86,-1.12,0.85,0.86,0.84,0.86,0.83,0.86,0.86,0.86,0.86,0.86,0.86,0.86,0.86,0.84,0.84,0.83,0.85,0.86,0.86,0.86,-1.15,0.86,0.86,0.85,0.84,-1.12,0.86,0.84,0.86,0.84,-1.05,0.85,0.84,0.86,0.86,0.86,0.86,0.86,0.85,0.85,0.86,0.86,-1.02,0.86,0.85,0.86,0.86,0.85,0.86,0.86,0.85,0.86,0.86,0.86,0.86,0.86,0.86,0.86,0.86,0.85,0.86,0.86,0.86,0.85,0.86,0.86,0.86,0.86,0.86,0.8,0.86,0.86,0.83,0.86,0.86,0.85,0.86,0.86,0.86,0.86,0.86,0.74,0.84,0.86,0.85,0.86,0.86,0.86,0.86,0.86,0.85,0.86,0.85,0.86,0.86,0.86,0.86,-1.06,0.86,-1.11,0.86,0.86,0.86,0.86,0.86,0.82,0.85,0.86,0.81,0.84,0.78,0.86,0.86,-1.02,0.86,0.85,0.85,0.86,0.86,0.77,0.86,0.86,0.86,0.86,0.86,0.86,0.86,0.86,0.86,0.84,0.86,0.86,0.86,0.77,0.86,0.86,0.86,0.86,0.86,0.86,0.86,0.86,0.86,0.85,0.86,-1.03,0.82,0.85,0.72,0.86,0.86,0.86,0.86,0.86,0.86,0.86,0.86,0.86,0.86,0.86,0.86,0.86,0.86,0.86,0.86,0.86,0.86,0.85,0.86,0.86,0.86,0.86,0.86,0.86,0.86,0.85,0.86,0.86,0.86,0.86,0.86,0.86,0.86,-1.12,0.86,0.86,0.86,0.86,0.86,0.85,0.86,0.86,-1.01,0.86,0.86,0.86,0.83,0.86,0.84,-1.11,0.85,0.85,0.86,0.86,0.86,0.86,0.86,0.86,0.84,0.86,0.86,0.84,0.86,0.86,-1.0,0.86,0.86,0.84,0.84,0.86,0.86,0.86,-1.14,0.86,0.85,0.86,0.85,-1.03,0.86,0.86,0.86,0.86,-1.12,0.85,0.86,0.86,0.85,0.86,0.86,0.86,0.86,0.86,0.86,0.84,0.86,0.86,0.86,0.86,0.86,0.86,0.86,0.86,0.86,0.85,0.86,0.85,0.86,0.86,0.86,0.86,-1.1,0.86,0.86,0.86,0.86,0.86,0.86,-1.05,0.86,-1.0,0.86,0.78,0.86,0.86,0.86,0.86,0.86,0.86,-1.13,0.83,0.86,0.86,0.86,0.86,0.86,0.86,0.86,0.86,0.86,0.86,0.86,0.86,0.86,0.86,0.86,0.86,0.86,0.85,0.82,0.86,0.84,0.86,0.86,0.84,-1.13,0.86,0.86,0.86,0.86,0.85,0.85,0.86,0.86,0.86,0.86,0.86,0.86,0.86,0.86,0.86,0.86,0.73,0.85,0.86,0.86,0.84,0.86,0.86,0.86,-1.11,0.86,0.86,0.86,-1.06,-1.13,0.84,0.86,0.84,0.86,0.85,0.86,0.86,0.86,0.86,0.86,-1.12,0.86,0.86,0.86,0.86,0.86,0.86,0.86,0.84,0.86,-1.08,0.86,0.86,0.85,0.86,0.84,0.86,0.85,0.84,0.86,0.74,0.86,0.86,0.86,0.86,-1.13,0.84,0.86,-1.03,0.84,0.86,0.86,-1.25,0.85,0.86,0.86,0.86,0.85,0.86,0.86,0.86,-1.14,0.84,0.86,0.85,0.86,0.86,0.86,0.86,0.86,0.84,0.86,0.85,0.72,0.71,0.86,0.86,0.86,0.86,0.86,0.86,0.86,0.84,0.86,0.86,0.86,0.86,0.86,0.86,0.86,0.86,0.86,0.86,0.84,0.85,0.86,0.86,0.86,0.86,0.85,0.86,-1.02,0.85,0.86,0.86,0.78,0.84,0.86,0.86,0.86,0.86,0.86,0.86,0.86,0.86,0.86,0.86,0.73,0.86,0.86,0.86,0.84,0.86,0.86,0.86,0.86,0.85,0.86,0.86,0.86,0.86,0.86,0.83,0.86,0.86,0.82,0.83,0.86,0.74,0.86,0.77,0.86,0.86,0.78,-1.06,0.86,0.86,0.86,0.82,0.86,0.86,0.84,0.85,0.86,0.86,0.85,0.86,0.82,0.84,-1.07,0.86,0.86,0.86,0.86,0.86,0.86,0.86,0.86,0.86,0.86,0.86,0.86,0.86,0.86,0.86,0.86,-1.11,0.84,0.86,0.86,0.86,0.85,0.86,0.86,0.86,0.86,0.86,0.84,0.86,-1.01,0.83,-1.03,0.84,0.86,0.86,0.86,0.86,0.85,0.86,0.74,0.86,0.86,0.86,0.86,0.86,0.86,0.86,0.86,0.86,0.86,0.86,0.86,0.85,0.86,0.86,0.86,0.86,0.86,0.86,0.84,0.86,0.86,0.86,0.86,0.86,0.86,0.86,0.86,0.86,0.84,0.86,0.86,0.86,0.86,0.86,0.85,0.86,0.82,0.86,0.86,0.86,0.86,0.85,0.86,0.86,0.86,0.84,0.86,0.86,0.86,0.86,0.86,0.86,0.86,0.86,0.86,-1.13,0.82,0.86,0.86,0.86,0.86,0.86,0.86,-1.12,0.83,0.86,0.86,0.86,0.86,0.86,0.86,0.86,0.86,0.86,-1.06,0.86,0.86,0.86,0.86,0.86,0.86,0.85,0.86,-1.07,0.86,0.86,0.84,0.86,0.86,-1.13,0.86,-1.01,0.86,-1.12,0.85,0.86,0.84,0.86,0.85,0.85,0.85,0.85,0.86,0.86,0.86,-1.16,0.86,0.86,0.66,0.86,0.86,0.84,0.86,0.86,0.74,0.86,0.85,0.85,0.86,0.85,0.86,0.84,0.86,0.86,0.86,0.84,0.73,0.84,0.86,0.86,0.84,0.86,0.86,0.86,0.86,0.86,0.86,-1.14,0.86,0.86,0.85,-1.13,0.84,0.86,0.86,0.86,0.86,0.86,0.86,0.86,0.86,0.85,0.86,0.86,0.86,-1.11,0.86,0.86,0.86,0.85,-1.12,0.84,0.85,0.86,0.86,0.86,0.86,0.86,0.86,0.86,-1.13,0.86,0.86,0.86,0.86,0.86,0.86,0.86,0.86,0.86,0.85,0.86,0.86,0.86,0.86,0.86,0.86,0.86,0.86,0.86,0.85,0.86,0.82,0.86,0.86,0.86,0.85,0.86,0.86,0.86,0.86,0.86,0.86,0.86,0.86,0.86,0.85,0.86,0.86,0.86,-1.12,0.84,0.86,0.86,0.86,0.86,0.86,0.86,0.84,0.86,0.8,0.86,0.86,0.86,0.73,0.86,0.84,0.86,0.86,0.86,0.86,0.86,0.86,0.86,0.86,0.86,0.86,0.86,0.86,0.86,0.86,0.86,0.86,0.85,-1.07,0.86,0.86,0.84,0.86,0.86,0.86,0.86,-1.07,0.74,0.86,0.86,0.71,0.86,0.86,0.86,0.86,0.86,0.86,0.86,0.86,0.86,0.86,0.86,0.86,0.86,0.86,0.86,0.86,0.86,0.84,0.85,0.86,-1.14,0.81,0.86,0.71,0.8,0.86,0.85,0.86,-1.12,0.85,0.86,0.86,0.86,0.86,-1.0,0.83,0.86,0.86,0.86,0.86,0.86,0.86,0.86,0.86,0.86,0.85,0.85,-1.07,0.86,0.86,0.85,0.85,0.85,0.86,0.85,0.83,0.86,0.86,0.84,0.86,-1.12,0.84,0.84,0.86,0.85,-1.04,0.82
0.8,-1.02,-1.06,-1.14,0.71,-1.29,-1.46,0.78,-1.02,-1.01,0.77,-1.04,-1.14,-1.0,0.86,0.83,0.81,0.85,-1.28,-1.07,0.79,-1.04,-1.01,-1.09,0.76,0.83,0.86,-1.05,0.83,0.78,0.86,-1.05,0.81,0.82,0.85,-1.13,0.86,0.72,0.78,0.76,0.81,-1.02,0.84,-1.08,-1.03,0.84,-1.15,0.86,-1.18,-1.12,0.85,0.86,0.82,0.84,0.85,0.86,0.86,0.86,-1.11,-1.04,0.86,0.86,0.86,0.83,0.86,0.86,-1.07,0.86,0.86,0.86,0.83,0.86,0.86,0.86,0.86,0.84,0.86,0.86,0.86,0.85,-1.09,0.86,0.86,0.86,0.86,0.83,0.85,0.86,0.86,0.86,0.72,0.86,0.86,0.86,-1.14,0.86,0.86,0.86,0.86,0.84,0.86,-1.02,0.84,0.84,0.85,0.86,0.86,0.86,0.86,0.86,0.86,0.86,0.86,0.86,0.86,0.71,0.86,0.86,-1.16,0.84,0.86,0.86,0.85,0.86,0.86,0.86,0.86,-1.05,0.85,0.86,0.86,0.86,0.86,0.86,0.86,0.86,0.83,-1.05,0.73,0.86,0.84,0.86,0.86,0.82,0.86,0.86,0.86,0.85,0.86,0.85,0.86,-1.13,0.86,0.86,0.81,0.85,0.86,0.86,0.86,0.86,0.86,0.86,0.86,-1.12,0.86,0.86,0.86,-1.04,0.86,0.86,0.86,0.86,0.86,0.86,0.86,0.84,0.86,0.86,0.86,0.86,0.83,0.86,0.86,0.86,0.86,0.86,0.86,0.86,0.73,0.84,0.86,0.86,0.86,0.86,0.86,0.75,-1.05,0.86,0.86,0.86,0.84,0.86,0.86,0.86,0.86,0.86,0.84,0.86,0.85,0.86,-1.06,0.86,0.86,0.86,0.86,0.86,0.75,0.84,0.86,0.86,0.86,0.86,0.86,0.86,0.84,0.86,0.85,0.86,0.86,0.86,0.86,0.84,0.84,0.86,0.86,0.86,0.8,-1.15,0.86,0.86,0.86,0.86,0.86,0.86,0.85,0.86,0.86,-1.04,0.86,0.86,-1.12,0.86,0.86,0.85,0.86,0.86,0.86,-1.02,0.77,0.81,0.86,0.86,0.86,0.86,-1.14,-1.12,-1.09,-1.06,0.86,0.75,0.86,0.86,0.86,-1.03,0.86,0.86,0.86,0.86,0.86,0.85,0.86,0.86,0.86,0.76,0.86,0.86,0.84,0.86,0.74,0.86,0.86,0.85,0.86,0.86,0.86,0.84,0.86,0.86,-1.02,0.79,-1.13,0.86,0.86,0.86,0.86,0.85,0.86,0.86,0.86,0.86,0.86,0.83,0.86,0.86,0.85,0.85,0.84,0.86,0.86,0.85,0.84,0.86,0.86,0.82,0.86,-1.1,0.86,0.86,0.74,0.86,0.86,0.86,0.86,0.86,0.86,0.86,0.86,0.8,0.81,0.86,0.86,0.86,0.86,0.86,0.72,0.86,0.86,0.86,0.86,0.86,0.86,0.86,0.86,0.86,0.86,0.85,0.86,0.86,-1.1,0.86,0.86,0.86,0.86,0.86,0.86,0.86,0.84,0.86,0.86,0.86,0.86,-1.09,0.86,0.86,0.86,0.86,0.86,-1.03,0.86,0.85,0.85,0.84,0.86,0.86,0.85,0.86,-1.12,0.86,0.86,0.86,0.86,0.84,0.86,0.86,0.86,0.86,0.84,0.86,-1.05,0.85,0.86,0.84,0.86,0.86,0.86,0.86,0.84,0.86,0.85,0.72,-1.1,0.86,0.79,0.86,0.86,-1.12,0.86,0.86,0.86,0.86,0.81,0.86,0.86,0.86,0.86,0.74,-1.18,0.86,0.86,0.77,0.86,0.86,0.86,0.86,0.86,0.86,0.86,0.85,0.86,-1.13,0.86,0.81,0.83,0.86,0.85,0.76,0.76,-1.04,0.86,0.86,0.84,0.86,0.86,0.86,0.86,0.86,0.86,0.86,0.71,0.86,0.85,-1.1,0.86,0.86,0.86,0.85,0.86,0.86,0.86,0.86,0.86,0.86,0.86,0.86,0.84,0.82,0.86,0.86,0.74,0.86,0.83,0.86,0.86,0.86,0.85,0.86,0.83,0.86,0.85,0.86,0.86,0.86,0.86,0.86,0.86,0.86,0.86,-1.02,0.86,0.86,0.86,0.86,0.86,0.85,-1.09,0.86,0.86,0.85,0.86,0.86,0.86,0.86,0.81,0.85,0.85,0.84,0.86,0.86,0.84,0.86,0.85,0.86,0.86,0.86,0.86,0.86,0.86,0.86,0.86,0.86,-1.07,0.85,0.86,0.86,0.86,0.86,0.86,0.86,0.84,0.85,0.82,0.86,-1.03,0.86,0.86,0.81,0.86,0.86,0.86,0.86,0.86,0.86,0.86,-1.06,0.85,0.86,0.86,0.86,0.86,0.86,0.86,0.86,0.85,0.86,0.86,0.86,0.86,0.86,0.84,0.86,0.86,0.85,0.86,0.86,0.86,0.86,0.86,0.85,0.86,0.86,-1.05,-1.13,0.86,0.84,0.86,0.85,0.84,0.86,0.86,0.86,0.86,0.86,0.86,0.86,0.86,0.86,0.86,0.86,0.86,0.85,0.86,0.86,-1.06,-1.1,-1.14,0.86,0.86,0.86,0.86,0.83,0.86,0.86,0.85,0.86,0.86,-1.07,0.86,0.86,0.86,0.85,0.86,0.86,0.86,0.86,0.85,0.86,-1.07,0.86,0.86,-1.03,0.86,0.85,0.85,0.86,0.86,-1.2,-1.02,0.72,0.86,0.86,0.86,-1.12,0.86,0.84,0.86,0.86,0.86,0.86,0.83,0.86,0.86,0.86,0.86,0.86,0.86,0.86,-1.14,0.86,0.85,0.86,0.86,0.86,0.86,0.86,0.86,0.86,0.84,0.85,0.85,0.77,0.86,0.86,0.86,0.84,0.86,0.86,0.67,-1.0,-1.09,0.85,0.71,0.86,0.84,0.86,0.86,0.86,0.86,0.86,0.86,0.86,0.86,0.84,0.86,0.86,0.86,0.86,0.86,0.86,0.86,0.85,0.86,0.75,0.86,0.86,0.86,0.83,0.86,0.86,0.86,0.86,0.83,0.84,0.86,0.86,0.86,0.86,0.86,0.86,0.86,0.86,0.86,0.86,0.86,0.86,0.86,0.86,0.86,0.86,0.84,0.85,0.86,0.86,0.86,-1.05,0.86,0.86,0.86,0.86,0.86,0.86,0.84,0.86,0.86,0.85,0.85,0.86,0.86,0.86,0.86,0.86,0.86,0.84,0.86,0.86,0.86,0.86,0.86,0.78,0.86,0.86,0.86,0.86,0.86,0.86,0.86,0.86,0.85,-1.04,0.86,0.86,0.84,0.8,0.86,0.86,0.86,0.86,0.86,0.86,0.86,0.86,0.86,0.86,0.86,0.86,0.85,0.86,0.85,0.77,0.86,0.86,0.86,0.86,0.86,0.85,0.86,0.86,0.86,0.86,0.86,0.86,0.86,0.84,0.86,0.86,0.81,0.86,0.86,0.85,0.86,0.84,0.86,-1.13,0.86,0.84,-1.03,0.86,0.84,0.86,0.86,0.86,0.86,0.86,0.86,0.86,0.86,0.86,0.86,0.86,0.86,0.85,0.86,0.86,0.86,0.84,0.86,0.86,0.7,0.86,0.86,0.84,0.86,0.86,-1.0,0.86,0.86,0.86,0.83,0.86,0.86,0.86,-1.07,0.86,0.86,0.81,0.86,0.86,0.86,0.86,0.86,-1.06,0.85,0.86,0.84,0.84,0.86,0.85,0.85,0.86,0.85,0.86,0.86,0.86,0.85,0.86,0.84,0.86,0.86,0.86,0.86,0.86,0.85,0.86,0.86,0.86,0.86,0.86,0.86,0.83,0.86,0.82,0.83,0.86,0.86,0.86,0.86,0.86,0.86,0.86,0.86,0.86,0.86,0.86,0.86,0.86,0.86,0.86,0.86,-1.05,0.86,0.86,0.86,0.86,0.86,-1.07,0.86,0.86,0.86,0.86,0.86,0.86,0.8,0.86,0.84,0.86,0.86,0.86,0.86,0.86,0.86,0.85,0.86,0.86,0.86,0.86,0.86,0.84,0.86,0.86,0.86,0.86,0.86,0.86,0.85,0.75,0.86,0.86,0.86,0.85,0.86,0.86,0.86,0.86,0.86,-1.04,0.86,0.85,0.86,0.86,0.86,0.86,0.86,0.86,0.84,0.86,0.83,0.86,0.86,0.86,-1.13,0.86,-1.12,0.86,0.85,0.86,0.86,0.86,0.86,0.86,0.8,0.85,0.84,0.84,0.86,0.86,0.86,0.86,0.86,0.86,0.86,0.86,0.86,0.86,0.86,0.85,0.86,0.86,0.86,0.86,0.86,0.86,0.86,0.75,0.85,-1.13,0.85,0.86,0.86,0.86,0.86,0.86,0.84,0.86,-1.03,0.86,0.86,-1.13,0.86,0.86,0.86,0.86,0.78,0.86,0.85,-1.04,0.84,0.86,0.86,0.79,0.86,0.86,0.84,0.86,0.84,0.86,0.86,0.74,0.84,0.75,0.86,0.86,0.86,0.86,0.86,0.86,0.86,0.86,0.86,0.86,-1.09,0.86,0.85,0.85,0.84,0.72,0.86,0.86,0.86,0.86,0.86,-1.02,0.86,0.82,0.85,0.86,0.86,0.86,-1.12,0.86,0.86,0.86,0.85,0.86,0.86,0.84,0.86,0.86,0.86,0.85,0.86,0.86,0.86,0.86,0.86,0.86,0.86,0.86,0.86,0.85,0.86,0.86,0.86,0.86,0.86,0.86,0.85,-1.0,0.86,0.86,0.86,0.83,0.86,0.81,0.86,0.86,-1.14,0.86,0.86,0.86,0.86,0.86,0.86,0.86,0.86,0.86,0.85,0.86,0.86,0.86,0.86,0.86,0.86,0.86,0.73,0.86,0.86,0.86,0.86,0.86,0.86,0.86,0.86,0.86,0.86,0.86,0.86,0.86,0.86,0.85,0.86,0.64,0.86,0.85,0.86,0.86,0.86,0.86,0.85,0.86,0.86,0.84,-1.0,0.86,0.86,0.86,0.86,-1.05,0.86,0.86,0.86,0.86,0.86,0.86,0.86,0.86,0.86,0.86,0.86,-1.06,0.86,0.86,0.86,0.86,0.86,-1.03,0.74,0.86,0.86,0.86,0.86,0.86,-1.0,-1.14,0.86,0.86,0.86,0.86,0.86,0.86,0.86,0.86,0.86,0.86,0.86,0.78,0.86,0.84,0.86,0.86,0.86,0.79,0.85,0.86,0.86,0.86,0.86,0.86,-1.13,0.86,0.86,0.86,0.86,0.85,0.86,0.86,0.86,-1.04,0.85,0.86,0.86,0.86,0.86,0.86,0.86,0.86,0.86,-1.03,0.86,0.86,0.83,0.86,0.85,0.86,0.86,0.86,0.85,0.84,0.79,0.8,0.86,0.86,0.86,0.81,0.86,0.86,0.86,0.8,0.86,0.86,0.86,0.86,0.86,0.84,0.86,0.86,0.86,0.86,0.86,0.86,0.86,-1.02,0.86,0.86,0.86,0.83,0.86,-1.05,0.84,0.86,0.86,0.86,0.85,0.86,0.86,0.84,0.86,0.85,0.86,0.86,0.86,0.86,0.86,0.86,-1.08,0.85,0.86,0.86,0.86,0.86,0.86,0.86,-1.1,0.85,0.86,0.86,-1.04,0.86,0.85,0.86,0.86,0.86,0.85,0.86,0.84,0.86,0.86,0.86,0.86,0.86,0.86,0.86,0.85,0.86,0.86,0.86,0.84,0.86,0.86,0.86,0.85,0.86,0.84,0.86,0.86,0.86,0.86,0.86,0.86,0.83,0.73,0.86,-1.1,0.85,0.85,0.82,0.84,0.86,0.84,0.83,0.86,0.86,0.86,-1.03,0.86,0.86,0.86,0.86,0.86,0.86,0.83,0.86,0.71,-1.12,0.86,0.86,0.84,0.86,0.86,0.85,0.86,0.86,0.86,0.86,0.86,0.86,0.86,0.84,0.85,0.86,0.85,0.86,0.86,-1.03,0.73,0.86,0.86,0.86,0.86,0.85,0.86,0.86,0.85,0.86,0.86,0.86,0.86,0.86,0.86,0.86,0.86,-1.1,0.86,0.86,0.86,0.86,0.86,0.86,0.86,0.86,0.86,0.85,0.86,0.86,0.86,0.86,0.77,0.86,0.81,0.84,0.86,0.86,0.84,0.86,0.86,0.86,0.86,0.84,0.81,0.86,0.86,0.85,0.83,0.86,0.86,0.86,0.86,0.86,0.86,-1.02,0.86,0.86,0.86,0.86,0.86,0.86,0.86,0.86,0.86,0.86,-1.08,0.79,0.86,-1.09,0.86,-1.05,0.86,0.71,0.84,0.86,0.85,0.85,0.86,0.86,0.86,0.86,0.86,0.86,0.86,-1.11,0.82,0.85,0.86,0.86,0.86,0.86,0.86,0.86,0.86,0.79,0.86,0.7,0.86,0.85,0.86,0.85,0.84,0.86,0.86,0.86,0.86,0.86,0.85,0.85,-1.02,0.84,0.86,0.86,0.86,0.86,0.84,0.86,0.86,-1.14,0.85,0.86,0.86,0.86,0.86,0.86,-1.13,-1.13,0.84,0.86,0.86,0.86,0.86,0.86,0.85,0.86,-1.09,0.84,0.86,0.86,-1.09,0.85,0.86,0.86,0.86,0.86,-1.11,0.83,0.85,0.86,0.86,0.86,-1.15,0.86,0.86,0.86,0.86,0.85,0.86,0.83,0.86,0.86,0.69,0.84,0.86,0.86,0.86,0.86,0.86,0.86,-1.05,0.84,0.83,0.86,0.85,0.86,0.86,-1.11,0.86,0.84,0.85,0.86,-1.12,0.84,0.86,0.86,0.86,0.86,0.86,0.86,0.83,0.86,0.86,0.86,0.84,0.86,0.86,0.86,0.86,0.86,0.86,0.8,0.86,0.86,0.86,0.86,0.86,0.86,0.84,0.86,0.86,0.85,0.86,0.86,0.86,0.86,0.86,0.86,0.86,0.86,0.86,0.86,0.82,0.86,0.85,0.86,-1.14,0.86,-1.05,0.86,0.86,0.86,-1.12,0.84,0.86,0.86,0.86,0.74,0.85,0.86,0.86,0.86,0.86,0.86,0.82,0.84,0.85,0.86,0.86,0.86,0.86,0.86,0.86,0.86,0.86,0.86,0.86,0.86,0.85,0.86,0.86,0.86,0.86,0.85,0.86,0.86,-1.09,-1.01,0.85,0.86,0.86,0.86,0.86,0.84,0.86,0.86,0.86,0.86,0.84,0.84,0.86,0.86,0.86,0.86,0.86,0.86,0.85,0.86,-1.05,0.85,0.86,0.85,-1.06,0.86,0.86,0.86,0.86,0.86,0.86,0.85,0.85,0.86,0.86,0.86,0.86,0.86,0.86,0.85,0.86,0.86,0.86,0.86,0.86,0.86,0.85,0.86,0.7,0.86,0.71,0.86,0.85,0.86,0.85,0.86,-1.02,0.85,0.86,0.86,0.86,0.86,0.86,0.86,0.86,0.86,0.86,0.86,0.86,0.86,0.72,0.86,0.86,0.86,0.86,0.86,0.72,0.86,0.86,0.85,0.86,0.86,0.86,-1.03,0.86,0.86,0.86,0.86,0.86,0.86,-1.05,0.86,0.85,0.86,0.79,0.86,-1.0,0.86,0.86,0.86,0.86,-1.14,0.86,0.86,0.86,0.82,0.86,0.86,0.86,0.86,0.86,0.74,0.86,0.82,0.86,0.86,0.86,0.86,0.86,0.86,0.86,0.86,0.86,0.86,0.86,0.86,0.84,0.86,0.86,0.86,0.85,0.86,0.86,0.86,0.86,0.82,0.82,0.86,0.84,0.86,0.86,0.86,0.86,0.85,0.86,0.86,0.84,0.86,0.86,-1.14,0.86,0.82,0.86,0.86,0.86,0.85,0.86,0.86,0.86,0.86,0.73,0.86,0.86,0.86,0.86,0.86,0.86,0.86,0.86,0.86,0.86,0.84,0.84,0.86,0.86,0.76,0.85,0.86,0.85,0.86,0.72,0.86,0.86,0.86,0.83,0.86,0.86,0.85,0.86,0.86,0.86,0.86,0.85,0.86,0.86,0.86,0.76,0.86,0.85,0.86,0.86,0.82,0.86,0.86,0.86,-1.11,0.85,0.86,0.86,0.86,0.86,0.85,0.86,0.86,-1.03,0.86,0.84,0.86,0.86,0.86,0.81,0.86,0.86,-1.0,0.86,0.72,0.79,0.86,0.85,0.86,0.86,0.86,0.86,0.83,0.86,0.86,0.86,0.83,-1.02,0.86,0.86,0.86,0.86,0.86,0.86,0.84,0.86,0.86,0.86,0.85,0.86,0.86,0.85,0.86,-1.02,0.86,0.85,0.86,0.86,0.86,0.86,0.86,0.83,0.86,0.86,0.84,0.86,0.86,0.86,0.86,0.86,0.86,0.86,0.86,0.86,0.86,0.85,0.86,0.84,0.86,0.86,0.84,0.86,0.84,0.86,0.86,0.86,0.86,0.85,-1.07,0.86,0.84,0.86,0.86,0.86,0.86,0.86,0.86,0.86,0.79,0.86,0.85,0.86,0.84,0.83,0.86,0.86,0.86,0.86,-1.08,0.86,0.85,0.77,0.86,0.86,0.82,0.75,0.86,0.86,0.86,0.86,0.86,0.86,0.86,0.86,0.86,0.85,0.86,0.86,0.86,0.86,0.86,0.86,0.86,0.86,0.86,0.86,0.86,0.86,0.86,0.86,0.86,0.86,0.86,0.85,0.86,0.86,0.86,0.84,0.83,0.86,0.86,0.86,0.86,0.86,0.86,0.86,0.86,0.86,0.86,0.86,0.86,0.86,0.86,0.86,0.86,0.84,0.78,0.84,0.86,0.86,0.86,0.86,0.86,0.86,0.86,0.86,0.86,0.86,0.86,0.83,0.84,0.86,0.81,0.86,0.85,0.86,0.85,0.86,0.86,0.86,0.81,0.78,0.85,0.86,0.84,0.86,-1.06,0.82,0.86,0.86,0.86,0.84,0.86,0.86,-1.04,0.85,0.86,0.86,0.86,0.82,0.86,0.86,0.86,-1.13,0.85,0.86,0.86,0.86,0.83,0.77,0.86,0.86,0.86,0.86,0.84,0.86,0.76,0.85,0.84,0.86,0.86,0.86,0.86,0.85,0.86,0.86,0.86,0.86,0.85,0.86,-1.11,0.82,0.86,0.86,0.74,0.86,0.77,0.86,0.86,-1.07,0.86,0.86,-1.15,0.83,0.86,-1.06,0.86,0.85,-1.13,0.84,0.86,0.85,0.85,0.86,0.86,0.86,0.86,0.86,0.86,0.86,0.86,0.86,0.86,0.85,0.85,0.86,0.86,0.86,-1.08,0.86,-1.04,0.86,0.86,0.84,0.86,0.86,0.86,0.84,0.86,0.86,0.86,0.86,-1.11,0.84,-1.13,0.85,0.86,-1.02,0.85,0.86,0.86,0.86,0.86,0.86,0.85,0.86,-1.27,-1.12,0.82,0.85,0.85,0.85,0.85,0.86,0.86,0.85,0.86,0.86,0.86,0.86,0.86,0.85,0.86,0.86,-1.03,0.86,0.85,0.86,0.86,0.84,0.86,0.86,0.86,0.86,0.86,0.86,0.86,0.85,0.77,0.84,0.86,0.86,0.86,0.83,0.86,0.86,0.73,0.86,0.86,0.86,0.86,0.85,0.86,0.86,0.85,0.86,0.86,0.86,0.86,0.84,0.77,0.84,0.86,0.86,0.86,0.85,0.86,0.86,0.86,0.86,0.86,0.86,0.85,0.84,0.86,0.85,0.86,0.86,0.86,0.86,0.86,0.86,0.86,0.72,0.84,0.84,0.86,0.86,0.86,0.86,0.86,0.86,0.86,0.86,0.86,0.86,0.86,0.86,0.86,0.86,0.85,0.86,-1.13,0.86,0.86,0.86,0.85,0.84,-1.12,0.85,0.86,0.86,-1.09,0.86,0.86,0.86,0.86,0.86,0.86,0.86,0.72,0.86,0.86,0.86,0.86,0.86,0.84,0.83,0.86,0.86,0.86,0.86,0.86,0.85,0.86,0.85,0.86,0.86,0.86,0.86,0.86,0.86,0.86,0.86,0.86,0.86,0.86,0.85,0.86,0.86,0.86,0.86,-1.13,0.84,0.84,0.84,0.86,0.82,0.86,0.86,0.86,0.86,0.86,0.86,0.86,0.86,-1.08,-1.12,0.84,0.86,0.86,0.86,0.86,0.86,0.86,0.86,0.85,0.86,0.86,0.86,0.85,0.86,0.86,0.86,0.86,0.86,0.86,0.86,0.86,0.86,0.86,0.72,0.86,0.86,0.86,0.86,0.86,-1.06,0.86,0.85,0.86,0.86,0.86,0.86,0.73,0.86,-1.09,0.86,0.85,0.85,-1.13,0.84,0.86,0.78,0.86,0.84,0.86,0.85,0.85,-1.03,0.84,0.84,0.84,0.86,0.86,0.85,0.86,0.86,-1.0,0.86,0.83,0.86,0.85,0.86,0.86,-1.03,-1.09,0.86,0.86,0.86,0.85,0.85,0.86,0.86,0.86,0.86,0.86,0.85,0.86,0.84,0.81,0.86,0.86,0.86,0.86,0.8,0.86,0.86,0.86,0.86,0.74,0.86,0.86,0.86,0.86,0.86,0.86,0.86,0.86,0.86,0.86,0.84,0.84,-1.12,0.85,0.86,0.82,0.86,0.86,0.86,0.86,0.86,0.86,0.86,0.86,0.86,0.86,0.84,0.86,0.85,0.85,-1.05,0.82,0.86,0.86,0.83,0.84,0.86,0.86,0.8,0.86,0.86,0.86,0.85,0.84,0.86,0.86,0.86,0.81,0.86,0.86,0.86,0.84,0.86,0.86,0.79,0.86,0.86,0.86,0.86,0.86,0.86,0.86,0.86,0.85,-1.03,0.83,0.86,0.86,0.86,0.86,0.85,-1.07,0.85,0.86,0.86,0.86,0.86,0.86,0.85,-1.08,0.78,0.85,-1.14,0.84,0.86,0.86,0.86,0.86,0.75,0.86,0.86,0.86,0.86,0.86,0.86,0.85,0.85,0.86,0.84,0.68,0.86,0.86,0.76,0.86,0.86,-1.11,0.83,0.86,-1.13,0.84,0.86,0.86,0.86,-1.08,0.81,0.86,0.85,0.84,0.86,0.73,0.75,0.81,0.86,0.86,-1.12,0.83,0.86,-1.0,0.85,0.86,0.86,0.86,0.85,0.86,0.86,0.86,0.86,0.86,0.84,-1.07,0.81,0.85,0.86,0.86,0.85,0.83,0.85,0.86,0.86,0.86,0.86,0.83,0.86,0.86,0.86,0.86,0.84,0.86,0.86,0.83,0.86,0.86,0.86,0.86,-1.1,0.86,0.86,0.86,0.85,0.86,0.86,-1.05,0.85,0.82,0.86,0.85,0.86,0.86,0.86,0.86,-1.02,0.86,0.86,0.85,0.86,0.86,0.83,0.86,0.86,0.85,0.86,0.86,0.86,0.86,-1.0,0.86,0.84,0.86,0.86,0.86,0.77,0.86,0.8,0.86,0.86,0.86,0.86,0.85,0.85,0.86,-1.1,0.86,0.86,0.86,0.86,0.83,0.85,0.86,0.84,0.84,0.86,0.86,0.85,0.85,-1.1,0.85,0.86,0.86,0.82,0.86,0.76,0.86,0.86,0.85,0.7,0.84,0.86,0.86,0.86,0.86,0.86,0.86,0.78,0.86,0.84,0.86,0.85,0.86,0.86,0.86,0.86,-1.22,0.82,0.86,0.86,0.86,0.86,0.86,0.86,0.86,0.86,0.86,0.84,0.86,0.85,0.86,0.85,0.86,0.85,0.86,0.86,0.86,0.86,0.86,0.86,0.82,0.86,0.86,0.86,0.82,0.86,0.86,0.86,0.86,0.86,0.86,0.85,0.86,0.86,0.86,0.85,-1.07,0.83,0.86,0.86,0.85,0.86,0.83,0.86,0.86,0.85,0.85,-1.03,0.69,0.86,0.85,0.86,0.74,0.86,0.84,0.84,0.85,0.82,0.84,0.86,-1.04,0.86,0.86,0.84,0.84,0.86,0.86,0.85,0.86,0.86,0.85,0.86,0.86,0.86,0.86,0.86,0.86,0.86,0.86,0.86,0.85,-1.01,0.85,0.86,0.86,0.86,0.86,0.86,0.86,0.86,0.86,0.86,0.86,0.86,0.86,0.84,-1.13,-1.0,0.86,0.86,0.86,0.86,0.86,0.86,0.86,-1.01,-1.08,0.86,0.86,0.86,-1.03,0.85,0.85,0.84,0.84,0.74,0.86,0.86,0.86,0.86,0.86,0.86,0.86,0.86,0.86,-1.09,0.86,0.86,0.86,0.86,0.85,0.85,0.8,-1.09,-1.05,0.85,0.86,0.86,-1.15,0.86,0.75,0.86,0.86,0.86,0.86,0.86,0.86,0.86,0.84,0.86,0.86,0.86,0.84,0.86,0.85,0.86,-1.05,0.86,0.86,0.86,0.86,0.86,0.86,-1.03,0.84,0.86,0.86,0.86,0.83,0.85,0.86,0.86,0.85,0.86,0.86,0.85,-1.0,0.86,0.86,0.86,0.84,0.86,0.79,0.86,0.86,0.86,0.86,0.86,0.85,0.85,0.84,0.84,0.86,0.86,0.86,0.86,0.86,0.84,0.85,0.86,0.86,0.86,0.84,0.86,0.86,0.86,0.86,0.86,0.86,-1.02,0.84,0.86,0.86,0.83,0.86,0.86,0.84,0.84,0.86,0.86,0.86,-1.12,0.83,-1.01,0.86,0.86,0.86,0.74,0.86,0.85,0.86,0.82,0.86,0.86,0.86,0.86,0.84,0.86,0.86,0.86,0.86,0.86,0.86,0.86,0.86,0.86,0.69,-1.05,0.85,0.84,0.86,0.86,0.84,0.86,0.86,0.86,0.85,0.86,-1.13,0.86,0.85,0.86,0.76,0.86,0.82,-1.05,-1.1,0.83,0.86,0.85,0.86,0.86,-1.02,0.85,0.75,0.86,0.85,0.86,-1.02,0.86,0.85,0.86,0.85,0.86,0.86,0.85,0.86,0.86,0.86,0.86,0.86,0.86,0.86,0.86,0.86,-1.05,0.77,0.86,-1.11,0.86,0.82,0.86,0.86,0.85,0.86,0.85,0.86,0.86,0.86,0.86,0.86,0.86,0.86,0.86,0.84,0.86,0.85,0.86,0.86,0.86,0.85,0.86,0.86,0.86,0.86,-1.14,0.86,0.86,-1.12,0.86,0.82,0.86,0.86,-1.1,0.85,0.86,0.86,0.86,0.85,0.85,0.86,0.84,0.86
0.81,-1.03,-1.07,0.74,-1.1,-1.02,-1.12,0.8,-1.0,-1.16,-1.33,0.73,0.82,-1.13,0.85,-1.04,-1.08,0.71,-1.12,-1.08,-1.07,-1.2,0.84,0.77,0.83,-1.15,0.8,-1.04,0.78,0.85,0.76,0.8,0.85,0.86,0.84,-1.04,0.8,0.72,0.84,0.74,0.86,-1.05,0.85,0.85,0.79,0.84,0.83,0.86,0.86,0.84,0.82,0.84,0.86,0.79,0.82,0.74,0.85,0.86,0.85,0.86,0.86,0.85,0.86,0.83,0.83,0.86,0.86,0.86,0.73,0.86,0.85,0.86,0.86,0.86,0.86,0.86,-1.03,0.86,0.86,0.86,0.86,0.86,0.86,-1.13,0.86,0.86,-1.06,0.86,0.86,0.86,0.86,0.86,0.86,0.86,0.86,0.84,0.73,0.86,0.86,0.86,0.86,0.86,0.86,0.86,0.86,0.86,0.86,0.86,0.86,0.86,0.86,0.86,0.86,-1.02,0.86,0.83,0.86,0.86,0.86,0.84,0.86,0.86,0.86,0.86,0.86,0.86,0.86,0.86,0.86,0.86,0.85,0.86,0.86,0.86,0.86,0.86,0.86,0.86,-1.08,0.84,-1.07,0.86,0.86,0.85,-1.0,0.86,0.86,0.86,0.86,0.86,0.86,0.86,0.85,0.83,0.86,0.86,0.83,0.86,0.86,0.86,0.86,0.86,0.86,0.86,0.86,-1.07,0.86,0.86,0.85,0.86,0.83,0.86,-1.06,0.86,0.86,0.79,0.86,0.86,0.86,0.86,0.86,0.86,-1.02,0.86,0.86,0.86,0.82,0.84,0.86,0.86,0.86,0.86,0.72,0.86,0.86,0.85,0.86,0.86,0.86,0.86,0.86,0.86,0.86,0.86,0.86,0.86,0.86,0.86,0.83,0.84,0.86,0.86,0.86,0.84,0.86,0.86,0.86,0.86,0.86,0.86,0.85,0.85,0.86,0.86,0.86,0.86,0.86,0.86,0.85,0.85,0.86,0.82,0.86,0.86,0.86,0.86,0.86,0.76,0.86,0.86,0.84,0.86,0.86,0.86,0.8,0.86,0.86,0.83,0.86,0.86,0.86,0.86,0.86,0.86,0.84,0.84,0.86,0.86,0.85,0.86,0.86,0.84,0.86,0.86,0.86,0.86,0.86,-1.08,0.86,0.86,0.86,0.86,0.86,0.86,0.86,0.86,0.84,0.86,-1.05,0.86,0.84,0.84,0.86,0.86,0.86,0.86,0.85,0.86,-1.04,0.86,-1.13,0.86,0.86,0.85,0.85,0.86,0.86,0.86,0.85,0.86,0.86,0.85,0.86,0.86,0.78,0.86,0.84,0.86,0.86,0.84,0.86,0.86,0.85,0.86,0.86,0.86,0.86,0.84,0.86,0.84,0.86,0.86,0.86,0.86,0.86,0.86,0.86,0.86,0.86,0.85,0.85,-1.19,0.84,0.86,0.86,0.86,0.85,0.86,0.85,0.86,0.85,0.86,0.86,0.75,0.86,0.86,0.86,0.85,-1.11,0.86,0.86,-1.02,0.86,0.86,0.86,0.68,0.86,0.86,0.86,0.86,0.85,0.85,0.86,0.84,0.86,0.84,0.86,0.85,0.86,0.86,0.86,0.86,0.86,0.84,0.86,0.86,0.86,0.86,0.86,0.84,0.86,0.84,0.86,0.86,0.86,0.86,0.86,0.86,0.86,0.86,0.86,0.72,0.86,0.86,-1.17,0.86,0.84,0.86,0.86,0.86,0.86,0.86,-1.12,0.86,0.86,0.75,0.86,0.86,0.85,0.86,0.86,0.86,0.81,0.86,-1.14,0.86,0.86,0.86,0.86,0.86,0.86,0.86,0.86,0.86,0.86,0.86,0.86,0.86,0.85,0.85,0.86,0.74,0.86,0.85,0.86,0.86,0.86,0.86,0.86,0.86,0.86,0.84,-1.02,0.86,0.86,0.86,0.86,0.86,0.84,0.86,0.86,0.86,0.86,0.86,0.85,0.86,0.86,0.86,0.84,0.86,0.86,0.86,0.86,0.86,0.86,0.86,0.86,0.86,0.84,0.86,0.86,0.86,-1.01,0.86,0.86,0.86,0.86,0.86,-1.02,0.86,0.83,0.86,0.86,0.79,0.86,0.81,0.86,0.86,0.86,0.86,0.86,0.86,0.86,0.86,0.85,0.86,0.86,0.86,0.86,-1.08,0.86,0.83,0.86,0.82,0.86,0.86,0.85,0.84,0.86,0.86,0.86,0.86,0.86,-1.05,0.86,0.85,0.86,0.86,0.86,0.84,0.86,0.86,-1.06,0.86,-1.03,0.86,0.86,0.72,0.85,0.85,0.86,0.86,0.86,0.86,0.86,0.85,0.86,-1.13,0.86,0.86,0.86,0.84,0.86,0.86,0.86,0.79,0.86,0.86,0.86,0.86,0.86,0.86,0.86,0.86,0.85,0.86,0.86,0.86,0.85,0.86,0.84,0.86,0.86,-1.13,0.86,0.86,0.86,0.86,0.86,0.86,0.86,0.86,0.86,0.86,0.85,0.86,0.86,0.86,0.84,0.86,0.86,0.86,0.86,-1.13,0.78,0.86,0.85,0.86,0.86,0.86,0.86,0.86,0.86,0.86,0.86,0.86,0.86,0.86,0.86,0.84,0.86,0.86,0.86,0.86,0.86,0.86,0.86,0.84,-1.14,0.86,0.86,0.85,0.86,0.86,0.86,0.86,0.86,0.86,0.85,0.86,0.78,0.85,0.86,0.86,0.85,0.82,0.86,0.86,0.86,0.86,0.86,0.86,0.86,0.86,0.86,0.86,0.86,0.86,-1.1,0.86,-1.12,0.86,0.86,0.84,0.86,0.84,0.86,0.85,0.85,0.86,0.86,0.86,0.86,0.86,0.86,0.86,0.83,0.86,0.86,0.84,-1.15,0.85,0.86,0.82,0.86,0.86,0.86,-1.02,-1.03,0.86,0.83,0.85,0.85,0.86,0.85,0.82,0.86,-1.13,0.86,0.86,0.85,0.74,0.86,0.84,0.86,0.86,0.85,0.86,0.86,0.86,0.86,0.86,0.86,0.86,0.86,0.86,0.85,0.74,0.85,0.86,0.86,0.86,-1.02,0.86,0.86,0.85,0.86,0.86,0.86,0.86,0.86,0.85,0.86,0.86,0.86,0.86,0.86,0.73,0.86,0.85,0.86,0.86,0.86,0.85,0.78,0.86,0.86,0.86,0.86,0.79,0.86,0.86,0.86,0.84,0.86,0.86,0.85,0.86,0.86,0.86,-1.01,0.86,0.86,0.86,0.86,0.86,0.86,0.86,0.86,0.86,-1.03,0.84,-1.13,0.86,0.72,0.86,0.86,0.86,0.74,0.86,0.86,0.85,0.86,0.86,0.86,0.83,0.86,-1.04,0.86,-1.11,0.86,0.86,0.84,-1.02,0.84,0.84,0.86,0.86,-1.12,0.86,0.86,0.86,0.86,0.86,0.86,0.86,0.86,0.86,0.84,0.85,0.86,0.86,0.85,0.86,0.86,0.86,0.86,0.86,0.86,0.86,0.85,0.86,0.86,0.86,0.86,0.86,0.82,0.86,0.76,0.85,0.86,0.81,0.86,0.86,0.86,0.86,0.86,0.86,0.86,0.86,0.85,0.86,0.86,0.86,0.86,0.86,0.86,0.86,0.86,0.86,0.86,0.86,0.85,0.86,0.75,0.86,0.86,0.86,0.86,0.85,0.86,0.86,0.86,0.86,0.84,0.86,0.86,0.86,0.86,0.86,0.86,0.86,0.86,0.86,0.86,0.86,0.86,0.86,0.86,0.86,0.86,0.86,0.86,0.85,0.86,0.86,0.86,0.85,0.84,0.86,0.86,0.82,0.86,0.86,0.86,0.86,0.86,0.86,0.84,0.86,0.86,0.86,0.86,0.86,0.86,0.71,0.72,-1.01,0.84,0.86,0.86,0.85,0.86,0.86,0.86,0.86,0.86,0.86,0.86,0.86,-1.08,0.85,0.86,0.84,0.86,0.83,0.86,0.86,0.86,0.75,0.85,0.86,0.86,0.85,-1.07,0.71,0.85,0.86,0.86,0.82,0.86,0.86,0.86,0.86,0.86,0.86,0.86,0.85,0.86,0.86,0.86,0.85,0.86,0.86,0.85,0.86,0.69,0.86,0.86,0.86,0.78,0.86,0.86,0.86,0.86,0.86,0.86,0.86,0.86,0.86,0.86,0.85,0.86,-1.0,0.86,0.86,0.86,0.86,0.86,0.86,0.86,0.86,0.86,0.86,0.86,0.72,0.86,0.86,0.86,0.86,0.86,0.86,0.86,0.84,0.86,0.84,0.86,0.86,0.86,0.86,0.86,0.84,0.85,0.83,0.84,0.86,0.86,0.85,0.86,0.86,0.86,0.86,0.85,0.84,0.86,0.86,0.86,0.86,0.71,0.86,0.85,0.86,0.86,0.86,0.86,0.81,-1.01,0.84,0.86,0.86,-1.03,0.86,0.86,0.86,0.84,0.86,0.86,0.86,0.85,0.86,0.85,0.84,0.86,0.86,0.76,0.86,0.86,0.86,0.85,0.82,0.86,-1.02,0.86,0.76,0.86,0.86,0.86,0.85,0.86,0.86,0.86,0.84,0.85,0.86,0.86,0.86,0.86,0.86,0.86,0.86,0.86,0.86,0.76,0.86,0.86,0.85,0.86,0.86,0.86,0.86,0.86,0.86,0.85,0.85,0.86,0.86,0.86,0.86,0.86,0.86,0.86,0.84,0.84,0.86,0.86,0.86,0.86,0.85,0.86,0.86,0.86,0.86,0.67,0.85,0.86,0.86,0.86,-1.1,0.86,0.82,0.86,-1.02,0.86,0.84,0.86,0.86,0.86,0.86,0.86,0.86,0.86,0.72,0.86,0.86,0.86,0.84,0.86,0.86,0.86,0.73,0.86,0.86,0.86,0.86,0.86,0.85,0.86,0.86,0.86,-1.14,0.86,0.86,0.86,0.86,0.86,0.86,0.86,0.85,-1.13,0.82,-1.12,0.72,0.85,0.86,0.86,0.86,0.85,0.86,0.86,0.86,0.85,0.86,0.86,0.85,0.86,0.86,0.86,0.85,0.86,0.86,-1.0,0.86,0.86,0.86,0.86,0.86,0.85,-1.02,0.86,0.85,0.86,-1.12,0.86,0.84,0.86,0.86,0.86,0.79,0.86,0.83,0.86,0.86,0.86,0.86,0.86,-1.06,-1.03,0.86,0.84,-1.03,0.86,-1.14,0.86,-1.03,0.84,0.86,0.85,0.86,0.86,-1.03,0.86,0.85,0.86,0.86,-1.1,0.86,0.86,0.86,0.86,0.86,0.86,0.85,0.86,0.86,0.85,0.86,0.86,0.86,0.86,0.84,0.86,-1.03,0.86,0.86,0.86,0.85,0.86,0.86,0.85,0.79,0.86,0.73,0.86,0.86,0.83,0.86,0.86,0.86,0.85,0.86,0.86,0.86,0.8,0.85,0.86,0.86,0.86,0.86,-1.01,0.86,0.85,0.86,0.86,0.86,0.86,0.86,0.86,0.74,0.86,0.86,0.86,0.86,0.86,0.75,0.73,0.71,-1.15,0.86,0.7,0.82,0.85,0.86,0.85,0.86,0.84,0.86,0.86,0.86,0.86,0.86,0.85,0.86,0.86,0.86,0.86,0.86,0.86,0.82,0.86,0.86,0.86,0.86,0.86,0.86,0.86,0.86,0.86,0.86,0.84,0.86,0.86,-1.07,0.86,0.85,-1.07,0.85,0.86,0.86,0.85,-1.03,0.86,0.86,0.85,0.85,-1.08,0.86,0.85,0.72,0.84,0.86,0.84,0.86,0.86,0.86,0.84,0.86,0.83,0.86,0.84,-1.06,0.86,-1.1,0.86,0.85,-1.02,0.84,0.75,0.86,0.83,-1.06,0.68,0.86,0.86,0.84,0.86,-1.13,0.86,0.77,0.86,0.86,0.72,0.86,0.86,0.84,0.85,0.86,0.86,0.86,0.86,0.86,0.86,0.86,0.85,0.86,0.84,0.86,0.86,0.86,0.86,0.84,0.86,0.83,0.86,0.78,0.86,0.86,0.85,0.86,0.86,0.71,0.86,0.86,0.86,0.83,0.86,0.86,0.86,0.86,0.84,-1.19,0.85,0.86,0.83,0.86,0.85,0.86,0.86,0.86,0.86,0.86,0.85,0.86,0.86,0.86,0.86,0.85,0.86,0.75,0.86,0.84,0.84,0.86,0.83,0.86,0.86,0.85,0.84,0.85,0.86,0.86,0.86,0.86,0.86,0.86,0.86,-1.08,0.85,-1.05,0.85,0.86,0.86,0.86,0.86,0.86,0.72,0.84,0.86,-1.1,0.86,0.85,0.86,0.86,0.86,0.86,0.86,0.86,0.86,0.84,0.86,0.86,0.86,0.86,-1.09,0.85,-1.08,0.86,0.85,0.86,0.86,0.85,0.84,0.85,0.86,0.86,0.86,0.86,0.86,0.86,0.85,0.86,0.86,0.86,0.86,0.86,0.86,0.86,0.86,0.86,0.85,0.86,0.86,0.85,0.86,0.86,0.86,0.86,0.86,0.86,0.86,0.86,0.86,0.86,0.86,0.86,0.86,0.85,0.85,0.86,0.86,0.86,0.86,0.85,0.86,0.85,0.82,0.86,0.8,0.86,0.86,0.86,0.86,0.86,0.86,0.86,-1.11,0.85,0.86,0.86,-1.12,0.86,0.85,0.86,0.86,0.85,0.85,0.86,0.86,0.86,0.84,0.86,0.86,0.86,0.86,0.86,0.86,0.86,0.85,0.86,0.86,0.86,0.8,-1.06,0.86,0.82,0.86,0.86,0.85,0.86,0.72,0.81,0.86,0.86,0.8,0.86,0.86,0.86,0.84,0.86,0.86,0.86,0.86,0.86,0.86,0.84,0.86,0.86,0.86,0.86,0.86,0.86,0.86,0.86,0.86,0.86,0.86,0.86,0.86,0.86,0.86,0.86,0.86,0.86,0.86,0.85,-1.12,0.86,0.86,0.86,0.85,0.86,0.86,0.86,0.85,-1.13,0.86,0.86,0.86,0.86,0.86,0.86,0.83,0.86,0.84,0.85,0.86,0.86,0.86,0.86,0.86,0.86,0.86,0.86,0.86,0.86,0.86,0.86,0.86,0.85,0.86,0.86,0.86,0.86,0.86,0.86,0.86,0.86,0.86,0.86,0.86,0.84,0.83,0.86,-1.17,0.86,0.86,0.86,0.86,0.86,0.86,0.86,0.86,0.84,0.86,-1.01,0.73,-1.12,0.86,0.85,0.86,0.85,0.86,0.86,0.86,0.86,0.86,0.86,0.86,0.85,0.86,0.84,0.77,0.86,0.85,0.86,0.86,0.86,0.86,0.85,0.86,0.86,0.85,0.86,0.86,0.86,0.84,0.86,0.83,0.86,0.86,0.86,0.73,-1.11,0.86,0.86,0.85,0.86,-1.02,0.86,0.84,0.86,0.86,0.86,0.84,0.86,0.86,0.84,0.84,0.85,0.83,0.86,0.86,0.86,0.84,0.86,0.86,-1.04,0.85,0.85,0.86,0.84,0.86,0.86,0.85,-1.01,0.86,0.86,0.86,0.86,0.86,0.86,0.86,0.86,0.86,0.86,0.86,0.86,0.86,0.86,0.86,-1.11,0.86,0.86,0.86,0.86,0.86,0.86,0.86,0.84,0.83,0.86,-1.08,0.86,-1.16,0.85,0.84,0.86,0.86,0.86,0.86,0.84,0.84,0.86,0.77,0.86,0.86,0.84,0.86,0.86,0.86,0.86,0.85,0.86,0.86,0.86,0.86,0.84,0.85,0.86,0.86,0.84,0.86,0.86,0.84,0.86,0.86,0.86,-1.05,0.86,0.85,0.86,0.86,0.86,0.86,0.86,0.86,0.85,0.86,0.86,0.86,0.84,0.86,0.86,-1.03,0.86,0.85,0.86,0.86,-1.06,0.86,0.85,0.86,0.86,0.86,0.84,0.86,0.86,0.86,0.86,0.86,0.86,-1.22,0.86,0.86,-1.13,0.85,0.86,0.86,0.82,0.86,0.86,0.86,0.86,0.86,0.85,-1.09,0.85,0.83,0.86,0.85,0.86,0.86,0.84,0.86,0.86,0.78,0.86,0.86,0.72,0.86,0.84,0.86,0.86,0.86,0.86,0.84,0.86,0.86,0.86,0.86,0.86,0.86,0.86,0.86,0.86,0.86,-1.06,0.86,0.86,0.86,0.86,0.86,0.86,0.86,0.86,0.86,0.86,0.86,-1.06,0.86,0.86,0.7,0.86,0.85,0.86,0.86,0.86,0.76,-1.3,0.76,0.86,0.86,0.86,0.84,0.86,0.86,0.86,0.84,0.86,0.84,-1.06,0.84,0.84,0.86,0.86,0.86,0.86,0.85,0.86,0.86,0.86,0.85,0.85,-1.06,0.86,0.86,0.85,0.84,0.85,0.86,0.86,0.86,0.86,0.86,-1.06,0.86,0.86,0.85,0.86,0.86,0.86,0.86,0.86,0.86,0.85,0.86,0.86,0.86,0.86,0.85,0.86,0.86,0.86,0.86,0.86,0.86,0.86,0.86,0.86,0.86,0.86,0.86,0.86,0.86,0.86,0.86,0.86,0.86,0.86,0.86,0.86,-1.15,0.86,0.86,0.84,-1.12,0.86,0.86,0.86,0.86,0.84,0.86,0.86,0.86,-1.0,0.86,0.86,0.84,0.84,-1.0,0.86,0.83,0.86,0.86,0.85,0.86,-1.02,-1.09,0.86,0.85,-1.13,0.86,0.86,0.86,0.86,0.86,0.86,0.85,0.86,0.82,0.86,-1.04,-1.12,-1.03,0.85,0.84,0.84,0.86,0.86,0.85,0.86,0.86,0.86,0.86,0.86,0.81,0.86,0.71,0.86,0.86,-1.07,0.86,0.86,0.86,0.86,0.86,0.86,0.86,0.86,0.86,0.86,0.85,-1.13,0.85,0.85,0.85,0.86,0.86,0.86,0.86,0.82,0.83,0.84,0.86,0.85,0.83,0.86,0.86,0.86,-1.0,0.86,0.85,0.86,0.86,0.86,0.86,0.86,0.86,0.86,0.85,0.86,0.86,0.85,0.86,0.85,-1.01,0.84,0.86,0.86,0.86,0.86,0.86,0.86,0.86,0.84,0.86,0.86,0.72,0.86,0.86,0.86,0.86,0.86,0.86,-1.13,0.86,0.86,0.86,-1.06,0.86,0.71,0.86,0.86,-1.06,0.86,0.85,0.86,0.84,0.86,0.86,0.84,0.86,0.86,0.86,0.86,0.86,0.84,0.86,0.86,0.86,0.86,-1.02,0.86,0.81,0.85,0.85,0.85,-1.07,0.86,0.86,0.82,0.86,0.86,0.86,-1.07,0.86,0.85,0.86,0.86,0.86,0.86,-1.01,0.86,0.86,0.84,0.84,0.86,0.86,0.86,0.86,0.86,0.83,0.86,0.86,0.85,0.86,0.86,0.85,0.86,0.86,0.86,0.86,0.86,0.84,0.83,0.86,0.86,0.86,0.86,0.86,0.86,0.86,0.86,0.86,0.86,0.86,0.86,0.86,0.86,0.86,0.86,0.86,0.86,0.86,0.86,0.86,0.84,0.86,0.86,0.86,0.86,0.85,-1.02,0.85,0.86,0.86,0.85,0.84,0.86,0.86,0.86,0.85,0.86,0.86,0.86,0.86,0.86,0.86,0.86,0.86,0.86,0.86,0.85,0.84,0.86,0.86,0.84,-1.02,0.86,0.86,0.86,0.83,0.86,-1.04,0.85,0.86,0.86,0.86,0.86,0.86,0.86,0.83,0.86,0.86,0.86,0.86,0.86,0.86,0.86,0.86,0.86,-1.02,0.86,0.86,0.86,0.73,0.86,0.86,0.86,0.85,0.86,0.86,0.86,0.85,0.86,0.86,0.86,0.86,0.85,0.85,0.86,0.86,0.86,0.86,0.86,0.86,0.86,0.85,0.84,0.86,0.86,0.74,0.86,0.86,0.86,-1.05,0.86,0.85,0.66,0.86,0.86,0.86,0.84,0.86,0.86,0.84,0.83,0.86,0.74,0.86,0.86,0.85,0.86,0.86,0.86,0.86,0.76,0.84,0.86,0.86,0.86,0.86,0.86,0.86,0.86,0.86,0.86,0.84,0.86,0.85,0.86,0.86,0.86,0.86,0.86,0.83,0.86,0.85,0.86,0.86,0.86,0.86,0.86,0.86,0.85,0.86,0.86,0.86,0.86,-1.03,0.86,0.86,0.86,0.86,0.86,-1.02,0.84,-1.14,0.84,0.86,0.86,0.86,0.86,0.86,0.86,0.86,-1.12,0.86,0.83,-1.01,0.86,0.85,0.86,0.86,0.86,0.86,0.86,-1.05,-1.13,0.86,0.86,-1.11,0.84,0.86,0.85,0.86,0.86,0.86,0.85,0.86,0.86,0.86,0.83,0.86,0.86,0.86,0.86,0.86,0.86,0.86,0.84,0.86,0.85,0.86,0.85,0.85,0.86,0.86,0.86,0.86,0.86,0.86,0.86,-1.05,0.84,0.86,0.86,0.86,0.86,0.86,0.85,-1.0,0.86,0.86,0.86,-1.03,0.86,-1.12,0.86,0.86,0.86,0.86,0.86,0.86,0.86,0.86,0.86,0.83,0.86,0.86,0.85,0.75,0.83,0.86,0.86,0.86,0.86,0.86,0.84,0.86,0.86,0.86,0.86,-1.06,0.85,0.84,0.86,0.86,0.86,0.86,-1.1,0.84,0.86,0.86,0.86,0.83,0.86,-1.09,-1.07,0.85,0.86,0.86,0.86,-1.08,0.82,0.84,0.86,0.86,0.86,-1.11,0.84,0.86,0.86,0.86,0.86,0.85,0.86,0.86,0.84,0.86,0.84,0.86,0.85,0.86,0.8,0.85,0.86,0.86,0.86,0.86,0.86,0.75,0.86,-1.04,0.86,0.86,0.86,0.86,0.86,0.86,0.86,0.84,0.86,0.86,0.85,0.86,0.86,0.86,0.85,0.86,0.86,-1.13,0.85,0.83,0.86,0.84,0.86,-1.07,0.86,0.86,0.79,0.86,0.86,0.86,0.86,0.86,0.86,0.8,0.86,0.86,0.86,0.86,0.86,0.86,0.86,0.86,0.86,0.86,0.86,0.86,0.86,0.86,0.86,0.86,0.85,0.84,0.86,0.86,0.86,-1.14,0.86,0.85,-1.12,0.84,-1.06,0.86,0.86,0.85,0.83,0.71,0.86,0.86,0.86,0.86,-1.05,0.86,0.86,0.83,0.85,0.86,0.86,0.86,0.86,0.86,0.86,0.78,0.86,0.86,0.86,0.86,0.86,0.86,0.86,0.86,0.86,0.86,0.86,0.84,0.85,0.86,0.86,0.86,0.86,0.86,0.86,0.85,0.86,0.83,0.86,0.86,0.84,0.86,0.86,0.86,0.86,0.84,0.85,0.86,0.86,0.86,0.86,0.86,0.85,0.86,0.86,0.86,0.83,0.86,0.84,0.86,0.77,0.82,0.86,0.86,0.86,0.86,0.86,0.86,0.86,0.85,0.86,0.85,0.86,-1.0,-1.07,0.86,0.83,0.86,0.86,0.85,0.86,0.84,0.86,0.85,0.86,0.79,0.85,0.86,0.86,-1.13,0.86,0.86,0.86,0.86,0.86,0.86,0.86,0.86,0.86,0.86,0.78,0.86,0.86,0.84,0.86,0.86,0.86,0.86,0.86,0.86,0.86,0.85,0.86,0.86,0.86,0.86,0.85,0.86,0.86,0.84,0.72,0.86,-1.05,-1.1,0.85,0.86,0.85,-1.13,0.85,0.83,0.85,0.86,0.84,0.86,0.84,0.86,0.85,0.86,0.86,0.86,0.86,0.86,0.86,0.86,0.86,0.79,0.86,0.86,0.86,0.86,-1.12,0.84,-1.01,0.86,0.84,0.86,0.86,0.84,0.86,0.86,0.86,0.86,0.86,0.86,0.86,0.86,0.86,0.86,0.84,0.85,0.86,0.86,0.86,0.86,0.86,0.86,0.86,0.86,0.86,0.86,0.84,0.86,0.84,-1.11,0.86,0.86,0.86,0.74,0.85,0.84,0.85,0.85,0.86,0.86,0.86,0.86,0.86,0.86,0.68,0.84,0.86,0.86,0.86,0.86,0.84,0.86,0.86,-1.22,0.86,0.86,0.83,0.86,0.84,0.86,0.84,-1.06,-1.03,0.86,0.83,0.86,-1.1,0.85,0.83,0.86,0.86,0.86,0.82,0.86,0.86,0.86,0.86,0.86,0.85,0.86,-1.12,-1.04,0.86,0.86,0.85,0.85,0.86,0.86,0.85,0.86,0.86,0.86,0.86,0.86,0.86,0.86,0.86,0.84,0.86,0.86,0.84,0.86,0.86,0.81,0.86,-1.07,0.86,0.85,0.83,0.84,0.86,0.86,0.86,0.86,0.86,0.86,0.86,0.8,0.86,0.86,0.86,0.86,0.83,0.86,0.86,0.86,0.85,0.86,-1.05,-1.05,0.85,0.86,0.86,-1.13,0.86,0.84,0.86,0.86,0.86,0.86,0.86,0.86,0.85,0.84,0.86,0.84,0.86,0.86,0.86,0.86,0.86,0.86,0.86,0.86,0.86,0.85,0.86,0.86,0.86,0.86,0.85,0.86,0.86,0.86,0.86,0.86,-1.09,0.84,0.83,0.86,0.84,0.85,0.86,0.85,0.85,0.86,0.86,0.86,0.83,0.86,0.86,0.84,0.86,0.86,0.86,0.86,0.86,0.86,0.86,0.86,0.85,0.86,0.86,0.86,-1.11,0.86,0.86,0.86,0.85,0.85,0.86,0.86,0.86,0.86,0.86,0.86,0.86,0.84,0.86,0.86,0.86,0.86,0.86,0.84,0.86,0.86,0.86,0.79,0.86,0.86,0.86,0.86,0.84,0.86,0.86,0.86,0.86,0.85,0.86,0.85,0.86,0.86,0.85,0.85,0.86,0.86,0.86,0.86,0.86,0.86,0.85,0.86,0.82,0.86,0.86,-1.07,0.86,0.86,0.82,0.84,0.86,0.86,0.86,0.86,0.86,0.86,0.86,0.86,0.86,0.86,0.86,0.86,0.86,0.86,0.86,0.86,-1.09,0.83,-1.02,0.85,0.85,0.86,0.85,0.86,0.86,0.86,0.86,0.86,-1.0,0.79,-1.09,0.86,0.86,0.86,0.86,0.72,0.82,0.86,0.82,-1.09,0.84,-1.13,-1.09,0.85,0.85,0.86,0.86,0.86,0.85,0.84,0.81,-1.12,0.84,0.86,0.86,0.86,0.86,0.86,-1.14,0.85,0.85,0.85,-1.12,0.85,0.85,0.86,0.86,0.85,0.85,0.86,0.86,0.86,0.86,0.85,0.86,0.86,0.83
-1.01,-1.04,-1.29,0.81,-1.02,0.39,-1.19,0.85,0.76,-1.06,-1.18,-1.12,-1.04,-1.18,-1.01,-1.2,0.81,0.84,0.76,-1.13,0.82,-1.08,-1.01,0.86,-1.1,-1.07,-1.06,0.76,0.73,-1.08,0.84,-1.03,0.86,0.84,0.84,0.85,0.84,0.69,0.84,0.72,0.59,0.82,0.75,0.77,0.86,0.86,0.84,0.83,-1.01,-1.1,-1.12,0.82,0.84,-1.11,0.84,0.82,0.86,0.74,0.86,0.85,0.83,0.84,0.86,0.86,0.86,0.86,0.86,0.86,0.85,0.86,0.84,0.82,0.86,0.86,0.86,-1.03,0.86,0.86,0.86,-1.07,0.86,0.86,0.86,0.86,0.86,0.77,0.86,0.86,0.86,0.86,-1.06,0.86,-1.14,0.86,0.86,0.86,0.86,0.86,0.85,0.84,0.86,-1.05,0.86,0.86,-1.07,0.86,0.86,0.86,0.86,0.86,-1.1,-1.09,0.84,0.86,0.86,0.85,0.7,0.86,0.86,-1.06,0.86,0.86,0.79,-1.01,0.86,0.86,0.86,0.84,-1.02,0.86,0.86,0.86,0.86,0.86,0.85,0.86,0.86,-1.26,0.86,0.86,0.86,0.84,0.86,0.86,0.86,0.85,0.85,0.86,0.86,0.86,0.74,-1.08,0.86,-1.02,0.86,0.85,0.86,0.86,0.86,0.85,0.86,0.86,0.85,-1.2,0.85,0.86,0.7,0.78,-1.14,0.85,0.86,0.86,0.86,0.86,0.86,0.86,0.86,0.86,0.86,0.86,0.86,0.86,0.86,0.86,0.84,0.84,0.86,0.86,0.85,0.86,0.85,0.86,0.86,0.86,0.86,0.84,0.86,0.83,0.86,0.86,0.86,0.86,0.86,0.86,0.86,0.86,0.86,0.86,0.86,0.85,0.85,0.86,0.86,0.86,0.86,0.84,0.86,0.86,0.86,0.86,0.86,0.84,0.86,0.86,0.86,0.86,0.78,0.86,0.86,0.86,0.86,0.86,0.86,0.86,0.85,0.86,-1.06,0.86,0.86,0.86,0.86,0.86,0.86,-1.1,0.85,0.86,0.86,0.86,0.86,0.86,0.86,0.86,0.86,0.86,0.86,0.86,0.86,0.86,0.86,0.86,0.86,0.86,0.85,0.86,0.86,0.86,0.86,-1.09,0.86,0.86,0.71,0.86,0.86,0.86,0.86,0.86,0.86,-1.13,0.86,0.86,0.86,0.86,0.86,0.86,0.86,0.86,0.86,0.71,0.86,0.86,0.86,0.83,0.86,0.85,0.86,0.86,0.86,0.86,0.86,0.86,0.86,0.86,0.86,0.86,0.86,0.84,0.86,0.86,-1.11,0.86,0.85,0.86,0.86,0.85,0.86,0.86,0.86,0.86,0.86,0.86,0.86,0.86,0.86,0.86,0.86,0.86,0.86,0.86,0.86,0.86,0.75,0.86,0.86,0.86,0.86,0.86,-1.11,0.86,0.86,0.85,0.86,0.86,0.86,0.86,0.84,0.83,0.86,0.86,0.86,-1.12,0.86,0.86,0.86,0.81,0.86,0.86,0.85,0.86,0.86,0.86,0.86,0.85,0.86,0.86,0.85,0.86,-1.11,0.86,0.85,0.86,0.86,-1.03,0.86,0.86,0.86,0.86,0.86,0.84,0.86,0.86,0.86,0.86,0.86,0.85,0.86,0.84,0.86,0.86,0.85,0.86,0.86,0.86,0.86,0.84,0.85,0.86,0.86,0.85,0.84,0.85,0.86,0.84,0.86,-1.11,0.86,0.86,0.86,0.86,0.86,0.86,0.86,0.86,0.86,0.86,0.86,0.86,0.86,0.86,0.86,0.82,0.86,0.86,0.86,0.86,0.85,0.85,0.86,0.86,0.86,0.86,0.86,0.86,0.86,0.84,0.85,0.86,0.86,0.86,0.86,0.86,0.86,0.85,0.74,0.86,0.86,0.86,0.86,0.86,0.86,0.86,0.85,0.86,0.77,0.86,0.86,0.81,0.86,0.86,0.86,0.86,0.79,0.86,0.86,0.86,0.84,0.86,0.86,0.86,0.86,0.86,0.86,0.82,0.86,0.86,0.86,0.86,-1.06,0.86,0.86,0.76,0.86,0.86,-1.1,0.85,0.86,0.86,0.85,0.84,0.86,0.84,0.82,0.86,0.86,0.86,0.86,0.86,0.86,0.86,0.84,0.86,0.85,0.86,0.86,0.86,0.86,0.85,0.75,0.86,0.86,0.85,0.86,0.86,0.86,0.86,0.86,0.86,0.86,0.86,0.85,0.86,0.85,0.86,0.86,0.86,-1.14,0.86,0.86,0.84,0.86,0.86,0.85,0.84,0.86,0.86,0.86,0.84,0.86,0.86,0.86,0.85,0.86,0.86,0.79,-1.02,0.86,0.86,0.86,0.86,0.86,0.85,0.86,0.86,0.85,0.86,0.86,0.86,0.84,0.86,0.82,0.84,-1.03,-1.03,0.86,0.86,0.86,0.85,0.8,0.84,0.86,0.86,0.86,0.86,0.86,0.86,0.86,0.71,0.85,0.86,0.86,0.86,0.86,0.86,0.86,-1.17,0.86,0.82,0.86,0.86,0.86,0.84,0.8,0.86,0.86,0.86,0.86,0.86,0.86,0.82,0.86,0.71,0.86,0.86,0.86,0.86,0.86,0.84,0.86,0.86,0.86,0.86,0.86,0.86,0.86,0.86,0.86,0.83,0.86,0.86,0.86,0.86,0.86,0.86,0.85,0.86,0.86,0.86,0.84,0.86,0.86,0.86,0.86,0.86,0.85,0.86,0.86,0.82,0.86,0.86,0.86,0.86,-1.08,0.86,0.86,0.86,0.86,0.86,0.86,0.86,0.86,0.86,0.81,0.86,0.84,0.86,0.86,0.86,0.85,0.86,0.86,0.86,0.86,0.86,0.86,0.86,0.86,0.86,0.86,0.85,0.78,0.78,-1.08,0.85,0.86,0.86,0.84,0.86,0.86,0.85,0.86,0.86,0.86,-1.03,0.86,0.85,0.85,0.86,0.86,0.86,0.86,0.86,0.86,0.86,0.86,0.86,0.86,0.77,0.86,0.86,0.86,0.86,0.86,0.86,0.86,0.85,0.86,0.86,0.86,0.85,0.86,-1.03,0.86,0.86,0.86,0.8,0.86,0.85,-1.03,0.86,0.86,0.86,0.86,-1.14,0.84,0.85,0.85,0.86,0.86,0.86,0.86,0.85,0.86,0.85,0.86,0.86,0.86,0.86,0.86,0.86,0.86,0.86,0.86,0.86,0.86,0.86,0.86,0.86,0.86,0.86,0.86,0.86,0.86,0.86,0.83,0.84,0.86,-1.07,0.86,0.86,0.86,0.86,0.86,-1.04,-1.0,0.86,-1.08,0.86,0.86,-1.05,0.85,0.86,0.86,-1.04,0.86,0.86,-1.03,0.86,0.86,0.86,0.83,0.85,0.86,-1.01,0.85,0.85,0.86,0.86,0.83,0.86,0.86,0.85,0.86,0.86,0.83,0.86,0.84,0.85,-1.02,0.86,0.86,0.86,0.86,0.86,0.86,0.74,0.86,0.86,0.86,0.86,0.86,0.86,0.86,0.86,0.86,0.86,0.86,0.86,0.84,0.86,0.86,0.86,0.86,0.86,0.86,0.84,0.86,0.86,0.86,0.86,0.84,0.86,0.86,0.86,0.86,0.85,0.86,0.86,0.85,0.86,0.86,0.86,0.72,0.86,0.86,0.84,0.86,0.86,0.85,0.86,0.77,0.86,0.86,0.86,0.82,0.86,0.86,0.86,0.86,0.84,0.86,0.84,0.86,0.86,0.84,0.86,0.86,0.86,-1.17,-1.17,0.83,0.86,0.86,-1.12,0.86,0.86,0.81,0.86,0.8,0.86,0.86,0.84,0.86,0.85,0.84,0.86,0.86,0.86,0.86,0.86,-1.11,0.86,0.86,0.86,0.86,0.86,0.86,0.86,0.86,0.86,0.86,0.86,0.86,0.86,0.86,0.86,0.86,0.84,0.86,0.86,0.84,0.86,0.86,0.86,0.81,0.86,0.86,0.84,-1.06,0.86,0.85,0.86,0.86,0.86,0.86,0.86,-1.01,0.86,0.86,0.84,0.84,0.84,0.86,0.86,0.77,-1.07,0.84,0.86,0.86,0.86,0.86,0.86,0.86,0.81,0.84,0.85,0.86,0.86,0.86,0.86,0.86,0.86,0.86,0.86,0.86,0.86,0.84,0.86,0.86,0.86,0.86,0.86,0.86,0.85,0.76,0.86,0.86,0.86,0.7,0.86,0.86,0.86,0.86,0.86,0.86,0.86,0.86,0.86,0.85,0.86,0.86,-1.03,0.86,-1.1,0.86,0.86,0.85,0.85,0.86,0.85,0.86,0.86,-1.13,0.86,0.82,0.86,0.86,0.86,0.86,0.86,-1.12,0.86,0.86,0.86,0.86,0.86,0.86,0.86,0.86,0.86,0.86,-1.0,0.86,0.86,0.86,0.86,0.86,0.86,0.77,0.86,0.86,0.86,0.83,0.86,0.86,0.86,0.86,0.86,0.86,0.86,0.86,0.86,0.86,0.86,0.86,0.86,0.82,0.83,0.86,-1.03,0.86,0.86,0.86,0.86,0.86,0.82,0.86,0.86,0.83,0.86,0.86,0.86,0.85,0.83,0.86,0.86,0.86,0.73,0.86,0.71,0.86,-1.13,0.86,0.86,0.85,0.86,0.86,0.86,0.86,0.86,0.86,0.86,0.86,0.86,0.86,0.86,0.86,0.84,0.86,0.86,-1.13,-1.12,0.84,0.86,0.86,0.84,0.86,0.85,0.86,0.85,0.86,0.86,0.86,0.86,0.86,0.86,0.84,0.86,0.86,0.86,0.86,0.86,0.86,0.86,-1.05,0.86,0.85,0.83,0.86,0.86,0.86,0.86,0.86,0.86,0.86,-1.07,0.86,0.86,0.85,0.86,0.85,0.86,0.86,0.86,0.85,0.86,0.84,0.86,-1.08,0.86,-1.1,0.84,0.86,0.86,0.86,0.86,0.86,0.86,0.86,0.85,0.86,0.85,0.85,0.86,-1.0,0.86,0.86,0.85,-1.06,0.86,0.86,0.86,0.86,0.84,0.86,0.86,0.86,0.85,0.86,0.86,0.85,0.86,0.84,0.85,0.74,0.82,0.86,0.86,0.86,0.86,0.86,0.86,0.86,0.86,0.86,0.86,0.86,0.86,-1.02,0.85,0.86,0.86,0.85,0.86,0.86,0.86,0.75,0.84,0.86,0.84,0.86,0.86,0.86,0.85,0.86,0.84,0.86,0.77,0.86,0.85,0.86,0.86,0.86,0.86,0.86,0.86,0.86,0.86,0.85,0.86,0.85,0.82,0.86,0.86,0.86,-1.04,0.86,0.86,0.86,0.86,0.86,0.86,0.76,0.86,0.86,0.85,0.86,0.86,0.86,0.86,0.86,0.86,0.86,0.86,0.85,-1.02,0.86,0.86,0.86,0.86,-1.09,0.86,0.86,0.86,0.86,0.86,0.86,-1.05,0.86,0.86,0.85,0.86,0.86,0.86,0.85,0.85,0.86,-1.04,0.85,0.84,0.86,0.86,0.86,0.86,0.76,0.86,0.86,0.86,0.86,0.86,0.85,0.86,0.86,0.86,0.86,0.86,0.86,0.86,0.86,0.86,0.85,0.86,0.86,0.86,0.86,0.86,0.86,0.86,0.86,0.86,0.86,0.86,0.86,0.86,0.83,0.86,0.86,0.84,-1.01,0.83,0.86,0.86,0.86,0.86,0.86,0.86,0.74,0.86,0.86,0.86,0.86,0.86,0.86,0.86,-1.04,0.85,-1.02,0.84,-1.03,0.83,0.86,0.86,0.86,-1.13,0.86,0.83,0.86,0.86,0.86,0.86,0.73,0.86,0.86,0.86,0.86,0.85,0.86,0.86,0.86,-1.13,0.86,0.86,0.86,0.86,0.86,0.86,-1.16,0.86,0.86,0.86,0.86,0.86,0.86,0.86,0.84,0.86,0.86,0.84,-1.09,0.86,0.83,0.86,0.86,0.86,0.86,0.86,0.86,0.86,0.86,0.86,0.86,0.86,0.86,0.86,-1.02,0.86,0.85,0.86,0.86,0.86,0.86,0.86,0.86,0.84,0.84,0.86,0.86,0.86,0.86,-1.07,0.86,0.86,0.86,0.86,0.86,0.86,0.86,0.86,0.86,0.85,0.86,0.7,0.86,0.85,0.86,0.86,0.86,0.84,0.86,0.86,0.86,0.86,0.72,0.86,0.86,0.84,0.86,0.86,0.86,0.86,0.84,0.86,0.86,0.86,0.86,0.85,0.86,0.86,0.86,0.86,0.84,0.86,0.86,0.86,0.86,0.86,-1.03,0.86,0.86,0.86,0.84,0.86,0.86,0.86,0.86,0.86,0.86,0.86,0.86,0.86,0.86,0.86,0.86,0.86,-1.03,0.77,0.86,0.86,0.86,0.86,0.86,-1.01,0.86,0.76,0.86,0.86,0.86,-1.12,0.86,0.86,0.85,0.84,0.85,0.86,0.86,0.86,0.86,0.85,0.85,0.83,0.86,0.86,0.86,-1.03,0.85,0.86,0.86,0.85,-1.13,0.86,0.86,0.86,0.86,0.86,-1.1,-1.01,-1.07,0.86,0.86,0.86,0.86,0.82,0.86,0.86,0.86,0.86,0.86,0.86,0.86,0.86,0.86,0.86,0.86,0.86,0.86,0.86,0.86,0.86,0.86,0.86,0.86,0.86,0.86,0.86,0.86,0.86,0.86,0.86,0.86,0.86,0.84,0.86,0.85,0.86,0.86,0.86,0.86,-1.12,0.86,0.86,0.86,0.86,0.86,0.86,0.86,0.86,0.86,-1.15,0.85,0.86,0.86,0.85,0.86,0.77,0.86,0.86,0.86,0.85,0.86,0.85,0.86,0.86,0.86,0.84,0.86,0.86,0.86,0.86,0.85,0.86,-1.07,0.86,0.86,0.86,0.86,0.86,0.84,0.86,0.86,0.86,0.86,0.86,0.86,0.86,0.86,0.86,0.86,0.86,0.86,0.86,0.86,0.86,0.86,0.86,0.84,0.86,0.86,0.86,0.86,0.86,0.86,0.84,0.86,0.86,0.86,0.84,0.86,0.84,0.86,-1.04,0.86,0.86,-1.14,0.86,0.79,0.86,0.86,0.86,0.86,0.86,0.86,0.86,0.86,0.85,0.86,0.86,0.85,0.86,0.86,0.86,0.86,0.72,0.86,0.85,0.74,0.86,0.86,-1.1,0.86,0.85,-1.07,0.86,0.86,0.72,0.86,0.85,0.86,0.86,0.86,0.86,0.86,0.77,0.86,0.84,0.84,0.86,0.86,0.81,0.85,0.74,0.86,0.86,0.86,0.86,0.86,0.84,-1.03,0.85,0.86,0.86,0.86,0.86,0.86,-1.16,0.85,0.85,0.86,0.86,0.86,0.86,0.86,0.86,0.86,0.86,0.86,0.86,0.86,0.86,0.86,0.86,0.86,0.86,0.86,0.86,0.86,0.86,0.86,0.6,0.86,0.86,0.86,0.86,0.79,0.86,0.86,0.86,0.84,0.86,0.86,0.86,0.86,0.86,0.86,0.86,0.86,0.85,0.86,0.86,0.85,0.86,0.86,0.84,0.86,0.86,0.86,0.84,-1.02,0.86,0.86,0.86,0.86,0.86,0.85,0.86,0.83,0.86,0.86,0.86,0.86,0.86,0.86,0.86,-1.11,0.85,0.86,0.86,0.86,0.86,0.86,0.84,0.86,0.86,0.86,0.84,0.78,0.86,0.86,0.86,0.86,0.85,0.84,0.86,0.86,0.86,0.86,0.86,0.77,0.86,0.86,0.86,0.86,0.86,0.86,0.86,0.83,0.85,0.86,0.86,0.85,0.84,0.86,0.86,0.86,0.86,0.86,0.86,0.85,0.86,0.85,0.86,0.85,0.79,0.86,0.86,-1.09,-1.13,0.86,0.78,0.86,0.86,0.85,0.84,0.86,0.86,0.86,0.86,0.84,0.84,0.86,0.86,-1.06,0.86,0.86,0.86,0.86,0.84,0.83,-1.09,0.85,0.86,0.86,0.86,0.86,0.86,0.86,0.86,0.86,0.85,0.86,0.86,0.86,0.86,0.86,0.86,0.84,-1.01,0.85,0.86,0.86,0.86,0.86,0.72,0.84,0.86,0.86,0.85,0.86,0.86,0.86,0.86,0.86,0.84,0.85,-1.11,0.86,0.86,0.86,0.86,0.86,0.86,0.86,0.86,0.86,0.86,0.86,0.86,0.86,0.86,0.84,0.85,0.85,0.86,0.86,0.86,0.86,0.86,0.86,0.86,0.86,0.86,0.85,0.86,0.86,0.86,-1.04,0.86,0.86,-1.0,-1.02,0.86,0.86,0.86,0.86,0.86,0.86,0.86,0.86,0.86,0.85,0.86,0.86,0.86,0.86,0.86,0.86,0.86,0.85,0.86,0.86,0.84,0.86,0.86,0.85,0.86,0.82,0.86,0.86,0.8,-1.02,0.84,0.86,0.86,0.86,0.85,0.86,0.86,0.85,-1.08,-1.03,-1.11,0.86,0.83,0.86,0.86,0.86,0.76,0.86,0.86,0.86,0.86,0.86,0.85,0.86,0.86,0.86,0.86,0.86,0.86,0.86,0.86,0.86,0.86,0.86,0.86,-1.12,0.86,0.86,0.86,0.86,0.86,0.85,0.84,0.74,0.85,0.86,0.86,0.86,0.86,0.86,0.83,0.86,0.75,0.86,0.86,0.86,0.86,0.86,0.86,0.86,0.86,0.86,0.86,0.86,0.84,0.85,-1.0,-1.13,0.85,0.86,0.86,0.86,0.86,0.86,0.86,0.86,0.86,0.86,0.85,0.86,0.86,0.86,0.86,0.84,0.86,0.86,0.86,0.86,0.84,0.86,0.86,0.86,0.86,0.86,0.86,0.86,0.83,0.86,0.86,0.86,-1.05,0.86,0.76,0.86,0.86,0.86,0.86,0.85,0.86,0.86,0.86,0.86,0.86,0.86,0.86,0.86,0.86,0.86,0.86,0.86,0.86,0.84,0.86,0.84,0.86,0.86,0.84,0.86,0.86,0.86,0.86,0.86,-1.13,0.84,0.86,0.86,-1.03,0.86,0.86,-1.02,0.85,0.86,0.86,0.85,0.86,0.86,0.86,0.86,0.84,0.86,0.86,-1.13,0.86,0.85,0.86,0.86,0.86,0.82,0.86,0.86,-1.08,0.83,0.86,0.86,0.86,0.86,0.86,0.86,0.86,0.86,0.86,0.79,0.85,0.86,-1.04,0.86,0.85,-1.1,0.86,0.86,0.86,0.86,0.86,0.86,0.84,0.86,0.86,0.86,0.84,0.86,0.85,0.86,0.86,0.86,0.86,-1.1,0.84,0.85,0.85,-1.02,0.86,0.86,0.86,0.86,0.86,-1.15,0.85,0.86,-1.11,0.85,0.86,-1.03,0.86,0.86,0.84,0.86,0.86,0.86,0.83,0.86,0.86,0.84,0.86,0.86,0.86,0.86,-1.04,-1.02,0.85,0.86,0.86,0.84,0.86,0.86,0.72,0.86,0.86,0.86,0.86,0.86,0.83,0.86,0.86,0.86,0.86,0.86,0.86,0.86,0.65,0.86,0.85,0.86,0.86,0.86,0.85,0.86,0.84,0.86,0.86,0.86,0.86,0.86,0.86,0.86,0.86,0.86,0.86,0.86,0.86,0.85,-1.09,0.85,0.86,0.86,0.85,0.85,0.86,0.86,0.86,0.86,0.86,0.86,-1.06,0.86,0.86,0.82,0.86,0.86,0.86,0.86,0.84,0.85,-1.0,0.86,0.86,0.86,0.86,0.84,0.86,0.84,0.86,0.85,0.83,0.86,0.86,0.86,0.86,0.86,0.86,0.84,0.86,0.86,-1.0,0.86,0.86,0.86,0.86,-1.08,0.85,0.86,0.84,0.86,0.86,0.86,0.84,0.84,0.86,0.85,0.86,0.86,0.86,0.86,0.84,0.84,-1.03,0.86,0.86,0.86,0.86,0.86,0.86,0.84,0.86,0.86,0.86,0.86,0.86,0.86,0.86,0.86,0.86,0.85,-1.07,0.86,0.86,0.86,0.86,0.86,0.86,0.86,0.86,0.85,0.86,0.86,0.86,0.86,0.85,0.81,0.86,0.83,0.86,-1.23,0.84,0.86,0.84,0.86,0.86,0.86,0.86,0.86,0.81,0.85,0.86,0.8,0.86,0.86,0.86,0.86,0.86,0.85,0.85,0.73,0.86,0.86,0.86,0.85,-1.0,0.86,0.84,0.85,0.86,0.59,0.86,-1.03,0.84,0.7,0.86,0.85,0.85,0.86,0.84,0.86,0.69,-1.01,0.86,0.73,0.86,0.85,0.85,0.86,0.86,-1.12,0.86,0.75,0.85,0.86,0.85,0.86,0.86,0.86,0.86,-1.03,0.85,0.86,0.86,0.86,0.86,0.85,0.84,0.86,0.86,0.85,0.85,0.86,0.83,0.85,0.86,0.86,0.81,0.86,0.86,0.86,0.86,0.86,0.86,0.86,0.86,0.86,0.86,0.85,0.86,0.86,0.86,0.85,0.86,0.82,0.86,0.86,0.86,0.86,0.86,0.86,0.86,0.86,0.86,0.86,0.86,0.86,0.86,0.86,0.86,0.86,0.81,0.86,-1.05,0.86,-1.04,0.86,-1.13,0.86,0.86,0.86,0.86,0.86,0.86,0.84,0.86,0.86,0.86,0.86,0.85,0.86,0.8,-1.03,0.86,0.86,0.83,-1.11,0.84,0.86,0.83,0.86,0.86,0.86,0.8,0.79,0.86,0.86,0.86,0.86,-1.04,0.81,0.86,0.86,0.86,0.86,0.86,0.86,0.86,0.86,0.86,0.86,0.85,0.86,0.86,0.86,0.86,0.86,0.86,0.76,0.86,0.86,0.86,0.86,0.86,0.86,-1.01,0.86,0.86,0.86,0.86,0.86,0.86,0.84,-1.01,0.86,-1.14,0.86,0.8,0.86,0.73,0.83,0.86,0.86,0.86,0.86,0.86,0.86,0.86,0.85,0.86,0.86,0.86,0.86,0.86,0.85,0.86,0.86,-1.01,0.86,0.84,0.85,0.86,0.86,-1.02,0.84,0.86,0.86,0.86,0.85,0.84,0.84,-1.02,0.86,0.86,0.83,0.86,0.86,0.86,0.86,0.85,0.86,0.86,0.84,0.85,-1.13,0.86,0.86,0.86,0.86,0.86,0.86,0.86,-1.06,-1.15,-1.0,0.83,0.86,0.86,0.86,0.86,0.86,0.86,0.86,0.86,0.86,0.86,0.86,0.86,0.86,0.86,0.86,0.7,0.86,0.86,0.86,0.86,0.84,0.86,0.86,0.86,0.85,0.86,0.86,0.86,0.86,0.71,0.86,0.86,0.86,0.86,0.86,0.86,0.86,0.86,0.73,0.86,0.86,0.86,0.86,0.86,0.86,0.86,0.86,0.86,0.83,-1.05,0.86,0.85,0.86,-1.05,0.86,0.76,0.85,0.86,0.86,0.86,0.86,0.86,0.86,0.86,0.84,0.76,0.86,0.7,0.86,0.86,0.78,0.86,0.86,0.8,0.8,0.86,0.86,0.86,0.86,0.86,0.84,0.86,0.86,0.84,0.86,0.86,0.86,0.84,0.86,0.86,0.86,0.86,0.86,0.86,0.86,0.85,0.86,0.86,0.84,0.84,0.86,0.86,0.86,-1.03,0.85,0.85,0.86,0.86,0.86,0.86,0.69,-1.02,0.85,0.85,0.72,0.86,0.86,0.86,0.86,0.86,0.86,0.86,0.86,-1.08,0.86,0.86,0.85,0.86,0.85,0.78,0.86,-1.06,-1.09,0.84,0.86,0.86,0.86,0.86,0.86,0.86,0.86,0.86,0.86,0.86,0.86,0.86,0.84,0.86,0.84,0.86,0.86,0.85,0.86,0.86,0.84,0.86,0.86,0.85,0.86,0.86,-1.35,-1.14,0.85,0.86,-1.04,0.86,0.86,0.73,0.84,0.86,0.86,0.86,0.86,0.86,0.86,0.86,0.86,0.86,0.86,0.86,0.85,0.86,0.86,0.86,-1.14,0.86,0.86,0.68,0.82,0.86,0.86,0.86,0.86,0.69,0.86,0.83,-1.03,0.86,0.86,0.85,0.83,0.86,0.85,0.86,0.86,0.86,0.84,0.84,0.84,0.86,0.86,0.86,0.86,0.86,0.86,0.86,0.86,0.85,0.86,0.85,0.86,0.86,0.86,0.86,0.86,0.86,0.86,0.86,0.86,0.8,0.86,0.86,0.85,0.86,0.86,-1.06,0.86,0.85,0.85,0.84,0.85,0.86,0.86,-1.07,0.86,0.86,0.84,0.86,0.86,0.85,0.86,0.86,0.86,0.86,0.86,0.86,-1.12,0.86,0.85,0.86,0.86,0.72,0.86,0.86,0.86,0.86,0.86,-1.14,0.86,0.86,0.86,0.86,0.86,0.79,0.86,-1.14,0.86,0.86,0.86,0.85,-1.08,0.86,0.85,0.85,0.85,0.86,0.86,0.86,0.85,0.86,-1.15,0.86,0.86,0.86,0.85,0.86,-1.07,0.86,0.85,0.85,0.85,0.84,0.86,0.85,0.85,0.86,0.86,0.86,0.84,0.86,0.85,0.86,0.86,0.86,0.86,0.86,0.86,0.86,0.86,0.86,0.73,0.86,0.86,0.86,0.86,0.86,0.86,-1.08,0.83,0.86,0.81,0.86,0.86,0.85,0.86,0.85,0.86,0.86,0.86,0.86,0.86,-1.12,0.86,0.85,0.86,0.82,0.86,0.86,0.86,0.85,0.86,0.86,0.86,0.86,0.86,0.86,0.86,0.86,0.86,0.86,0.85,0.86,0.85,0.86,0.85,0.86,0.86,0.86,0.86,0.85,-1.05,0.86,0.86,0.86,0.86,0.77,0.86,0.86,0.86,0.86,0.86,0.86,0.86,0.86,0.84,0.86,0.84,0.86,0.86,-1.13,0.84,0.82,0.73,0.86,0.86,0.86,0.86,0.86,0.85,0.85,0.86,0.84,0.86,0.86,0.86,0.86,0.86,0.86,0.86,0.86,0.84,0.86,0.84,0.86,-1.01,0.84,0.84,0.86,0.86,0.85,0.86,0.86,0.86,0.84,0.85,-1.11,0.86,0.86,0.86,-1.13,0.85,0.86,0.83,0.78,0.86,0.86,0.86,0.86,-1.02,0.84,-1.01,0.85,0.85,0.86,0.85,0.86,0.86,0.84,0.86,0.86,0.86,0.86,0.86,0.86,0.84,0.86,0.86,0.86,0.86,0.86,0.71,0.86,0.86,0.85,0.86,0.86
0.79,0.83,0.82,0.84,-1.06,-1.14,-1.15,0.42,0.83,0.83,-1.06,-1.09,-1.03,-1.12,-1.07,-1.07,-1.02,0.75,0.82,-1.1,0.62,-1.05,-1.03,-1.07,-1.09,-1.05,0.58,0.78,0.78,0.63,0.86,0.85,0.6,0.86,0.85,0.81,0.73,0.85,0.68,0.85,0.72,0.85,0.84,-1.09,0.84,0.84,0.82,0.85,0.83,0.85,0.86,0.86,0.84,0.86,0.86,0.81,0.85,0.83,0.86,0.86,0.86,0.86,0.86,0.86,0.86,0.86,0.86,0.86,0.86,0.86,0.86,0.86,-1.14,0.86,0.86,0.86,0.86,0.86,-1.05,0.86,-1.11,0.79,0.84,0.86,0.86,0.86,0.86,-1.15,-1.1,0.86,0.86,0.86,0.86,-1.1,0.83,0.86,0.85,0.85,0.86,0.85,0.86,0.86,0.86,0.86,0.84,0.86,0.86,0.85,0.86,0.84,0.86,0.86,0.86,0.83,0.86,0.86,0.86,-1.03,0.86,0.86,0.86,0.86,0.86,0.85,0.86,0.86,0.85,0.86,0.86,0.86,0.82,0.86,0.86,0.86,0.86,0.85,0.86,0.86,0.86,0.85,0.86,0.84,0.86,0.86,0.84,0.86,0.86,0.86,0.86,0.86,0.86,0.86,0.74,0.86,0.86,0.86,0.86,0.86,0.86,0.86,0.86,0.86,0.86,0.85,0.86,0.86,0.86,0.84,0.86,0.86,0.86,0.86,0.86,0.86,0.86,0.86,0.86,0.86,0.86,0.86,0.86,0.86,0.86,-1.01,0.84,0.86,0.86,-1.13,0.86,0.86,0.84,0.86,0.74,0.83,0.86,0.84,0.86,0.86,-1.13,0.86,0.86,0.86,0.86,0.85,0.86,0.77,0.74,0.86,0.86,0.73,0.86,0.86,0.86,0.86,0.86,-1.02,0.86,-1.12,0.86,0.86,0.86,0.75,0.86,0.86,0.86,-1.07,0.86,0.86,0.86,0.84,0.86,0.85,0.86,0.86,0.86,0.86,0.86,0.86,0.85,0.86,0.86,0.84,0.86,0.86,0.84,0.86,0.86,0.84,0.86,0.85,0.85,0.86,0.86,0.86,-1.11,0.86,0.83,0.84,0.84,0.86,0.86,0.86,0.86,0.86,0.82,0.86,0.84,0.84,0.85,0.86,0.86,0.86,0.86,0.86,0.86,0.86,0.86,0.86,0.85,0.86,0.84,0.86,0.86,0.86,0.84,0.86,0.86,0.86,0.86,0.86,0.86,0.85,0.86,0.81,0.86,-1.03,0.86,-1.06,0.76,0.86,-1.05,0.86,0.86,0.84,0.85,0.86,0.86,0.86,0.85,0.86,0.86,0.86,0.86,-1.04,0.86,0.86,0.86,0.86,0.86,0.85,0.86,0.86,0.86,0.86,0.86,0.83,0.86,0.86,0.84,0.86,0.86,0.86,0.86,0.86,0.86,0.85,0.85,0.86,0.85,0.86,0.73,-1.1,0.85,0.86,0.86,-1.15,0.86,0.84,0.86,0.86,0.86,0.86,0.86,0.86,0.86,0.86,0.86,0.77,0.86,0.83,0.86,0.85,0.86,0.86,0.86,0.86,0.86,0.86,0.86,0.86,0.85,0.86,0.86,-1.19,0.82,0.86,0.85,0.86,0.84,0.86,-1.06,0.86,0.85,0.85,0.85,0.86,0.86,0.86,-1.0,0.86,0.86,0.86,0.86,0.86,-1.1,0.86,0.76,-1.09,0.85,0.86,0.86,0.86,0.86,0.85,0.86,0.86,0.86,0.86,0.86,0.86,0.86,0.86,0.86,0.85,0.85,-1.03,0.86,0.86,0.86,0.86,0.86,0.86,0.86,0.86,0.75,0.86,0.86,-1.09,0.86,0.86,0.86,0.86,0.86,0.79,0.86,0.86,0.86,-1.1,0.86,0.86,0.86,0.86,0.86,0.81,0.86,0.86,0.86,0.86,0.76,0.84,-1.13,0.86,0.85,0.86,0.86,0.86,0.84,0.86,0.86,0.86,0.86,0.86,-1.05,0.85,0.8,0.86,0.86,0.86,0.86,0.86,0.86,-1.11,0.86,-1.14,0.86,0.86,0.86,0.78,0.83,0.86,0.86,-1.07,0.86,0.86,0.84,0.86,0.86,0.86,0.86,0.86,0.86,0.86,0.86,0.86,0.85,0.86,0.72,-1.1,0.86,0.86,0.86,0.85,0.84,0.86,0.86,-1.11,0.86,0.86,0.86,0.85,0.86,0.86,0.86,0.86,0.86,0.86,0.84,0.86,0.86,0.86,0.86,0.86,0.86,0.86,0.86,0.86,0.86,0.83,0.84,0.85,0.86,0.86,0.86,0.86,0.84,0.86,0.86,0.86,0.86,0.86,-1.1,0.86,0.86,0.86,0.72,0.86,0.86,0.86,0.74,0.86,0.86,0.86,0.84,0.86,0.86,0.86,0.86,0.86,0.86,0.86,0.85,0.86,0.86,0.86,0.86,0.86,0.86,0.86,-1.03,0.86,-1.13,0.85,0.86,0.86,0.86,0.86,0.86,0.86,0.86,0.86,0.86,0.86,0.81,0.86,0.86,0.84,0.86,0.86,0.74,0.86,0.86,0.86,0.81,0.86,0.76,0.86,0.86,0.86,0.86,0.86,0.86,0.86,0.86,0.84,0.86,0.86,-1.07,0.85,0.86,0.85,0.86,0.86,0.84,0.85,0.86,0.86,0.86,0.86,-1.06,0.86,0.86,0.86,0.86,0.86,0.84,0.86,0.86,0.84,0.86,0.76,0.86,0.85,0.85,0.85,0.86,0.86,-1.07,0.86,0.86,0.86,0.86,0.85,0.84,0.86,0.86,0.84,0.86,0.86,0.77,0.86,0.86,0.84,-1.15,0.85,0.84,0.84,0.86,0.86,0.86,0.86,0.86,0.86,0.86,0.86,0.86,0.86,0.86,0.86,0.86,-1.1,0.86,0.86,0.86,0.86,0.86,0.86,0.86,0.86,-1.13,0.86,0.86,0.86,0.86,0.86,0.86,0.86,0.84,0.86,0.86,0.86,0.85,0.86,0.86,0.86,0.86,0.86,0.86,0.85,0.86,0.86,0.86,0.85,0.86,0.86,0.86,0.86,0.86,0.86,0.85,0.86,0.86,0.85,0.8,0.84,-1.12,-1.03,0.86,0.86,0.83,0.86,0.86,0.86,0.86,0.86,0.84,0.86,0.86,0.86,0.84,0.75,0.86,0.86,0.86,0.86,0.85,0.77,0.86,0.86,0.84,0.86,0.86,0.85,0.86,0.85,0.86,0.86,0.83,0.86,-1.03,0.86,0.8,0.86,-1.06,0.86,0.86,0.85,0.86,0.86,0.86,0.86,0.86,0.86,0.86,0.84,0.86,0.86,0.86,0.86,0.86,0.86,0.86,-1.12,0.86,0.72,0.86,0.86,0.86,-1.02,0.86,0.86,0.86,0.85,0.86,0.86,-1.08,0.86,0.86,-1.01,0.86,0.86,0.86,0.86,0.86,0.86,0.86,0.86,0.86,0.86,0.86,0.86,0.86,0.86,0.86,-1.09,0.86,0.86,0.86,0.86,0.86,0.86,0.86,0.86,0.86,0.86,0.85,0.86,0.86,0.86,0.86,0.86,0.86,-1.0,0.86,0.86,0.86,0.86,-1.05,0.86,0.86,0.86,0.86,-1.15,0.86,0.85,0.85,0.85,-1.21,0.84,0.86,0.86,0.86,0.86,0.86,0.86,0.86,0.85,0.86,0.84,0.83,0.85,0.86,0.82,0.85,-1.07,0.86,0.86,0.86,0.86,0.86,-1.07,0.86,0.84,-1.14,0.86,0.86,0.86,0.86,0.84,0.84,-1.02,0.86,0.86,0.86,0.85,0.86,0.85,0.86,0.86,0.86,0.86,0.86,0.86,0.86,0.82,-1.14,0.86,0.86,0.86,0.86,0.86,0.86,0.86,0.83,0.86,0.86,0.86,0.86,0.86,0.86,0.84,0.74,0.86,0.86,0.86,-1.08,0.85,0.86,0.86,0.82,0.86,0.85,0.85,0.83,0.86,0.86,0.86,0.86,0.86,0.86,0.86,0.84,-1.04,-1.12,0.86,0.86,0.86,0.86,0.86,0.76,0.86,0.86,0.83,0.86,0.86,0.86,0.86,0.72,0.86,-1.09,0.86,0.86,0.86,0.82,0.86,0.86,0.86,0.84,0.86,0.86,0.79,0.86,0.85,0.86,0.86,0.86,0.86,0.86,0.84,0.86,0.86,0.86,0.86,-1.05,0.86,0.85,0.86,0.86,0.86,0.86,0.84,0.86,0.85,0.86,0.86,0.85,0.86,0.86,0.86,0.86,0.85,0.86,0.81,0.86,0.86,-1.11,0.86,0.86,0.86,0.84,0.86,0.86,0.86,0.86,0.86,0.86,0.85,-1.1,0.83,0.85,0.65,-1.02,0.86,0.86,0.86,0.86,0.86,0.86,0.86,0.86,0.86,0.71,0.75,0.86,0.85,0.84,0.86,0.86,0.86,0.86,0.84,0.86,0.79,0.86,0.86,0.86,0.86,0.86,0.86,0.86,0.83,0.86,0.84,0.86,0.86,0.86,0.86,0.85,0.84,0.86,0.86,0.86,0.86,0.86,0.85,0.86,0.86,-1.08,0.86,0.86,0.86,0.85,0.86,0.86,0.86,0.86,0.86,0.84,0.86,-1.03,0.86,0.84,0.85,0.84,0.86,0.86,-1.13,0.86,0.86,0.84,0.86,0.86,0.86,0.86,0.74,0.86,0.84,0.86,0.86,0.86,-1.12,0.86,0.81,0.86,-1.08,0.84,-1.11,0.85,0.86,0.86,0.85,0.78,0.86,0.81,0.84,0.86,0.85,0.86,0.86,0.86,0.83,-1.12,0.86,0.86,0.86,0.86,0.86,0.86,0.81,0.74,0.84,0.86,0.86,0.86,-1.18,0.86,0.86,0.86,0.86,0.86,-1.09,0.84,0.86,0.86,0.86,0.86,0.86,0.86,0.86,0.82,0.86,0.86,0.86,0.86,0.86,0.81,0.86,0.86,0.86,0.86,0.86,0.86,0.86,0.86,0.86,0.86,0.86,0.86,0.86,0.86,0.84,0.85,0.84,0.86,0.86,0.78,0.86,0.86,0.86,0.84,-1.04,0.86,0.86,0.86,0.86,-1.14,0.86,0.86,0.84,0.86,0.85,0.86,0.83,0.86,0.85,0.86,-1.06,0.85,0.86,0.86,0.84,0.86,-1.08,0.85,0.85,0.85,0.86,0.86,0.86,0.86,0.86,0.85,0.86,0.86,0.86,0.84,0.86,0.86,0.85,0.84,0.86,0.86,0.86,0.61,0.86,0.86,0.85,0.86,0.86,0.86,0.86,0.86,0.86,0.86,0.86,0.86,0.86,0.86,0.86,0.86,0.86,0.86,0.86,0.86,0.86,0.86,0.86,0.85,0.86,0.86,0.84,0.86,0.86,0.86,0.85,0.85,0.8,0.85,0.86,0.86,0.86,0.86,0.86,0.86,0.86,0.86,0.86,-1.12,0.86,0.86,0.86,0.86,0.86,0.86,0.86,0.86,0.86,0.86,0.86,0.85,0.86,0.86,0.86,0.86,0.85,0.86,0.86,0.85,0.86,0.86,0.85,0.86,0.86,0.86,0.84,0.84,0.86,0.85,0.86,0.85,0.86,-1.03,-1.12,0.86,0.82,0.86,0.86,0.86,0.85,0.84,0.86,0.86,0.86,-1.12,0.86,0.84,0.86,0.86,0.86,0.83,0.84,0.86,0.86,0.86,0.86,0.84,0.85,0.86,0.86,-1.11,-1.06,-1.0,0.86,0.86,0.86,0.86,-1.06,0.86,0.86,0.84,0.77,0.86,0.86,0.84,0.84,0.85,0.86,0.86,0.86,-1.13,0.85,0.84,-1.03,0.86,0.84,0.86,0.86,-1.06,0.84,0.85,0.86,0.86,0.86,0.85,0.86,0.86,0.86,0.86,0.86,0.86,0.86,0.86,0.86,0.86,0.86,0.86,0.86,0.86,0.86,0.86,0.86,0.86,0.86,0.86,0.86,0.86,0.86,0.85,0.86,0.85,0.86,0.85,0.86,0.86,0.85,0.84,0.86,0.86,0.86,0.86,0.76,0.8,0.86,0.86,0.86,0.86,0.86,0.86,0.86,0.86,0.86,0.86,0.86,0.86,0.86,0.86,0.86,0.86,0.85,0.86,0.86,0.84,0.84,0.86,0.86,-1.1,0.83,0.86,0.84,-1.08,0.86,0.86,0.86,0.82,0.85,0.86,0.86,0.84,0.86,0.86,0.86,0.86,0.86,0.86,0.86,0.86,0.84,0.84,0.86,0.86,0.86,0.86,0.86,0.86,0.86,0.76,0.85,0.86,0.86,0.86,0.86,0.86,0.86,0.86,0.86,0.84,0.86,0.85,0.86,0.86,0.86,0.86,0.84,0.86,0.86,0.86,0.83,0.86,0.86,0.86,0.86,0.85,0.86,0.86,0.86,0.86,0.86,0.86,0.86,0.85,-1.11,-1.08,0.85,0.85,0.86,0.86,0.86,0.86,0.86,0.86,0.86,0.86,0.84,0.86,0.86,0.86,0.86,0.86,-1.07,0.85,0.86,0.86,0.86,0.86,0.86,0.86,0.86,0.86,0.86,0.86,0.86,0.86,0.86,-1.05,0.84,0.86,-1.07,0.85,0.85,0.86,0.86,0.86,0.86,0.86,0.86,-1.07,0.85,0.86,0.86,0.86,0.85,0.68,0.86,0.86,0.86,0.86,0.85,0.78,0.86,0.85,0.86,0.86,0.86,0.86,0.86,-1.06,0.85,0.86,0.86,0.85,0.86,0.86,0.86,0.86,0.86,0.86,0.86,0.86,0.86,-1.12,0.86,0.86,0.74,0.86,0.86,0.86,0.86,0.86,0.86,-1.0,0.86,0.85,0.86,-1.13,0.85,0.86,0.86,0.86,0.86,0.86,0.86,0.86,0.85,0.86,0.84,-1.09,0.86,0.86,0.86,0.86,0.86,0.86,0.86,0.84,0.86,0.86,0.86,0.84,0.86,0.86,0.83,0.86,0.83,0.86,0.86,0.85,0.86,0.84,0.86,0.86,0.86,-1.02,0.86,0.85,0.86,0.86,0.84,0.86,0.86,0.86,0.86,0.86,0.86,0.86,0.78,0.86,0.86,0.86,0.83,0.86,0.83,0.86,0.86,0.86,0.86,0.86,0.86,0.86,0.86,0.86,0.86,0.86,0.86,-1.05,0.86,0.86,0.84,0.85,0.86,0.86,0.86,0.86,0.86,0.84,0.86,0.84,0.86,0.86,0.86,0.86,0.86,0.86,0.86,-1.08,0.82,0.86,0.86,0.86,0.86,0.84,0.86,0.86,0.78,0.86,0.86,0.86,0.86,0.86,0.85,0.86,0.86,0.86,0.85,0.85,0.86,0.85,0.86,0.86,0.86,-1.04,0.86,0.86,0.86,0.77,-1.03,0.85,0.81,0.86,0.86,0.85,0.86,0.86,0.86,0.83,0.86,0.86,0.85,0.84,0.86,0.86,0.86,0.86,0.86,0.86,0.86,0.86,0.86,-1.13,0.86,0.86,0.86,0.85,0.86,-1.03,0.86,0.86,-1.07,0.86,0.86,0.86,0.85,0.86,0.86,0.86,0.85,0.86,0.86,0.86,0.84,0.86,0.86,0.86,0.84,0.86,0.86,0.86,-1.13,0.86,0.86,0.85,-1.05,0.84,0.86,0.86,0.86,0.86,0.86,0.85,0.86,0.85,0.75,0.86,0.86,0.86,0.86,0.86,0.86,0.86,0.85,0.86,0.86,0.86,0.86,0.86,0.86,0.86,0.85,0.86,0.86,0.86,0.86,0.86,0.86,0.86,0.86,0.86,0.84,0.86,0.86,0.86,0.86,0.84,0.86,-1.05,0.86,0.85,0.73,-1.12,0.86,0.84,0.86,0.86,0.86,0.86,0.86,-1.11,0.86,-1.0,0.86,0.86,0.71,0.86,0.86,0.84,0.86,-1.17,0.85,0.84,0.86,0.85,0.85,0.83,0.85,0.86,0.83,0.85,0.85,0.86,0.86,0.86,0.86,0.86,0.86,0.86,0.79,0.86,-1.04,0.86,0.86,0.85,0.86,0.86,0.86,0.86,0.86,0.86,0.86,0.85,0.86,0.86,-1.06,0.86,0.85,0.86,0.72,0.86,0.86,0.85,0.86,0.86,0.86,0.86,0.86,0.86,0.86,0.86,0.86,0.86,-1.1,0.86,0.86,0.86,0.86,0.86,0.85,0.86,0.86,0.84,0.86,0.86,0.86,0.84,-1.05,0.86,0.86,0.86,0.84,0.86,0.86,0.86,0.86,0.85,0.86,0.86,0.72,0.86,0.86,0.86,0.86,0.86,0.86,0.86,0.86,0.71,0.86,0.86,0.84,0.86,0.86,0.86,0.86,0.86,0.86,0.86,0.86,0.86,0.76,0.86,0.86,-1.05,0.86,0.86,-1.02,0.86,0.86,0.86,0.86,0.85,0.86,0.86,0.85,0.86,0.86,0.82,0.86,0.86,0.86,0.86,-1.11,0.86,0.84,0.86,0.84,0.86,0.86,0.86,0.86,0.86,0.86,0.84,0.86,-1.02,0.75,0.86,0.85,0.85,0.86,0.86,0.86,0.86,0.82,0.86,0.86,0.86,0.86,0.86,0.86,0.85,0.86,0.86,0.86,0.86,-1.15,0.85,0.86,0.86,0.85,-1.09,0.86,0.85,0.86,-1.12,0.86,0.84,0.86,0.86,0.86,0.84,0.86,0.84,0.86,0.85,-1.13,0.86,0.86,0.86,0.86,0.85,0.86,0.86,0.86,0.86,-1.11,0.85,0.86,0.84,0.84,0.86,0.86,0.86,0.67,0.86,0.86,0.86,0.86,0.86,0.86,0.86,0.86,0.86,0.84,0.85,-1.07,0.86,0.86,0.86,0.85,0.86,0.86,0.86,0.65,-1.12,0.86,0.86,0.86,0.86,0.86,0.86,-1.12,0.86,0.84,0.86,0.86,0.86,0.86,0.86,0.86,0.86,0.86,0.86,0.86,0.86,0.86,0.86,0.86,0.8,0.86,0.86,0.86,0.86,0.86,-1.15,0.86,0.86,0.86,0.84,0.85,0.86,0.86,0.86,0.86,0.86,0.86,0.85,0.86,0.86,0.86,0.85,0.84,0.86,0.86,0.85,0.86,0.86,0.85,0.74,-1.1,0.85,0.84,0.86,0.86,0.86,0.86,0.85,0.86,0.86,0.86,0.85,0.86,0.86,-1.11,0.85,0.86,0.86,0.86,0.86,0.86,0.77,0.85,0.86,0.86,-1.14,0.85,0.86,0.86,0.86,0.85,0.86,0.77,0.86,0.86,0.86,0.84,-1.0,0.84,0.86,-1.05,0.86,0.85,0.85,0.86,0.86,0.86,0.84,0.86,0.81,0.86,0.86,0.84,-1.07,0.83,0.86,0.86,0.86,0.86,0.84,0.84,0.85,0.86,0.76,0.86,0.85,0.86,0.86,0.86,0.85,0.85,-1.15,0.85,0.86,0.86,0.86,-1.04,0.86,0.8,-1.03,0.86,0.83,-1.03,0.86,0.86,-1.13,0.85,0.86,0.86,0.86,0.86,0.86,0.86,0.82,0.86,0.86,0.86,0.66,0.86,0.86,0.86,0.86,0.86,0.86,0.86,-1.08,0.76,0.86,0.86,-1.05,0.86,0.86,-1.08,0.86,-1.08,0.85,0.86,0.85,0.85,0.78,0.86,0.84,-1.13,0.85,0.86,0.83,0.85,0.86,0.85,0.86,0.86,0.86,0.86,0.86,0.84,-1.01,0.86,0.84,0.85,0.86,0.84,0.86,0.86,-1.02,0.86,0.86,0.86,0.86,0.86,0.86,0.84,0.84,0.86,0.86,0.86,0.86,0.86,0.86,0.86,0.86,0.86,0.86,0.86,0.86,0.86,0.74,0.86,0.86,-1.04,0.84,0.84,0.86,-1.14,0.86,-1.1,0.86,0.86,0.86,0.86,0.84,0.85,0.86,0.86,0.86,0.86,0.86,0.86,0.86,0.86,0.84,-1.02,0.86,0.86,0.86,-1.12,0.82,0.85,0.86,0.84,0.86,0.86,0.86,0.86,0.86,0.86,0.86,0.86,0.86,0.86,0.85,0.86,0.85,0.86,0.86,0.72,0.86,0.86,0.84,0.86,0.86,0.86,0.8,0.86,0.86,0.86,0.7,0.86,0.86,0.86,0.86,-1.04,0.86,0.86,0.86,0.86,0.86,0.86,0.86,0.86,0.86,0.86,0.86,0.86,0.85,0.86,0.85,0.85,0.86,0.86,0.86,0.86,0.86,0.86,0.86,0.86,0.86,-1.06,0.85,0.85,0.84,0.84,0.86,0.86,0.86,0.86,0.86,0.86,0.86,0.86,0.84,0.86,0.77,0.86,0.86,0.86,0.86,-1.06,0.86,0.86,0.85,0.84,0.86,0.86,0.86,0.86,0.85,-1.04,0.85,0.86,0.86,0.86,0.86,0.86,0.86,0.86,0.86,0.86,0.86,0.86,0.84,0.86,0.86,0.85,0.86,-1.06,0.85,0.86,0.84,0.86,0.86,0.86,0.86,0.85,0.81,0.86,0.86,0.86,0.86,0.86,0.86,0.86,0.86,0.85,0.86,0.86,0.86,0.86,-1.03,0.79,-1.01,0.86,0.84,0.86,0.86,0.74,0.86,0.86,-1.04,0.86,0.86,0.86,0.85,0.85,0.7,0.86,-1.04,0.86,0.86,-1.05,0.84,0.82,0.86,0.85,0.86,0.8,0.85,0.85,0.86,0.86,-1.1,0.86,0.86,0.74,0.86,0.86,0.86,0.86,-1.09,0.85,0.86,0.86,0.86,0.86,0.85,0.86,0.86,0.72,0.86,0.85,0.84,0.86,0.86,0.86,-1.04,-1.12,-1.08,0.85,0.86,0.86,0.86,0.84,0.86,-1.03,0.84,0.84,0.86,0.83,0.85,0.84,0.85,0.84,0.86,0.86,-1.12,0.86,0.86,0.86,0.86,0.86,0.86,-1.03,0.86,0.86,0.86,0.85,0.86,-1.08,0.86,0.86,0.86,0.85,0.86,0.86,0.86,-1.01,0.85,0.86,0.86,0.86,0.86,0.86,0.85,0.85,0.76,0.85,0.86,0.86,0.86,0.84,0.85,0.86,0.86,0.85,0.86,0.86,0.86,0.86,0.86,0.86,0.75,0.84,0.86,0.86,0.83,0.86,0.85,0.86,0.86,-1.09,0.85,0.86,0.86,0.86,0.86,0.86,0.86,0.86,0.84,0.84,0.86,0.77,0.86,0.85,-1.08,0.85,0.86,0.86,0.86,0.77,0.86,-1.06,0.85,0.86,0.86,0.74,0.86,0.83,0.86,0.86,0.86,0.86,0.86,0.84,0.86,0.85,0.86,0.86,0.86,0.86,0.86,0.86,-1.0,0.86,0.86,0.86,0.86,0.86,0.86,0.86,0.84,0.86,0.86,0.85,-1.1,0.82,0.86,0.86,0.86,0.86,0.86,0.72,0.86,0.86,0.84,0.86,0.82,0.86,0.86,0.85,0.86,0.84,0.86,0.86,0.85,-1.03,0.86,-1.2,0.84,0.86,0.86,-1.09,0.86,0.86,0.85,0.86,0.86,0.86,0.86,0.73,0.86,0.86,-1.06,0.85,0.86,0.85,0.86,0.83,0.86,0.77,0.84,0.86,0.85,0.86,0.86,0.86,0.86,0.86,0.84,0.86,0.86,0.86,0.86,0.84,0.86,0.86,0.86,0.73,0.86,0.86,0.86,0.86,0.86,0.86,0.86,0.86,-1.06,0.85,0.85,0.86,0.86,0.86,0.86,0.84,0.86,0.86,0.81,0.86,0.86,0.86,0.84,0.86,0.86,0.86,0.86,0.86,0.86,0.86,0.85,0.86,0.86,0.86,0.84,0.86,0.86,0.86,-1.09,0.84,0.85,0.86,0.86,0.86,0.85,0.86,0.86,0.84,0.86,0.86,0.84,-1.13,0.84,0.84,0.86,0.86,0.84,0.86,0.86,0.86,0.86,0.72,0.85,0.86,0.86,0.86,0.86,0.85,0.85,0.86,0.86,0.86,0.86,0.86,-1.13,0.76,0.86,0.86,0.83,0.86,-1.06,0.85,0.86,0.86,0.86,0.86,0.86,0.86,0.84,0.86,0.86,0.86,0.86,0.86,0.86,0.83,0.86,0.86,0.86,0.86,0.86,0.86,0.86,0.86,0.76,0.86,0.86,0.86,0.86,0.82,0.86,0.85,0.86,0.86,0.83,0.86,0.84,0.86,0.86,0.86,0.86,0.86,0.85,0.86,0.86,0.86,0.86,0.86,0.85,0.86,0.86,0.86,0.86,0.84,0.74,0.84,0.86,-1.04,0.85,0.86,0.84,0.85,0.84,0.86,0.85,0.86,0.86,-1.05,0.86,0.86,0.84,0.86,0.86,0.84,0.84,0.86,-1.01,0.86,-1.05,-1.01,0.83,-1.04,0.84,0.83,0.86,0.86,0.86,0.86,0.86,0.86,0.86,0.86,0.86,0.86,0.86,0.86,0.86,0.86,0.86,0.86,0.86,0.85,0.86,0.84,0.86,0.86,0.86,0.86,0.86,0.86,0.86,0.86,0.86,0.86,0.86,0.84,0.86,0.86,0.86,0.86,0.86,0.86,0.86,0.86,0.86,0.85,0.86,0.84,0.86,0.86,0.86,0.85,0.86,0.86,0.86,0.84,0.76,0.86,0.86,0.86,-1.03,0.86,0.86,0.86,0.86,0.85,0.86,0.86,0.86,0.86,0.86,0.84,0.8,0.86,0.85,0.86,0.86,0.85,0.86,0.86,0.85,-1.13,0.86,0.85,0.86,0.84,0.86,0.86,0.86,0.86,0.86,0.86,-1.06,0.86,0.86,0.86,0.83,0.85,0.85,0.59,0.86,0.84,0.85,0.86,0.83,0.79,0.86,0.85,0.86,0.86,0.86,0.86,0.86,0.86,0.86,0.86,-1.09,0.82,-1.08,0.86,0.86,0.84,0.86,0.85,0.86,0.84,0.86,0.85,0.85,0.85,0.86,0.86,0.84,0.85,0.84,0.86,0.86,0.84,0.86,0.85,0.86,0.85,0.86,0.86,0.85,-1.07,0.85,0.86,0.86,-1.02,0.86,0.85,0.86,0.86,0.86,0.85,0.86,0.86,0.86,0.86,0.86,0.86,-1.0,0.85,0.83,0.86,0.85,0.86,0.86,-1.0,0.76,0.86,0.85,0.84,0.86,0.84,0.86,0.86,0.86,0.84,0.86,0.86,0.72,0.85,0.84,0.85,0.86,0.85
-1.41,-1.1,0.79,-1.04,-1.17,-1.04,-1.14,-1.05,0.83,0.76,-1.07,-1.11,0.78,-1.04,-1.08,0.86,0.84,0.84,0.85,0.8,-1.08,0.82,0.86,0.86,0.86,0.82,-1.05,-1.02,0.86,-1.24,0.79,0.8,0.75,0.85,0.84,0.84,0.84,0.77,0.73,0.86,0.8,0.86,0.84,0.8,0.67,0.84,0.86,0.86,0.8,0.83,0.85,0.86,0.86,0.86,-1.05,0.84,0.86,0.86,0.86,0.84,0.86,0.86,0.86,0.86,0.86,0.84,0.83,0.86,0.86,0.74,0.86,0.86,0.84,0.81,0.84,0.86,0.85,0.86,0.86,0.86,0.86,-1.05,0.86,0.86,0.85,0.86,0.86,0.86,0.86,0.86,0.86,-1.02,0.86,0.85,0.86,0.86,0.86,0.86,-1.03,0.86,0.84,0.85,0.86,0.86,0.86,0.86,0.86,0.86,0.86,0.86,0.86,0.86,0.86,0.85,0.86,-1.1,0.86,0.86,0.84,0.86,0.86,0.86,0.86,0.86,0.86,0.86,0.86,0.86,0.86,-1.25,-1.1,0.86,0.86,0.84,0.86,0.75,0.86,0.86,0.86,0.86,0.84,0.86,0.86,0.86,-1.07,0.86,0.86,0.86,0.86,0.86,0.86,0.86,0.86,0.86,0.86,0.86,0.85,-1.13,0.86,0.86,0.85,-1.09,0.85,0.86,0.73,0.86,0.86,0.86,0.86,-1.1,0.86,0.86,0.85,0.86,0.86,0.85,0.86,0.85,0.86,0.86,0.86,0.86,-1.12,0.83,0.86,0.86,0.86,0.86,0.86,0.86,0.85,0.86,0.86,0.86,0.86,0.85,0.84,0.81,0.85,0.86,0.85,0.86,0.86,0.86,0.86,0.86,0.86,0.86,0.86,0.86,0.86,0.86,0.86,0.84,0.86,0.86,0.84,0.86,-1.04,0.86,0.86,-1.04,0.86,0.86,0.86,0.86,0.86,0.86,0.86,0.86,0.86,0.85,0.86,0.86,0.86,0.86,0.86,0.85,0.86,0.85,0.84,0.86,0.86,0.86,0.86,0.86,0.86,0.86,0.86,0.86,0.84,0.84,0.85,-1.03,0.86,0.86,0.86,0.86,0.86,-1.13,0.81,0.84,0.86,0.86,0.85,0.85,0.84,0.86,0.86,0.86,0.86,0.86,0.86,0.86,0.86,0.86,0.83,0.85,0.86,0.86,0.86,0.86,0.86,0.79,0.85,0.84,0.86,0.86,0.86,0.86,0.86,0.86,0.86,0.85,0.86,0.86,0.86,0.85,0.86,0.86,-1.02,0.85,-1.02,-1.12,0.86,0.86,0.84,0.84,0.84,-1.02,0.86,0.85,0.85,0.86,-1.11,0.85,0.86,-1.13,0.86,0.86,0.86,0.85,0.86,0.86,0.86,0.84,0.86,0.86,0.86,0.86,0.86,0.86,0.86,0.85,0.85,-1.0,0.83,0.86,0.84,0.86,0.86,-1.02,0.86,0.8,0.82,0.86,0.86,0.86,0.86,0.86,0.86,-1.22,0.86,0.85,0.86,0.86,0.84,0.86,0.86,0.82,0.54,0.86,0.86,0.84,0.86,0.85,0.86,0.86,0.86,0.85,0.85,0.86,0.86,0.86,0.86,0.86,0.86,0.86,0.82,0.84,0.86,0.86,0.86,0.86,0.86,0.86,0.86,0.86,-1.02,0.86,0.86,0.86,0.85,0.86,0.86,0.86,0.86,0.86,0.86,0.79,-1.03,0.86,0.86,0.84,0.86,0.86,0.86,0.86,0.86,0.84,0.86,0.83,0.86,0.86,0.85,-1.1,0.86,0.84,0.85,0.86,0.86,0.86,0.86,0.86,0.86,0.86,0.86,0.86,0.86,0.86,0.85,0.86,0.86,0.86,0.86,0.86,0.86,-1.06,0.86,0.86,0.86,0.86,0.86,0.86,-1.11,0.86,0.85,0.86,0.86,0.86,0.86,0.86,0.86,0.86,0.84,0.86,0.86,0.86,0.86,0.86,0.86,0.86,0.85,0.86,0.85,0.79,0.86,0.86,0.84,0.86,0.86,0.86,0.86,0.86,0.86,0.86,0.86,0.86,0.86,0.86,0.85,0.85,0.86,0.86,-1.02,0.86,0.85,0.86,0.86,0.86,0.86,0.86,0.81,0.85,0.86,0.86,0.85,0.86,0.86,0.86,0.86,-1.02,-1.13,0.85,0.86,0.86,0.86,0.85,0.86,0.86,0.86,0.85,0.86,0.86,0.86,0.86,0.86,0.85,0.86,0.86,0.86,0.86,0.82,0.68,0.86,0.86,0.86,0.86,0.86,0.86,0.86,-1.12,0.86,0.86,0.86,0.86,0.86,0.86,0.86,-1.01,0.84,-1.14,0.86,0.86,0.86,0.86,0.86,0.86,0.85,0.86,-1.04,0.86,0.86,-1.07,0.85,0.74,0.86,0.86,0.86,0.86,0.78,-1.14,0.85,0.86,0.86,0.86,0.86,0.86,0.86,0.85,0.86,0.86,0.85,0.86,0.86,0.86,0.86,0.86,0.86,0.86,0.86,0.86,0.72,0.86,-1.12,0.86,0.86,0.86,0.85,0.86,0.86,0.78,0.86,0.86,0.86,0.86,0.85,0.85,0.86,0.85,0.85,0.86,0.85,0.86,0.86,0.73,0.84,-1.14,0.69,0.86,0.86,0.83,0.86,0.86,0.86,0.72,0.86,0.86,0.84,0.86,0.83,0.86,0.78,0.86,0.86,0.85,0.75,0.86,0.86,0.86,-1.03,0.74,-1.15,0.86,0.85,0.85,-1.04,0.84,0.86,0.84,0.86,0.84,0.84,0.84,0.77,0.86,0.86,0.85,0.86,0.86,0.86,0.86,0.86,0.86,0.86,0.86,0.86,0.86,0.85,0.85,0.8,0.85,0.86,-1.11,0.86,0.72,0.86,0.86,0.77,0.79,0.86,0.82,0.86,0.86,0.86,0.86,0.86,0.86,0.86,0.86,0.86,0.86,0.85,0.86,0.86,0.86,0.85,0.86,0.86,0.86,0.86,0.86,0.8,0.86,0.86,0.86,0.85,0.86,0.86,0.86,0.86,0.86,0.86,0.86,0.86,0.86,0.71,0.86,0.86,0.86,-1.04,0.86,0.86,0.85,0.72,0.86,0.72,0.86,0.86,0.86,0.86,0.86,0.85,0.86,0.86,0.86,0.85,0.86,0.86,0.83,0.86,0.86,0.83,-1.03,0.85,0.84,0.86,0.86,0.86,0.86,0.86,0.86,0.86,0.86,0.86,0.86,0.85,0.86,0.86,0.85,0.77,-1.13,0.86,0.86,0.86,0.86,-1.02,0.86,0.85,0.86,0.83,0.86,0.86,0.84,0.86,0.84,0.86,0.86,0.86,0.85,0.82,0.86,0.86,0.85,0.86,0.86,0.84,0.86,0.85,0.84,0.86,0.86,0.83,0.86,0.86,0.86,-1.0,0.86,0.86,0.86,0.86,0.86,0.86,0.86,0.86,0.8,0.76,0.86,0.86,0.86,0.8,0.79,0.72,0.86,0.8,0.86,0.86,-1.13,-1.09,0.86,0.86,0.86,0.84,-1.03,0.71,0.86,0.86,-1.13,0.86,0.86,0.86,0.85,0.86,0.86,0.86,0.86,0.86,-1.08,0.86,0.86,0.86,0.84,0.86,0.86,0.86,0.86,0.83,0.86,0.86,0.86,0.86,0.85,0.86,0.84,0.86,0.86,0.86,0.86,0.86,0.86,0.86,0.86,0.86,0.86,0.86,0.86,0.86,-1.12,-1.03,0.86,0.86,-1.02,-1.0,0.86,0.86,0.86,0.86,0.84,0.86,0.86,0.86,0.86,0.85,0.78,0.86,0.86,0.86,0.86,0.86,0.86,0.86,0.86,0.86,0.86,0.86,0.86,0.85,0.86,0.86,0.86,0.86,0.86,-1.08,0.86,0.86,0.86,0.86,0.86,0.86,-1.12,0.86,0.86,0.86,0.86,0.86,0.86,0.86,0.85,0.86,0.83,0.86,0.85,0.86,0.86,0.86,0.85,0.85,0.85,0.84,0.7,-1.02,0.86,0.86,0.86,0.86,0.86,0.86,0.86,0.86,0.86,0.85,0.86,0.86,0.86,0.86,0.86,0.86,0.86,0.7,0.85,0.86,0.78,0.85,-1.09,0.86,-1.08,0.86,0.86,0.86,0.86,0.86,0.83,0.85,0.86,0.86,0.86,0.86,0.86,0.86,0.85,0.84,0.86,0.86,0.86,0.84,0.86,0.86,0.86,0.86,-1.05,0.86,0.86,0.86,0.86,0.86,0.86,0.79,0.86,0.86,0.86,0.84,0.86,0.86,0.86,0.86,0.86,0.86,0.86,0.86,0.86,0.86,0.86,0.85,0.86,0.86,0.86,0.85,0.86,0.86,0.86,0.86,0.71,0.86,0.86,0.85,0.86,0.86,0.86,0.86,0.86,0.86,0.86,0.86,0.86,0.86,0.84,0.86,0.69,0.86,0.86,0.85,-1.12,0.86,0.83,0.86,0.85,0.86,0.83,0.86,-1.05,0.84,0.86,0.86,0.86,0.86,0.86,0.86,0.86,0.86,0.86,0.86,0.85,0.85,0.77,0.86,0.78,0.86,0.85,0.86,0.86,0.84,0.86,0.86,0.86,0.86,0.86,0.86,0.86,0.86,0.86,0.86,0.86,0.86,-1.01,0.84,0.84,0.81,0.86,0.86,0.84,0.86,0.86,0.86,0.86,0.86,0.86,0.86,0.84,0.86,0.85,0.86,0.86,0.86,0.85,-1.11,0.86,0.86,0.86,0.86,0.86,0.86,0.85,0.86,0.86,0.86,0.78,0.71,0.85,0.85,0.86,0.86,0.86,0.86,0.86,-1.01,0.84,0.86,0.86,0.84,0.84,0.86,0.86,0.86,0.86,0.85,0.86,0.85,0.86,0.76,0.84,0.86,0.86,0.86,0.86,0.85,0.86,0.86,0.86,-1.01,0.85,0.86,0.86,0.86,0.86,0.86,0.86,0.86,0.86,0.86,0.86,0.86,0.86,0.86,0.86,-1.03,0.86,0.86,0.84,0.86,0.86,0.86,0.86,0.86,0.75,0.86,0.86,0.86,0.83,0.86,0.85,0.84,0.86,0.86,0.84,0.85,0.86,-1.04,0.82,0.86,0.86,0.86,0.85,0.86,0.86,0.86,0.86,0.86,0.86,0.86,0.86,0.86,0.86,0.85,-1.03,0.86,0.86,0.86,0.84,0.82,0.86,0.86,0.84,0.86,0.86,0.86,0.86,0.86,0.85,0.86,0.86,0.86,0.86,0.83,0.85,0.86,0.86,0.77,0.78,0.86,0.86,0.85,0.86,0.86,0.86,0.86,0.83,0.86,-1.1,0.86,0.86,-1.07,0.86,-1.1,0.86,0.85,0.86,0.86,0.86,0.86,0.86,0.86,-1.11,0.86,0.86,0.86,0.86,0.85,0.86,0.86,0.86,0.86,-1.03,0.86,0.86,0.86,0.86,-1.12,-1.08,0.74,0.85,0.86,0.86,0.85,0.86,0.83,0.86,0.86,0.86,-1.02,0.86,0.86,0.86,-1.13,0.86,0.86,0.81,0.86,0.83,0.86,0.86,0.86,0.86,0.86,-1.13,0.83,0.86,0.86,0.86,0.86,0.86,-1.03,0.84,0.86,0.86,0.86,0.84,0.74,0.86,0.86,0.86,0.86,0.86,0.86,0.86,0.86,0.86,0.84,0.86,0.86,0.81,0.86,-1.02,0.85,0.86,0.86,0.86,0.86,0.86,0.86,0.86,0.86,0.77,0.86,0.86,0.86,0.86,0.86,0.86,0.86,0.86,0.86,0.71,0.85,0.86,0.86,0.86,0.86,0.86,-1.03,0.84,0.86,0.86,0.86,0.85,0.86,0.82,0.86,0.85,0.86,0.86,0.86,0.86,0.86,0.86,0.86,0.86,0.86,0.86,0.86,0.86,0.85,0.86,0.86,0.86,0.85,0.86,0.85,0.86,0.86,0.86,0.86,0.86,0.86,0.86,0.86,0.86,0.86,0.85,0.85,0.86,0.86,0.86,0.85,0.86,0.84,0.86,0.86,-1.11,0.84,0.86,0.86,0.86,0.86,0.86,0.85,0.85,0.86,0.86,0.86,0.86,0.86,0.83,0.86,0.86,0.86,0.86,0.86,0.86,0.86,0.85,0.85,0.86,0.84,0.86,0.86,-1.14,0.86,0.86,0.85,0.86,0.86,0.86,0.86,0.86,0.84,0.85,0.86,0.84,0.84,0.85,0.86,0.86,0.84,0.86,0.85,0.86,0.86,0.86,0.86,0.86,0.76,0.71,0.86,-1.14,0.86,0.86,0.86,-1.13,0.86,0.86,0.86,0.84,0.86,0.86,0.86,0.86,0.84,0.86,0.86,0.86,0.86,0.84,0.86,0.86,0.86,0.86,0.84,0.85,0.84,0.86,0.75,0.86,0.68,0.86,0.86,0.84,0.86,0.86,0.86,-1.01,-1.14,0.86,0.86,0.86,0.86,0.82,0.86,0.86,0.86,0.86,0.86,0.86,-1.02,0.86,0.86,0.85,0.86,0.86,0.86,0.86,0.86,0.84,0.86,0.74,0.86,0.85,0.86,0.86,0.86,0.86,0.86,0.85,0.86,0.85,-1.04,0.86,0.86,0.86,-1.03,0.86,0.86,0.86,0.83,0.86,0.86,0.84,0.86,-1.02,0.85,-1.11,0.86,0.85,0.86,0.86,0.85,0.86,0.86,0.86,0.86,0.86,0.86,0.86,0.64,0.86,0.86,0.86,0.86,0.86,-1.02,-1.05,0.82,0.86,0.86,0.86,0.84,0.84,0.86,0.86,0.86,0.86,-1.06,0.86,0.86,0.85,0.85,0.86,-1.04,0.86,0.82,-1.06,0.85,0.86,0.86,-1.13,-1.04,0.86,0.85,0.85,0.72,0.86,0.86,0.84,0.86,0.86,0.86,0.86,0.86,0.78,0.86,0.86,0.86,0.85,0.86,0.86,0.86,0.86,0.86,0.86,0.86,0.86,0.86,0.86,0.86,0.83,0.86,0.85,0.86,0.85,0.84,0.85,0.86,0.86,-1.05,0.85,0.86,0.86,0.86,0.86,0.84,0.84,0.86,0.86,0.84,0.86,0.86,0.86,0.86,0.86,0.86,0.86,0.81,0.84,0.86,0.86,0.86,-1.0,-1.06,0.85,0.86,0.86,0.86,0.86,0.86,0.84,0.86,0.85,0.85,-1.04,0.84,0.86,0.84,0.86,0.86,0.86,0.86,0.86,0.86,0.86,0.86,0.86,0.85,0.86,0.86,0.86,0.86,0.84,0.86,0.86,0.84,0.86,0.86,0.86,0.86,0.86,0.86,0.86,0.86,0.86,0.86,0.86,0.86,0.86,0.83,0.86,-1.02,0.84,0.78,0.85,-1.12,0.86,0.86,-1.01,0.86,0.86,0.85,0.86,0.86,0.86,0.86,0.86,0.71,0.86,0.86,0.86,0.86,0.86,0.86,0.86,0.86,0.86,0.86,0.86,0.86,0.86,0.86,0.72,0.86,0.84,0.86,0.86,0.86,0.86,0.86,0.84,0.86,0.81,0.86,-1.14,0.86,0.85,0.86,0.84,0.85,0.86,-1.06,0.86,-1.12,0.86,0.85,-1.07,0.85,-1.02,0.83,0.86,0.86,-1.05,-1.11,0.86,0.86,0.86,0.86,0.86,0.86,0.86,0.86,-1.05,0.86,0.85,0.86,0.86,0.86,0.86,0.86,0.84,0.86,0.86,0.83,0.86,0.86,-1.04,0.82,0.85,0.82,0.86,-1.05,0.85,0.84,0.86,-1.08,0.86,0.86,0.86,0.85,0.86,0.86,0.82,0.85,0.86,0.86,0.86,0.86,0.86,0.85,0.86,0.86,0.86,0.86,0.86,0.86,0.86,0.86,0.84,0.76,0.86,0.83,0.86,0.86,0.86,0.86,0.86,0.86,0.62,0.86,-1.01,0.86,0.86,0.86,0.86,0.86,0.86,0.86,0.86,0.86,0.86,0.85,0.85,0.86,0.86,0.86,0.86,0.86,-1.04,0.73,0.86,0.86,0.86,0.66,0.86,0.85,0.86,0.85,0.86,0.86,0.86,0.86,0.86,0.86,0.86,0.86,0.85,0.86,0.86,0.86,0.86,0.85,0.85,0.86,0.86,0.86,0.86,0.86,0.86,0.86,0.86,0.85,0.84,0.8,0.86,0.86,0.86,0.86,0.82,0.76,0.86,0.86,0.85,0.84,0.86,0.86,0.86,0.86,0.86,0.85,0.86,0.86,0.85,0.86,0.85,0.82,0.86,0.86,0.86,0.86,0.86,0.84,0.86,0.86,0.86,0.86,0.86,0.86,0.86,0.86,0.86,0.86,0.86,0.86,0.86,0.86,-1.13,-1.04,0.86,0.82,0.86,0.72,0.86,0.86,0.86,-1.07,0.86,0.86,0.86,0.86,0.86,0.86,0.86,0.86,0.86,0.86,0.85,0.86,0.86,-1.13,0.86,0.84,0.86,0.86,0.86,0.86,0.86,0.86,0.86,0.86,0.86,0.86,0.83,0.86,0.86,0.84,0.86,0.86,0.86,0.86,0.86,0.86,0.86,0.84,0.74,0.86,0.86,0.86,0.86,0.86,0.86,0.86,0.85,-1.1,0.86,0.84,0.86,0.86,0.85,0.83,0.86,0.86,0.86,0.86,0.86,0.86,0.86,0.86,0.84,0.86,0.86,0.85,0.86,0.83,0.83,0.84,-1.03,0.86,0.86,0.86,0.86,0.76,-1.01,0.86,0.86,0.86,0.86,0.86,0.85,0.86,0.83,0.86,0.86,0.86,0.86,0.86,0.86,-1.07,-1.0,0.83,0.86,0.86,0.85,0.86,0.84,0.86,0.86,0.86,0.85,0.83,0.86,0.84,0.86,0.86,0.86,0.86,-1.03,-1.14,-1.1,0.84,0.86,0.86,0.86,0.86,0.86,0.86,0.86,0.86,0.86,0.86,0.86,0.84,0.86,0.86,0.86,0.84,0.86,0.84,0.86,0.86,0.8,0.83,0.86,0.86,0.85,0.86,0.79,0.86,0.86,0.85,0.85,0.86,-1.09,0.86,-1.02,0.85,-1.12,0.85,-1.0,0.85,0.86,0.86,0.84,0.86,0.86,0.86,0.85,0.85,0.86,0.86,0.86,-1.0,0.86,0.86,-1.06,0.86,0.85,0.86,0.86,0.86,0.86,0.86,0.86,0.86,0.86,-1.06,0.86,0.84,0.86,-1.02,0.86,0.86,-1.04,0.86,0.86,0.85,0.86,0.86,0.86,-1.12,0.86,0.85,0.86,0.86,0.77,0.84,0.86,0.86,0.86,0.86,-1.19,0.86,0.86,0.75,0.86,0.86,0.84,0.86,0.86,0.86,0.86,0.85,-1.11,0.86,0.85,0.85,0.86,0.86,0.86,0.86,0.86,-1.13,0.85,0.86,0.78,0.85,0.86,0.86,0.86,0.85,0.86,0.86,0.86,0.86,0.86,0.86,0.86,0.86,0.86,0.86,0.86,0.86,0.86,0.86,0.86,0.86,0.85,0.86,0.86,0.86,-1.18,0.86,0.86,0.85,0.86,0.86,-1.07,0.85,0.84,0.85,0.86,0.84,0.86,0.86,0.86,0.86,0.86,0.86,0.85,0.86,0.83,0.86,0.86,0.86,0.86,0.86,0.86,0.86,0.86,0.86,0.86,-1.1,0.86,0.86,0.86,-1.08,0.86,0.83,0.86,0.78,0.86,0.86,-1.11,0.85,0.85,0.86,0.86,0.86,0.86,0.86,0.86,0.81,0.86,-1.12,0.86,0.86,-1.12,0.86,-1.13,0.86,-1.13,0.86,0.83,0.86,-1.1,0.85,0.86,0.86,0.86,0.8,0.83,0.86,0.86,0.85,0.85,0.85,0.86,0.86,-1.03,0.85,0.86,0.85,0.86,0.85,0.86,0.86,0.86,0.86,0.81,0.86,0.86,0.86,0.86,0.86,0.86,0.84,0.85,0.86,0.85,0.86,0.86,0.76,0.86,0.86,0.86,0.86,0.85,0.86,0.85,0.86,0.86,-1.0,0.86,0.86,0.86,0.86,0.86,-1.13,0.86,-1.17,0.84,0.86,0.86,0.86,0.85,0.86,0.86,0.84,0.86,-1.15,0.86,0.86,0.86,0.86,0.86,0.86,0.86,0.86,0.86,0.86,0.86,0.86,0.84,0.86,0.83,0.86,0.86,0.86,0.86,0.86,0.86,0.86,0.86,0.86,0.86,0.83,0.67,0.86,0.86,0.86,0.86,0.86,0.86,0.86,0.74,0.86,0.86,0.86,0.86,0.86,0.85,0.86,0.86,0.86,0.86,0.86,0.84,-1.13,0.86,0.86,0.86,0.81,0.86,-1.12,0.84,0.86,0.86,0.85,0.86,0.86,0.86,0.86,0.71,0.84,0.86,-1.1,0.86,0.86,0.84,0.86,0.84,0.86,0.86,0.8,-1.12,0.84,0.86,0.86,0.86,0.83,0.86,0.86,0.85,0.83,0.86,0.85,0.86,0.86,0.86,0.86,0.84,0.86,0.81,0.86,0.86,0.86,0.84,0.86,0.86,0.86,0.86,0.86,0.85,0.86,0.86,0.86,0.86,0.86,0.86,0.86,0.86,0.86,0.86,0.86,0.86,0.86,0.86,0.85,0.86,0.86,0.85,0.85,0.86,0.86,-1.02,0.84,0.85,0.86,0.86,0.86,0.86,0.86,0.86,-1.06,0.85,0.86,0.84,0.86,0.85,0.86,-1.03,0.85,0.85,0.84,0.86,0.86,-1.1,0.85,0.86,0.83,0.74,0.84,0.86,0.85,0.86,0.85,0.84,-1.08,0.84,-1.09,0.86,0.84,0.85,0.86,0.86,0.86,0.86,0.86,0.86,0.86,0.86,0.86,0.86,0.86,0.86,0.86,0.86,0.86,-1.01,-1.1,0.84,0.85,0.86,-1.12,0.86,0.86,0.86,0.86,0.86,0.85,0.86,0.86,0.86,0.83,0.86,0.86,0.86,0.86,0.86,0.86,0.86,0.86,0.86,0.86,0.86,0.85,0.86,0.86,0.86,0.84,0.85,0.86,0.86,0.86,0.86,0.83,0.85,0.86,0.86,0.85,0.85,0.86,0.85,0.86,0.86,0.86,0.86,-1.15,0.86,-1.1,0.85,0.85,0.85,0.86,0.85,-1.12,0.85,0.86,0.86,0.86,0.83,0.86,0.86,0.86,0.86,0.86,0.84,0.86,0.86,0.86,0.84,0.86,0.86,0.86,0.86,0.86,0.86,0.85,0.85,0.86,0.86,0.86,0.86,0.86,0.86,0.86,0.86,0.84,0.74,0.85,-1.07,0.86,0.86,-1.04,0.86,0.86,0.86,0.86,0.86,0.86,0.86,0.86,0.86,0.86,-1.13,0.85,0.86,0.86,0.86,0.86,0.86,0.85,0.85,-1.06,0.86,0.86,0.86,0.86,0.86,0.86,0.86,0.86,0.86,0.86,0.86,0.86,-1.12,0.86,0.86,0.85,0.86,0.85,0.86,0.86,0.86,0.84,-1.02,0.86,0.86,0.86,0.86,0.86,0.85,0.86,0.86,0.85,0.86,0.86,0.85,0.86,0.86,0.86,0.86,0.86,0.86,0.86,0.86,0.86,0.86,0.86,0.85,0.86,0.86,0.85,0.86,0.86,0.86,0.86,0.86,0.86,0.85,0.84,0.86,0.86,0.85,0.86,0.86,0.86,0.86,0.86,0.83,0.86,0.86,0.86,0.86,0.86,0.79,0.86,0.82,0.86,0.86,0.86,0.86,0.86,0.83,0.86,0.84,0.86,0.86,-1.06,0.86,0.86,0.86,0.86,0.84,0.86,0.86,0.86,0.86,0.86,0.86,0.86,0.79,0.84,0.86,-1.05,0.86,0.86,0.86,0.86,0.86,0.86,0.86,0.86,0.86,0.86,0.86,0.86,0.84,0.74,0.86,0.84,0.86,0.86,0.85,0.86,0.86,0.86,0.84,0.86,0.84,0.84,0.84,0.86,0.86,0.86,0.86,0.86,0.86,0.86,0.86,0.86,0.86,0.86,0.86,0.79,0.86,0.84,0.85,0.86,0.86,0.86,0.86,0.85,0.86,0.86,0.86,0.86,0.86,0.86,-1.08,0.86,0.86,0.86,0.84,0.86,0.83,0.86,0.72,0.86,0.86,0.86,0.86,0.85,0.86,0.84,0.86,0.86,0.86,0.86,0.86,0.86,0.86,0.86,0.86,0.86,0.86,0.86,0.85,0.85,0.86,0.86,0.86,0.84,0.86,0.86,0.86,0.86,0.86,0.84,0.86,0.86,0.86,0.86,0.86,0.86,0.84,0.86,0.86,-1.11,0.86,0.86,0.86,0.84,0.85,0.86,0.86,0.86,0.86,0.86,0.75,0.86,0.86,0.86,0.86,0.86,-1.08,0.86,0.85,0.86,0.85,0.86,-1.06,0.86,0.85,0.85,0.71,0.85,0.86,0.86,0.86,0.76,0.86,0.86,0.86,0.85,0.86,0.82,0.73,0.86,0.83,0.74,0.83,0.86,0.85,0.86,0.86,0.85,0.85,0.86,0.85,0.86,0.86,0.86,-1.06,0.86,0.83,0.85,0.86,0.86,0.86,0.74,0.86,0.84,0.83,0.86,0.86,0.86,0.85,0.85,0.86,0.76,0.84,0.86,0.84,0.85,0.86,-1.13,0.85,0.86,0.86,0.86,0.86,0.86,0.85,0.84,0.86,0.86,0.85,0.86,0.86,0.8,0.85,0.86,0.86,-1.02,0.8,0.85,-1.0,0.86,0.86,0.86,0.86,0.86,0.86,0.86,0.86,0.86,0.86,0.86,0.86,0.86,0.86,0.86,0.86,0.86,-1.08,0.86,-1.14,0.86,0.76,0.86,0.86,-1.02,0.84,0.86,0.84,0.86,0.84,0.86,0.86,0.86,0.86,0.84,0.86,0.86,0.86,0.86,0.86,0.86,0.86,0.68,0.86,0.71,0.86,0.86,0.85,0.86,-1.02,0.84,0.86,0.86,0.86,0.86,0.84,0.86,0.86,-1.09,0.74,0.83,0.86,0.86,0.85,0.86,0.86,0.85,0.86,0.86,0.86,0.84,0.86,0.86,0.86,0.84,0.86,-1.02,0.86,0.84,0.85,0.86,0.85,0.83,-1.12,0.86,0.86,0.86,0.86,0.86,0.86,0.86,0.86,0.84,0.85,0.86,0.86,0.85,-1.14,0.84,0.85,0.8,0.86,0.86,0.86,0.86,0.86,0.86,0.86
0.66,0.86,-1.16,-1.02,-1.13,0.81,-1.02,-1.02,-1.24,-1.02,-1.05,-1.05,-1.17,0.81,0.52,-1.23,0.75,-1.05,-1.46,0.83,0.86,-1.04,0.49,0.82,0.8,0.68,0.84,-1.19,0.75,0.86,0.67,0.82,-1.06,0.85,0.67,-1.07,0.81,0.8,0.84,0.86,0.7,0.85,-1.04,0.8,0.86,0.86,0.86,0.85,0.84,0.85,0.86,0.86,0.83,0.8,0.82,0.85,0.86,0.86,0.86,0.86,0.86,0.86,0.86,0.86,0.86,0.86,0.86,0.86,0.86,0.86,0.86,0.85,0.86,0.86,0.86,0.86,-1.04,0.86,0.86,0.86,0.86,0.86,0.86,0.86,0.86,0.86,0.84,0.86,0.86,0.84,0.86,0.86,0.86,0.86,0.86,0.86,0.86,0.86,0.86,0.86,0.86,0.86,0.86,0.86,0.86,0.85,0.86,0.86,0.81,0.86,0.86,0.86,0.86,0.86,0.86,0.85,0.86,-1.12,0.73,0.83,0.86,0.86,0.86,0.86,0.86,0.84,0.86,0.86,-1.03,0.78,0.86,0.85,0.86,0.85,0.86,-1.02,0.86,0.86,0.86,0.85,0.86,0.86,0.86,0.86,0.86,-1.03,0.86,0.86,0.86,0.86,0.86,0.84,0.86,0.86,0.86,0.86,0.86,0.86,0.86,0.86,0.86,0.86,0.86,0.86,0.86,0.86,0.86,0.86,0.86,0.86,0.86,0.86,0.85,0.85,0.86,0.84,0.86,0.86,0.78,0.86,0.86,0.86,0.83,0.86,0.86,0.86,0.86,0.86,0.86,-1.22,0.86,0.86,0.86,0.86,0.86,0.86,0.86,0.71,0.85,0.74,0.86,0.86,-1.0,0.86,0.86,0.86,0.86,0.86,0.86,0.86,0.86,-1.05,0.86,0.86,0.86,0.86,0.86,0.86,0.86,0.86,0.86,0.86,0.79,0.86,0.86,0.83,0.86,0.86,0.86,0.85,0.86,0.86,0.86,0.86,0.86,0.86,0.86,0.86,0.86,0.83,0.82,0.86,0.86,0.86,0.86,0.84,0.86,0.86,0.83,0.86,0.86,0.86,0.86,0.86,0.86,0.86,0.86,0.84,0.86,-1.11,0.86,0.86,0.86,0.86,0.86,0.86,0.86,0.73,0.86,0.86,0.86,0.86,0.85,0.86,0.86,0.86,0.86,0.86,0.86,-1.14,0.86,0.86,0.86,0.86,0.86,0.85,0.84,0.77,0.73,0.86,0.86,0.86,0.86,0.86,0.86,0.86,0.85,0.86,0.85,0.86,0.85,0.86,0.86,0.86,0.86,0.86,0.7,0.86,0.86,-1.04,0.86,0.86,0.86,0.86,0.86,-1.13,0.86,0.86,-1.07,0.86,0.85,0.86,0.86,0.86,0.86,0.86,0.86,0.86,0.86,0.83,-1.13,0.86,-1.18,0.86,0.86,0.86,0.86,0.86,0.86,0.79,0.86,0.86,0.84,0.86,0.86,0.86,0.86,0.84,0.86,0.76,0.86,0.86,0.86,0.86,0.83,0.84,0.86,0.85,0.86,-1.13,0.86,0.86,0.86,0.86,0.85,0.86,0.86,0.86,0.86,0.83,0.86,0.82,0.86,0.86,0.85,0.86,0.86,0.86,0.84,0.86,0.86,-1.05,-1.03,0.77,0.82,0.86,0.86,0.86,0.86,0.86,0.86,0.85,0.86,0.86,0.86,0.86,0.86,0.86,0.86,0.85,0.85,0.86,0.86,0.86,0.86,0.83,0.86,0.79,0.86,0.86,0.86,0.86,0.81,0.86,0.84,0.86,0.84,0.85,0.86,0.86,0.86,0.86,0.86,0.82,-1.05,0.86,0.86,0.85,0.76,0.86,0.71,0.86,0.86,0.86,0.86,0.84,0.85,-1.14,0.86,0.86,0.86,0.86,0.84,0.86,0.86,0.86,0.86,-1.05,0.86,0.86,0.86,0.85,0.86,0.86,0.86,0.86,0.86,0.73,0.86,0.86,0.86,0.86,0.86,0.86,0.84,0.85,0.86,0.82,0.85,0.86,0.86,0.86,0.86,0.86,0.85,0.86,0.86,0.86,0.86,0.86,0.86,0.86,0.76,0.86,0.86,0.86,0.86,0.86,0.84,0.86,0.71,0.86,0.82,0.86,0.86,0.86,0.85,0.86,0.86,0.86,0.86,-1.1,0.82,0.86,0.86,0.86,0.86,0.86,0.86,0.86,0.86,0.86,0.85,0.86,0.86,0.86,0.86,0.86,0.85,0.86,0.86,0.86,0.86,0.86,0.86,0.86,0.86,0.83,0.86,0.86,0.86,0.85,0.84,0.86,0.86,0.86,0.85,0.86,0.84,0.84,0.86,0.86,0.86,0.86,-1.04,0.86,0.86,0.86,0.86,-1.05,0.85,0.86,0.85,0.86,0.86,0.86,0.86,0.86,0.86,0.86,0.85,0.86,0.86,-1.02,0.72,0.86,0.86,0.86,0.86,0.86,0.85,0.86,0.85,0.86,0.86,0.86,0.86,0.86,0.86,0.82,-1.14,0.85,0.84,0.86,0.86,0.84,0.86,0.86,0.86,0.86,0.86,0.86,0.86,0.86,0.86,0.86,0.86,0.83,0.82,0.86,0.86,0.86,0.86,0.86,0.86,0.86,0.85,0.86,0.86,-1.02,0.86,0.83,0.86,0.86,0.86,-1.0,0.86,0.84,0.86,0.86,0.86,0.86,0.86,0.86,0.85,-1.08,0.86,0.86,0.85,0.85,0.86,0.86,0.85,0.86,0.86,0.86,0.86,0.86,0.86,0.86,0.86,0.86,0.86,0.86,0.86,0.86,0.86,0.85,-1.16,0.85,-1.03,0.84,0.86,0.86,0.86,0.86,0.86,0.85,0.86,0.86,-1.02,0.85,0.86,0.86,0.86,-1.12,0.86,0.86,0.86,0.85,0.86,0.84,0.86,0.86,0.86,0.86,0.86,0.85,0.86,0.86,0.86,0.86,0.86,0.86,0.86,0.86,0.86,-1.1,0.86,0.86,0.86,0.85,0.86,0.86,0.86,0.86,0.76,0.86,0.86,0.86,0.85,0.86,0.86,0.86,0.86,0.86,0.83,0.72,0.86,0.86,0.86,0.86,0.86,0.86,-1.02,0.85,0.86,0.86,0.86,0.86,0.86,0.86,0.86,0.82,0.84,0.86,0.81,0.86,0.72,0.86,0.86,0.86,0.82,0.86,0.85,0.86,0.78,0.85,0.86,0.72,0.84,0.86,-1.15,0.86,0.86,0.86,0.86,0.86,0.86,0.85,0.86,-1.03,0.86,0.86,0.86,0.86,0.86,0.86,0.71,0.79,0.75,0.86,0.86,0.86,0.86,0.86,-1.13,0.86,0.86,0.86,0.86,0.86,0.85,0.86,0.86,0.86,-1.07,0.86,0.86,0.86,0.86,0.86,0.86,0.86,0.86,0.86,0.86,0.86,-1.03,0.86,0.86,0.86,-1.07,0.86,-1.04,0.86,0.86,0.86,0.86,0.86,0.85,0.86,0.86,0.85,0.86,0.86,0.86,0.86,-1.03,0.86,0.86,0.86,0.82,0.86,0.86,0.86,0.86,0.86,0.86,0.86,0.86,0.86,0.86,0.86,0.84,0.86,0.86,0.82,0.84,0.86,0.86,0.86,0.86,0.86,0.86,0.86,0.86,-1.09,0.86,0.86,0.86,0.86,0.85,0.85,0.86,-1.0,0.85,0.86,-1.13,0.79,0.86,-1.01,-1.02,0.85,0.86,0.86,0.85,0.86,0.85,0.86,0.86,0.86,0.86,-1.03,0.86,0.86,0.86,0.86,0.86,0.86,0.86,0.86,0.86,0.86,0.83,0.85,0.81,0.86,0.86,0.86,0.85,0.86,0.86,0.86,0.86,0.86,0.86,0.86,0.86,0.86,0.86,0.71,0.86,0.86,0.86,0.85,0.86,0.86,0.84,0.86,0.85,0.86,0.85,0.86,0.86,0.86,-1.06,-1.16,0.86,0.86,0.86,-1.03,0.86,0.86,0.79,0.74,0.86,0.86,0.86,0.85,0.86,0.86,0.86,0.86,0.86,0.86,0.86,0.86,0.86,0.86,0.86,0.86,0.86,0.86,0.86,-1.07,0.86,0.86,0.86,0.85,0.86,0.86,0.86,0.86,0.85,0.86,0.86,0.86,0.84,0.86,0.85,0.86,0.86,0.86,0.86,0.85,0.86,0.84,0.86,0.86,0.86,0.86,0.86,-1.08,0.86,0.86,0.81,0.86,0.86,0.86,0.86,0.86,0.86,0.84,0.84,0.86,0.86,0.86,0.85,0.86,0.83,0.85,0.85,0.86,0.75,0.84,0.86,0.75,0.84,-1.13,0.86,0.86,0.85,-1.13,0.86,0.86,0.73,-1.01,0.85,0.85,0.86,0.86,0.86,0.86,0.86,0.86,0.86,0.86,0.85,0.86,0.86,0.86,-1.12,0.86,0.86,0.84,0.86,-1.13,0.86,-1.03,0.86,0.86,0.86,0.86,0.86,0.86,0.86,0.86,0.86,0.86,0.86,0.86,0.86,0.86,0.85,0.86,0.86,0.85,0.86,0.86,0.86,0.86,0.86,0.86,-1.04,0.86,0.83,0.86,0.86,0.86,0.86,0.86,0.86,0.83,0.86,-1.21,0.86,0.86,0.86,-1.12,-1.0,0.86,0.86,0.86,0.86,0.83,0.84,0.85,0.86,0.78,0.86,-1.13,0.86,0.86,-1.12,0.86,0.86,0.86,0.86,0.86,0.86,0.85,0.85,0.86,0.86,0.86,0.86,0.86,0.86,0.86,0.86,0.86,0.84,0.86,0.86,0.86,0.86,0.83,0.86,0.86,0.86,0.85,0.85,0.86,0.86,0.71,0.86,0.86,0.86,-1.02,0.85,0.86,0.86,0.85,0.84,0.85,0.69,0.86,0.86,0.86,0.84,0.86,0.85,0.86,0.86,0.84,0.86,0.86,0.85,0.86,0.86,0.84,0.86,0.86,0.86,0.86,0.86,-1.08,0.85,0.86,0.86,0.86,-1.12,0.86,0.86,0.83,0.86,0.83,0.82,0.85,-1.05,0.8,0.86,0.86,0.86,0.86,0.86,0.84,-1.12,0.86,0.86,0.86,0.86,0.85,0.85,0.85,0.86,0.83,0.86,0.86,0.85,0.86,0.86,-1.12,0.86,0.86,0.86,0.86,0.86,0.86,-1.07,-1.01,0.86,0.86,0.85,0.86,0.86,-1.03,0.86,0.86,0.82,0.82,0.86,0.86,0.86,0.8,0.86,0.86,0.86,0.85,-1.03,0.86,0.86,0.86,0.85,0.86,0.86,0.86,0.86,0.86,0.84,0.86,0.86,0.86,0.86,0.86,0.86,0.86,0.86,0.86,0.86,0.86,0.86,0.86,0.86,0.86,0.86,-1.14,0.86,0.86,0.86,0.86,0.83,0.86,0.86,0.86,-1.06,0.72,0.71,0.86,0.86,0.86,0.86,0.85,0.86,-1.06,0.74,0.86,0.81,0.86,0.86,0.86,0.86,0.86,0.86,0.86,0.84,0.86,0.86,0.86,0.86,0.86,0.86,0.86,0.78,0.86,0.86,-1.03,0.86,0.86,0.86,0.85,0.86,0.85,0.86,0.86,0.86,0.86,0.86,-1.05,0.85,0.86,0.86,0.86,0.86,0.86,0.85,0.86,0.85,0.86,0.86,0.86,0.86,0.84,0.84,0.77,-1.02,0.85,0.86,0.86,0.86,0.86,0.86,0.73,0.86,0.86,0.86,0.86,0.86,0.86,0.86,0.74,0.86,0.86,0.77,0.86,0.86,0.86,0.86,-1.02,0.85,0.86,0.85,0.86,0.86,0.86,0.84,0.86,0.84,-1.15,0.85,0.72,0.86,0.86,0.76,0.76,0.82,0.86,0.86,-1.13,0.86,0.86,0.85,0.86,0.83,0.86,0.86,0.86,0.86,0.86,0.86,0.86,0.84,0.86,0.84,0.86,0.86,0.86,0.82,0.86,0.86,0.86,0.86,0.86,0.86,0.86,0.86,0.86,0.86,-1.01,0.84,0.86,0.81,0.86,0.86,-1.01,0.84,0.85,0.86,0.86,-1.06,0.86,0.86,0.77,0.86,-1.04,0.86,0.86,-1.1,0.85,0.85,0.86,0.86,0.86,0.84,0.85,0.86,0.86,0.85,0.86,0.86,0.86,0.86,0.86,0.77,0.86,0.86,-1.02,0.86,0.86,0.86,0.86,0.86,0.86,0.86,0.85,0.84,0.86,0.86,0.8,0.86,0.86,0.86,0.86,0.84,0.85,0.86,-1.02,0.86,0.86,0.86,0.86,0.86,0.86,0.85,0.86,0.86,0.86,0.86,-1.15,0.86,0.86,0.86,0.86,0.86,0.86,0.85,0.86,0.86,0.83,0.86,0.86,0.86,0.86,0.86,0.86,0.86,0.74,0.73,0.85,-1.13,0.86,0.86,0.86,0.86,0.67,0.86,0.86,0.86,0.86,0.86,0.86,0.86,0.86,0.86,0.86,0.86,-1.09,0.86,0.86,0.86,0.86,0.86,0.86,0.86,0.84,-1.02,0.86,0.86,0.86,0.8,0.86,0.84,0.86,-1.13,0.86,0.86,0.86,0.86,0.86,0.84,0.84,-1.04,-1.02,0.86,0.86,0.86,0.84,0.85,0.86,0.86,0.86,0.86,0.86,0.86,0.86,0.86,0.86,0.86,0.85,0.86,-1.03,0.86,0.86,-1.13,0.86,0.86,0.86,0.86,0.86,0.86,0.86,0.86,0.86,0.86,0.86,0.81,0.86,0.86,0.86,0.86,-1.02,0.85,0.84,0.86,0.86,0.84,0.86,0.86,0.86,0.86,0.86,0.86,0.84,0.86,0.86,0.86,0.86,0.85,0.86,0.86,0.86,0.86,0.86,0.86,0.84,0.86,0.86,0.86,0.79,0.86,0.84,0.86,0.86,0.86,0.86,0.85,0.86,-1.01,0.85,0.86,0.61,0.86,0.86,0.8,0.84,0.86,0.86,0.86,0.86,0.86,0.86,0.84,0.86,0.86,0.86,0.86,0.86,0.86,0.86,0.85,0.86,0.86,0.86,0.86,0.84,0.86,0.86,0.85,0.86,0.86,0.86,0.86,0.86,0.86,0.72,0.86,0.86,0.83,0.86,0.86,0.86,0.85,0.86,0.86,0.86,0.86,0.79,0.86,0.82,0.86,0.86,0.86,0.85,0.86,0.86,0.86,0.86,0.86,-1.04,0.85,0.86,0.86,0.86,0.85,0.86,0.86,-1.07,0.85,0.85,0.86,0.81,0.86,0.86,0.86,-1.12,0.86,0.86,0.86,0.85,0.86,0.84,0.86,0.85,0.86,0.86,0.86,0.86,0.86,0.86,0.86,0.86,0.83,0.86,0.86,0.85,0.85,0.86,0.86,0.86,0.86,0.84,0.86,0.72,0.86,0.86,0.86,0.85,0.86,0.85,0.86,0.85,0.86,0.86,0.86,0.86,0.86,0.86,0.86,0.86,0.86,0.86,0.86,0.85,0.84,0.86,0.86,0.86,0.86,0.86,0.86,0.86,0.86,0.86,0.86,0.86,0.86,0.86,0.86,0.86,0.86,0.86,0.86,0.85,0.86,0.86,0.86,0.86,0.86,0.86,-1.03,0.86,0.86,0.86,0.86,0.86,0.86,0.86,0.85,0.86,0.86,0.86,0.86,0.85,0.86,0.86,0.86,0.86,0.86,0.86,0.85,0.86,0.85,0.86,0.85,0.86,0.86,0.86,0.86,0.86,0.86,0.86,0.85,0.86,0.86,0.86,0.86,0.83,0.86,0.86,0.86,0.85,0.85,0.86,0.86,0.86,0.86,0.86,0.86,0.86,0.84,0.86,0.86,0.86,0.86,0.86,0.86,0.84,0.86,0.86,0.86,0.74,0.86,0.86,0.86,0.86,0.86,0.85,0.86,0.85,0.86,0.85,0.86,0.86,0.86,0.86,0.84,0.86,0.86,0.86,0.86,0.86,0.86,0.86,0.71,0.86,0.86,0.86,0.84,0.86,0.86,0.85,0.86,0.86,0.86,0.86,0.83,0.86,0.86,0.84,0.86,0.86,0.86,0.86,0.86,0.86,0.86,0.86,0.86,0.86,0.86,0.86,0.86,0.86,0.85,0.86,0.86,0.86,-1.13,0.86,0.85,0.86,0.86,0.86,0.86,0.86,0.86,0.86,0.86,0.86,0.79,0.86,0.86,0.86,0.85,0.86,0.86,0.86,0.86,0.86,0.86,0.86,0.86,0.86,0.86,0.86,0.86,0.86,0.86,0.8,0.85,0.86,0.86,0.86,0.86,0.86,0.86,0.86,0.86,0.86,0.86,-1.02,0.85,0.85,0.85,0.86,0.86,-1.05,0.86,0.84,0.84,0.86,0.86,0.86,0.86,0.86,0.86,0.86,0.85,0.85,0.86,0.86,0.71,0.86,0.86,0.86,0.86,-1.08,0.86,0.86,0.86,0.86,0.86,0.86,0.85,0.83,0.83,0.86,0.86,0.86,0.86,0.85,-1.07,0.85,0.86,0.86,0.85,0.84,0.86,0.85,0.86,0.86,0.86,0.86,0.86,0.86,0.86,0.85,0.86,0.76,0.86,0.86,0.84,-1.12,0.82,0.74,0.85,0.85,-1.04,0.86,0.86,0.85,0.86,0.86,0.86,0.86,0.86,0.86,-1.13,0.86,0.86,0.72,0.84,0.86,0.86,0.86,0.86,0.82,0.74,0.77,0.86,0.86,-1.18,0.86,0.86,0.84,0.85,0.85,0.85,-1.07,0.85,0.84,0.85,0.85,0.86,-1.07,0.85,0.85,0.75,0.84,0.86,0.86,0.86,0.85,0.84,0.86,0.86,0.86,0.86,0.85,0.85,0.85,0.86,0.86,0.86,-1.01,0.86,0.86,0.86,0.85,0.85,0.86,0.84,-1.02,0.84,0.86,0.86,0.86,0.86,0.86,0.86,0.82,0.86,0.85,0.86,0.86,0.86,0.86,0.86,0.86,0.86,0.85,0.85,0.86,0.86,0.86,-1.08,0.86,0.86,0.86,0.86,0.86,0.86,0.85,0.86,0.86,0.7,0.86,-1.0,0.86,0.86,0.86,0.86,0.86,0.86,0.86,0.86,0.72,0.86,0.86,0.85,0.86,0.86,0.86,0.86,0.83,0.86,0.86,0.86,0.86,0.86,0.86,0.86,0.86,0.84,0.86,0.78,0.86,-1.0,0.86,0.86,0.86,0.71,0.86,0.86,0.85,0.8,0.86,0.86,0.86,0.85,0.86,-1.04,0.86,0.85,0.86,0.86,0.86,0.77,-1.0,0.86,0.86,0.86,0.85,-1.09,0.85,0.86,0.86,0.71,0.86,0.86,0.86,0.86,0.86,0.84,0.86,-1.05,0.86,0.86,-1.02,0.86,0.85,0.86,0.86,0.85,0.86,0.86,0.84,0.86,0.86,0.86,-1.08,0.86,0.86,0.86,0.69,0.86,0.86,0.8,0.86,0.86,0.86,0.86,0.86,0.85,-1.0,0.86,0.86,0.72,0.86,0.86,0.84,0.86,0.86,0.86,0.86,0.83,0.85,0.85,0.86,0.85,0.86,0.86,-1.26,0.67,0.86,0.86,0.86,0.85,-1.04,0.85,0.72,0.86,0.86,0.86,0.86,0.86,-1.02,0.86,0.86,0.85,0.86,0.86,0.85,0.85,0.86,0.86,0.85,0.85,0.86,0.86,0.86,0.86,0.86,0.86,0.86,0.86,0.86,0.86,0.86,-1.02,0.86,0.86,0.71,0.84,0.86,0.86,0.86,0.86,0.86,0.86,0.86,0.71,0.86,0.86,0.86,0.69,0.73,0.86,0.86,0.73,0.85,0.86,0.86,0.86,0.86,0.86,0.82,0.86,0.86,0.85,0.86,0.86,0.86,0.86,0.86,0.86,0.85,-1.05,0.85,0.86,0.85,0.86,0.86,0.86,0.86,0.86,0.86,-1.1,0.85,0.84,-1.12,0.86,0.86,0.86,0.86,0.86,0.86,0.86,0.85,0.86,0.86,0.75,0.86,0.85,-1.12,0.86,0.86,0.85,0.86,0.85,0.86,0.86,0.86,0.86,0.86,0.86,0.86,0.84,0.85,0.86,0.79,0.86,0.86,0.86,-1.01,0.85,0.86,0.86,0.86,0.86,-1.06,0.85,0.86,0.86,0.86,0.84,0.78,0.86,0.84,0.86,0.86,-1.03,0.86,0.75,0.86,0.86,0.86,0.86,0.86,0.86,0.86,-1.06,0.86,0.86,0.86,-1.02,0.85,0.86,-1.14,0.85,-1.1,-1.02,0.86,0.85,0.86,0.86,0.86,0.86,0.84,0.86,0.85,0.8,0.86,0.84,0.86,-1.1,0.83,0.83,0.84,0.86,0.86,0.86,0.86,-1.14,-1.1,0.85,-1.12,0.82,0.86,0.86,0.85,0.86,0.78,-1.07,0.85,0.86,0.86,0.83,0.86,0.84,0.86,0.85,0.85,0.84,0.86,0.86,0.86,0.86,-1.1,0.85,0.86,0.86,0.86,0.84,0.86,0.86,0.86,0.86,-1.14,0.83,0.86,0.86,0.86,0.86,0.83,0.85,0.86,0.86,0.86,0.75,0.86,0.74,0.86,0.86,0.86,0.86,0.86,0.86,-1.09,0.86,0.86,0.86,0.86,0.86,0.86,0.86,-1.02,0.84,0.86,0.85,0.86,-1.11,-1.01,0.86,0.86,0.85,0.86,0.84,0.86,0.86,0.85,0.86,0.86,0.86,0.86,0.83,0.86,0.86,0.86,0.86,0.86,0.86,0.86,0.86,0.86,0.86,0.86,0.86,0.84,0.86,0.86,0.86,0.86,0.86,0.86,0.86,0.86,0.86,0.86,0.86,0.81,0.86,0.86,0.86,0.86,0.86,0.85,0.86,0.85,0.86,0.86,0.86,0.86,0.86,0.86,0.86,0.86,0.86,0.86,0.84,0.86,0.86,0.86,0.86,0.86,0.86,0.85,0.85,0.85,0.86,0.81,0.86,0.85,0.86,0.86,0.86,0.76,0.86,0.86,0.86,0.86,0.86,-1.07,0.86,0.86,0.86,0.86,0.86,0.86,0.86,0.86,0.86,0.86,0.86,0.79,0.86,0.86,0.84,0.86,0.86,0.86,0.86,0.86,0.86,0.85,0.85,0.85,0.85,0.86,0.86,0.86,0.86,0.86,0.86,0.86,-1.1,0.85,0.86,0.86,0.86,0.86,0.86,0.86,0.78,0.86,0.86,-1.08,0.85,0.86,0.86,0.84,0.84,0.86,0.86,0.86,0.84,0.7,0.85,0.85,0.86,0.85,0.86,0.86,0.86,0.86,0.86,0.86,0.86,0.86,0.86,0.86,0.84,0.85,0.86,-1.06,0.85,0.86,-1.12,0.86,0.86,0.86,0.86,0.84,0.86,0.86,0.84,0.86,0.86,0.77,0.86,0.86,0.86,0.86,0.86,0.86,0.86,-1.01,0.84,0.86,0.86,0.86,0.86,-1.02,0.85,0.86,0.84,0.85,0.86,0.86,0.84,0.86,0.86,0.86,0.86,0.86,0.86,0.84,0.86,0.84,0.86,0.86,0.86,0.86,0.86,0.84,0.86,0.79,0.86,0.86,0.86,0.84,0.86,0.86,0.86,0.86,0.86,0.86,0.86,0.86,0.86,0.86,0.81,0.84,0.86,0.86,0.86,-1.05,0.86,0.86,0.86,0.86,0.86,0.86,0.86,-1.01,-1.08,-1.08,0.86,0.86,0.86,0.85,0.86,0.86,0.85,0.85,0.86,0.86,0.86,0.86,0.86,0.86,0.86,0.86,0.86,0.85,0.86,0.86,0.86,0.84,0.85,0.86,0.86,0.86,0.86,0.85,0.86,0.82,0.86,0.86,0.86,0.86,0.86,0.86,0.86,0.86,0.86,0.84,0.86,0.86,0.86,0.86,0.86,0.86,0.86,0.86,0.86,0.86,0.86,0.85,-1.03,0.86,0.86,0.86,0.86,0.85,0.86,0.85,0.79,0.86,0.85,0.84,0.86,0.86,-1.07,0.86,0.86,0.86,0.83,0.86,0.86,0.86,0.86,0.86,0.86,0.86,0.85,-1.13,0.86,0.86,0.86,0.86,0.86,0.86,0.86,0.86,0.86,0.86,0.86,0.85,0.85,0.85,0.86,0.86,0.86,0.86,0.86,0.86,0.86,0.84,0.86,0.84,0.73,0.85,0.86,0.86,0.86,0.82,0.86,0.86,0.86,0.86,0.84,0.86,0.86,0.86,0.83,0.86,0.86,0.86,0.86,0.86,0.85,0.86,0.86,0.83,0.86,0.86,-1.04,0.86,0.86,0.86,0.86,0.86,0.84,0.86,0.79,0.85,0.86,0.86,0.86,0.86,0.86,0.83,0.86,0.82,0.86,0.86,0.86,0.86,0.86,0.86,0.71,0.86,0.68,0.86,-1.03,0.86,0.84,0.86,0.84,0.86,0.86,0.84,0.86,0.86,0.85,0.86,0.86,0.86,0.85,0.86,0.86,0.81,0.85,0.86,0.86,0.83,0.86,0.86,0.86,0.86,0.86,0.86,0.85,0.86,0.86,0.86,0.86,0.85,0.86,0.86,0.86,0.86,0.85,0.86,0.86,-1.13,0.84,-1.06,0.86,-1.02,0.86,0.85,0.86,0.86,0.86,0.86,0.86,0.86,0.83,0.86,0.86,0.86,0.86,0.86,0.86,0.86,-1.13,0.8,-1.03,0.84,0.86,0.86,0.86,0.81,0.86,0.86,0.86,0.86,0.86,0.86,0.86,0.86,0.86,-1.13,-1.15,0.86,0.86,0.86,0.85,0.7,0.86,0.86,0.86,0.86,0.86,0.86,0.86,0.86,0.85,0.85,0.86,0.86,0.86,0.78,0.86,0.86,0.86,0.86,0.86,0.85,0.86,0.86,0.86,0.86,0.86,0.86,0.86,0.7,0.86,0.8,0.84,0.86,0.86,0.86,0.86,0.86,0.85,0.86,0.86,0.86,0.86,0.86,0.86,-1.15,-1.05,0.85,0.85,0.85,0.85,0.86,0.86,0.86,0.86,0.86,0.86,0.86,-1.01,0.86,0.8,0.86,0.86,-1.14,0.84,0.86,0.86,0.84,0.86,0.86,0.86,0.86,0.86,0.86,0.84,0.86,0.86,0.86,0.71,0.86,0.86,0.86,0.86,0.86,0.86,0.86,0.69,0.86,0.86,0.85,0.86,0.86,0.86,0.86,0.86,0.86,0.85,0.86,0.74,0.85
-1.01,-1.04,-1.02,-1.07,0.81,0.83,0.83,-1.08,-1.13,-1.19,-1.21,0.78,-1.18,0.84,0.8,0.81,-1.05,0.61,0.79,-1.12,-1.17,0.81,0.8,0.86,0.78,-1.07,-1.08,0.83,0.81,0.77,-1.08,0.86,0.77,0.83,0.79,0.86,0.86,0.75,-1.06,0.82,0.84,0.76,0.86,-1.04,0.83,0.83,0.82,0.86,0.86,0.86,0.84,0.86,0.84,0.78,0.86,0.86,0.86,-1.12,0.86,0.86,0.86,0.86,0.86,0.86,0.85,0.86,0.84,0.86,0.84,0.86,0.86,0.86,0.86,0.86,0.8,0.85,0.86,0.86,0.86,0.86,-1.09,0.84,0.76,-1.12,-1.12,0.86,0.86,0.86,0.86,0.86,0.86,-1.13,0.86,0.86,0.85,0.85,0.85,0.85,0.86,0.86,0.86,0.86,0.85,-1.12,0.86,0.86,0.86,-1.08,0.86,0.86,0.86,0.86,0.86,0.86,0.84,0.86,0.86,0.86,0.85,-1.02,0.86,0.86,0.86,0.86,0.86,0.85,0.86,0.85,0.86,0.84,0.86,0.86,0.86,0.86,0.86,0.83,0.86,0.86,0.86,-1.01,0.86,-1.1,0.85,-1.05,0.86,0.86,0.86,0.86,0.86,0.86,0.86,0.86,0.86,-1.23,0.86,0.86,0.86,0.83,0.86,0.86,0.86,0.86,0.86,0.86,0.86,0.86,0.86,0.86,0.86,0.86,0.86,0.86,0.86,0.86,0.86,0.86,0.86,0.84,0.86,0.86,0.86,0.75,0.86,0.86,0.86,0.86,0.86,0.86,0.86,0.86,0.86,0.86,0.86,0.85,0.86,0.86,0.86,0.86,0.86,0.86,0.86,0.86,0.86,0.86,0.76,0.86,0.86,0.86,0.85,0.86,0.86,0.86,0.86,0.86,0.86,0.86,0.85,0.86,0.86,0.86,0.82,0.86,-1.03,0.86,0.86,0.86,0.86,0.85,0.84,0.86,0.74,0.69,0.86,0.86,0.85,0.86,0.86,0.84,0.86,0.86,0.86,-1.01,0.86,0.86,0.86,0.86,0.84,0.85,0.86,0.84,0.86,0.86,0.86,0.86,0.86,0.86,0.85,0.86,0.86,-1.12,-1.0,-1.0,-1.03,0.86,0.86,0.74,0.86,-1.14,0.86,0.86,0.86,0.84,0.85,0.85,0.86,0.86,0.85,0.86,0.86,0.86,0.83,0.85,0.86,0.85,0.86,0.86,0.86,0.86,0.84,0.84,-1.05,-1.06,0.85,0.86,0.85,0.85,0.86,0.86,0.86,0.85,0.86,-1.01,0.86,0.86,0.83,0.86,0.86,0.85,0.86,0.85,0.86,0.86,0.85,0.85,0.86,0.86,0.86,0.86,0.86,0.86,0.86,0.86,0.86,0.86,0.86,0.86,-1.02,-1.13,0.86,-1.04,0.86,0.86,0.86,-1.13,0.86,0.85,0.86,0.86,0.61,0.86,0.86,0.86,0.84,0.86,0.86,0.86,0.86,0.86,0.78,0.86,0.85,0.86,0.85,0.86,0.86,0.85,0.84,0.86,0.86,0.85,0.86,0.78,0.86,0.86,0.86,0.86,0.84,0.86,0.86,0.86,0.86,0.86,0.86,0.85,0.86,0.86,0.86,0.86,0.86,0.84,-1.1,0.85,0.86,-1.03,0.86,0.86,0.86,0.86,0.86,0.86,0.86,0.86,0.86,0.86,0.86,0.74,0.86,0.72,0.86,0.86,0.86,0.86,0.86,0.86,-1.0,0.86,0.86,0.86,0.85,0.86,0.86,0.86,0.86,0.86,-1.1,0.86,0.86,0.86,0.86,0.86,0.86,0.85,0.85,0.86,-1.01,0.86,0.86,0.86,0.86,0.86,0.85,0.84,0.86,0.72,0.86,0.86,0.86,0.86,0.86,0.78,0.86,0.86,0.86,0.86,0.86,-1.05,0.86,0.86,0.86,0.86,0.86,0.86,0.86,0.86,-1.15,0.86,0.86,0.86,0.86,0.84,0.85,0.86,0.86,0.86,0.86,0.86,0.86,0.86,0.86,0.86,0.86,0.86,0.86,0.86,0.86,0.85,0.85,0.86,0.71,0.86,0.86,-1.04,0.85,0.86,0.86,0.86,0.85,0.86,-1.02,0.86,0.86,0.86,0.86,0.86,0.86,0.86,0.86,-1.12,0.85,0.86,0.85,0.86,0.86,0.86,0.86,0.86,0.86,0.86,0.86,0.86,0.86,0.86,0.86,0.83,0.86,0.85,0.86,0.85,0.86,0.86,0.76,0.86,0.86,0.86,0.86,0.86,0.86,0.86,0.86,0.86,0.86,0.86,0.86,0.84,0.86,-1.14,-1.01,0.86,0.86,0.86,0.86,0.86,0.86,0.86,0.86,0.86,0.86,0.86,0.76,0.86,0.86,0.86,0.86,0.86,-1.0,0.86,0.85,0.86,0.86,0.86,0.86,0.86,0.86,0.86,0.84,0.86,0.86,0.86,0.86,0.86,0.86,0.84,0.85,0.86,0.86,0.84,-1.13,0.86,0.86,0.84,0.86,0.86,0.86,0.8,0.86,0.86,0.86,0.86,0.86,0.86,0.86,-1.04,0.84,0.86,0.86,0.84,0.84,0.86,0.85,0.86,0.86,0.85,-1.02,0.84,0.86,0.86,-1.09,0.86,0.86,0.86,0.86,-1.03,0.86,-1.08,0.86,0.86,0.84,0.85,0.86,0.86,0.86,0.86,0.82,0.86,0.86,0.86,0.86,0.71,0.86,0.84,0.86,0.86,0.85,0.86,0.83,0.86,0.86,0.86,0.86,-1.06,0.86,0.86,0.86,0.71,0.86,0.86,0.86,0.86,0.86,0.86,0.86,0.86,0.86,0.86,0.86,0.86,0.83,0.86,0.86,0.86,0.73,0.86,0.81,-1.06,0.85,0.72,0.86,0.86,-1.14,0.85,-1.02,0.86,0.86,0.74,0.8,-1.07,0.85,0.86,0.86,0.86,0.86,0.86,0.86,0.86,0.86,0.83,0.85,0.86,0.86,0.86,0.86,0.86,0.86,0.85,0.86,0.86,0.86,0.84,0.86,0.81,0.86,0.86,0.86,0.84,0.73,0.86,0.86,0.86,0.86,0.84,0.86,0.86,0.86,0.86,0.86,0.84,0.86,0.86,0.86,0.86,0.86,0.86,-1.12,0.86,0.86,0.86,0.86,0.86,0.86,0.86,0.86,0.86,0.85,0.86,0.86,0.86,0.86,0.85,0.84,0.86,0.86,0.71,0.84,0.86,0.86,0.86,0.77,0.85,0.86,0.86,0.86,-1.04,0.86,0.86,0.84,0.86,0.86,0.86,0.86,0.86,0.86,0.85,0.86,0.86,0.86,0.86,-1.04,-1.22,0.83,0.81,0.86,0.86,0.86,0.86,0.86,0.86,-1.05,0.86,0.84,0.85,0.86,0.86,0.86,0.86,0.86,0.86,0.86,0.86,0.85,0.86,0.85,0.86,0.86,0.74,0.86,0.85,0.86,0.72,0.86,0.86,0.86,0.86,0.84,0.83,0.86,0.73,0.86,0.71,0.86,0.86,0.86,-1.04,0.85,-1.14,0.86,0.85,0.86,0.86,0.86,-1.07,0.86,0.84,0.86,0.86,0.86,0.86,0.85,0.85,0.86,0.86,0.86,0.86,0.86,0.86,0.85,0.85,0.86,0.86,0.86,0.86,0.81,0.86,0.86,0.83,0.86,0.83,0.86,0.86,0.83,0.86,0.74,0.81,-1.23,0.84,0.86,0.86,0.86,-1.03,0.85,0.86,0.86,0.86,0.84,0.86,0.86,0.86,0.84,0.86,0.86,0.86,0.86,0.86,0.86,0.85,0.86,0.86,0.86,0.86,0.86,0.86,0.86,0.85,0.86,0.86,0.86,0.86,0.86,0.85,0.86,0.85,0.85,0.86,0.75,0.85,0.86,-1.14,0.86,0.86,0.86,0.86,0.86,-1.13,-1.05,0.84,0.73,0.86,0.86,0.86,0.86,0.86,0.72,0.86,0.86,0.86,0.85,0.86,0.86,0.86,0.86,0.84,0.83,0.86,0.86,0.85,0.84,0.86,0.86,0.85,0.86,0.86,0.84,0.86,0.85,-1.05,0.86,0.85,0.86,0.86,0.86,0.85,0.86,0.85,0.86,0.86,0.86,0.86,0.86,0.86,-1.04,0.85,0.84,0.86,0.83,0.86,0.86,0.86,0.86,0.86,0.86,0.85,0.84,0.86,0.85,0.86,0.86,0.86,0.86,0.71,0.86,0.86,0.85,0.73,0.86,0.86,0.74,0.86,0.86,0.75,0.86,0.85,0.86,0.86,0.86,0.86,0.86,-1.12,0.86,0.86,0.85,0.86,0.86,0.86,0.86,-1.13,0.86,-1.07,0.86,0.86,0.84,0.86,0.83,0.86,0.86,0.86,0.86,0.86,0.86,0.85,0.86,0.86,0.86,0.83,0.86,0.86,0.86,0.86,0.86,0.86,0.84,0.86,0.86,0.86,0.86,0.71,0.82,0.85,0.85,0.86,0.86,0.84,0.81,0.86,0.85,0.86,0.86,0.86,0.86,0.86,0.86,0.86,0.86,0.86,0.85,-1.15,0.86,0.86,-1.06,0.84,0.86,0.81,0.86,0.86,0.86,0.86,0.86,0.86,0.84,0.86,0.86,0.86,0.86,0.85,0.86,0.77,0.86,0.86,0.86,0.86,0.86,-1.13,0.86,0.86,0.86,0.86,0.86,0.86,0.86,0.86,0.81,0.86,0.86,0.86,0.86,-1.06,0.86,0.85,0.84,0.86,0.86,0.86,0.84,0.86,0.86,-1.25,0.86,0.86,0.86,0.86,0.86,0.85,0.86,0.84,0.86,0.86,0.86,0.85,-1.02,0.86,0.84,0.73,0.86,0.86,0.86,0.84,0.85,0.83,0.86,0.85,0.86,0.86,0.85,0.85,0.86,0.86,0.86,0.85,-1.06,0.86,0.85,0.82,0.86,0.86,0.86,0.86,0.86,-1.02,0.86,0.86,0.86,0.71,0.86,0.86,0.86,0.86,0.86,0.86,0.86,0.86,0.86,0.86,0.86,0.86,0.86,0.86,-1.02,0.86,0.85,0.86,0.86,0.86,0.86,0.86,-1.05,-1.02,0.86,0.86,0.86,0.86,0.86,0.81,0.86,0.86,-1.05,0.86,0.86,0.86,0.86,0.85,-1.07,0.86,0.83,0.85,0.86,0.86,0.86,0.86,0.86,0.86,0.86,0.72,0.85,0.86,0.86,0.86,0.84,0.86,0.86,0.84,0.78,-1.05,0.86,0.86,-1.13,0.86,0.86,0.86,0.85,0.86,0.86,0.85,0.86,0.82,0.86,0.86,0.86,0.86,0.86,0.86,0.86,0.86,0.86,0.75,0.73,0.86,0.86,0.86,0.86,0.86,0.85,0.86,0.85,0.86,0.86,0.86,0.85,-1.11,0.86,0.86,0.86,0.86,0.86,0.86,0.86,0.86,0.85,0.86,0.86,0.86,0.85,0.85,0.86,0.85,0.86,0.86,0.86,0.82,0.86,0.86,0.85,0.86,0.84,0.86,0.86,0.86,0.84,-1.01,0.72,0.86,-1.14,0.85,0.86,0.86,0.84,0.86,0.86,0.86,0.86,0.86,0.86,0.86,0.86,0.84,0.83,0.86,0.86,0.86,0.86,0.86,0.86,0.86,0.84,0.86,0.86,-1.01,0.84,0.86,0.86,0.86,0.85,0.86,0.86,0.86,0.86,-1.07,0.86,0.85,0.82,0.84,0.86,0.86,0.86,-1.1,0.86,0.86,0.86,0.86,0.86,0.86,-1.06,0.86,0.86,0.86,0.86,0.85,0.86,0.86,0.86,0.86,0.86,0.86,0.86,0.86,0.84,0.86,0.86,0.86,0.86,0.86,0.86,0.86,0.86,0.86,0.85,0.86,0.86,0.72,0.86,0.85,0.84,0.86,0.85,0.86,0.86,0.86,0.86,0.86,0.86,0.86,0.86,0.86,0.86,0.85,0.85,0.85,0.86,0.86,-1.0,0.86,0.86,0.81,-1.03,0.86,0.81,0.86,0.86,0.84,0.85,0.86,0.84,0.86,0.85,0.86,-1.06,0.85,0.86,0.86,0.85,0.86,0.73,0.86,0.83,0.86,-1.11,0.84,0.84,0.86,0.84,0.86,0.85,0.85,0.86,0.85,0.85,0.86,0.86,0.86,0.85,0.86,0.86,0.86,0.85,0.86,0.86,0.86,0.86,0.86,0.86,0.86,0.86,0.85,0.85,0.86,0.85,0.85,-1.06,0.86,0.85,0.83,0.86,0.86,0.84,0.85,0.73,0.84,0.85,0.86,0.84,0.86,0.86,0.86,0.86,0.86,0.86,0.82,0.86,0.86,0.86,0.86,0.85,-1.13,0.86,0.85,0.86,0.86,0.84,0.86,0.86,0.86,0.85,0.85,0.85,0.86,0.86,0.86,0.86,0.86,-1.01,0.85,0.86,0.86,0.86,0.86,0.86,0.86,0.84,0.86,0.86,0.86,0.86,0.86,0.86,-1.0,0.86,-1.16,0.86,0.84,0.86,0.8,0.86,0.86,0.86,0.86,0.86,0.85,0.86,0.86,0.86,0.86,0.86,0.86,0.85,0.86,0.86,0.86,0.86,0.86,0.86,0.86,0.83,0.86,-1.06,-1.03,-1.03,0.86,0.86,0.72,0.84,0.84,0.86,-1.15,0.86,0.84,0.86,0.86,-1.01,-1.28,0.84,0.86,0.84,0.85,0.86,0.86,0.85,0.86,0.85,0.84,0.86,0.86,0.86,0.86,0.86,0.86,0.86,0.84,0.86,0.86,0.86,0.85,0.86,0.85,0.86,0.86,0.86,0.86,-1.19,0.86,0.86,0.85,0.86,-1.13,0.86,0.86,0.71,-1.05,0.86,0.86,0.86,0.86,0.86,0.86,0.86,0.86,0.85,0.84,0.86,0.86,0.86,0.86,0.86,0.86,0.86,0.84,0.86,0.86,0.85,0.84,0.86,-1.08,0.86,0.85,0.86,0.86,0.86,0.86,0.86,0.86,-1.05,0.85,0.86,0.84,0.86,0.86,0.86,0.75,0.84,0.86,-1.07,0.86,0.82,0.86,0.86,0.86,-1.03,0.86,0.86,0.85,-1.0,0.85,0.86,-1.13,0.86,0.86,0.86,0.86,0.86,0.86,0.86,0.86,0.84,0.86,0.86,0.86,0.86,0.86,0.86,0.86,0.86,0.86,0.86,0.83,0.86,0.86,0.86,0.86,0.86,0.84,0.84,0.86,0.86,0.86,0.85,-1.13,0.84,0.86,0.86,0.86,0.86,0.86,0.86,0.85,0.86,-1.02,0.86,0.86,0.86,0.84,0.86,0.84,0.84,-1.01,0.86,0.86,0.86,0.86,0.86,-1.12,0.86,0.86,0.86,0.86,0.84,0.86,0.86,0.86,0.86,0.85,0.86,0.86,0.86,0.86,0.86,0.86,0.86,0.81,-1.12,0.85,0.86,0.86,0.86,0.86,0.86,0.81,0.86,0.86,0.86,-1.09,0.86,0.85,0.86,0.86,0.86,0.86,0.86,0.83,0.86,0.86,0.86,0.86,0.86,0.86,0.86,0.86,0.86,0.86,0.86,0.86,0.83,0.84,0.85,0.86,0.85,0.76,0.83,-1.06,0.86,0.86,0.86,0.86,0.86,0.86,0.86,0.86,0.86,0.81,0.86,0.86,0.86,0.86,0.86,0.85,0.86,0.84,0.86,0.86,0.86,0.85,0.86,0.86,0.86,0.86,-1.14,0.82,0.86,0.86,-1.08,0.85,0.86,-1.0,0.79,0.86,0.86,0.74,0.86,0.86,0.86,0.86,0.84,0.85,0.86,0.86,-1.08,0.84,0.86,0.86,0.86,0.86,0.86,0.86,0.86,0.86,0.86,0.86,0.86,0.86,0.86,0.86,0.86,0.86,0.85,0.86,0.86,0.86,0.86,0.86,-1.08,0.86,0.86,0.86,0.77,0.86,0.86,0.86,0.86,0.86,0.86,0.86,0.86,0.85,0.86,0.86,0.86,0.86,0.86,0.86,0.85,0.86,-1.06,0.86,0.86,0.84,0.86,0.86,0.86,0.86,0.86,0.86,0.86,-1.14,0.85,0.86,0.86,0.86,0.86,0.86,0.86,0.86,0.86,0.84,0.86,0.75,0.86,0.86,-1.01,0.84,0.86,0.86,0.86,0.86,0.86,0.85,0.86,0.86,0.86,0.86,0.86,0.86,0.86,0.86,0.84,0.86,0.86,0.86,0.86,0.86,0.86,-1.12,0.86,0.86,0.86,0.85,0.86,0.86,-1.04,0.84,0.86,0.86,0.86,0.86,0.86,0.86,0.82,0.86,0.85,0.86,0.86,0.84,0.86,0.86,0.86,0.86,0.86,0.86,0.86,0.86,0.86,0.86,0.86,0.86,0.86,-1.03,0.86,0.86,0.86,0.86,0.86,0.84,0.86,0.86,0.8,0.86,0.86,0.86,0.86,0.86,0.86,0.86,0.84,0.86,0.86,0.86,0.86,0.86,0.84,0.86,0.86,0.86,-1.06,0.86,0.86,0.73,0.86,0.84,0.86,0.86,0.7,0.86,0.86,0.86,0.86,-1.03,-1.02,0.83,-1.16,0.86,0.86,0.86,0.72,-1.13,0.85,0.85,-1.0,0.86,0.82,0.85,0.76,0.77,0.71,-1.02,0.84,-1.09,0.82,0.85,0.86,0.86,0.85,0.85,0.86,0.86,0.86,0.86,0.86,0.86,0.85,0.86,0.86,0.86,0.86,0.86,0.86,0.86,-1.06,0.85,0.83,0.86,0.86,0.86,0.86,0.86,0.86,-1.12,0.84,0.77,0.86,0.86,0.84,-1.06,0.86,0.83,0.85,0.82,0.86,0.86,0.86,0.85,0.86,0.86,0.86,0.85,0.86,0.86,0.86,0.8,0.86,0.84,0.84,0.86,0.86,0.86,0.85,0.86,0.86,0.86,0.86,0.86,0.78,0.86,0.86,0.86,0.84,0.85,0.86,0.86,0.86,-1.09,0.86,0.86,0.86,0.86,0.86,0.85,0.86,0.86,0.86,-1.03,0.86,0.86,0.86,0.86,0.86,0.82,0.85,0.86,0.85,0.83,0.86,0.86,0.86,0.86,0.86,0.86,0.86,0.86,-1.03,0.84,0.84,0.85,0.86,0.86,-1.13,0.86,0.86,0.85,0.86,0.84,0.86,0.86,0.85,-1.13,-1.13,0.86,-1.02,0.82,0.85,0.84,0.86,0.86,0.77,0.86,0.86,0.86,0.86,0.84,-1.04,0.86,0.86,0.86,0.86,0.86,0.71,0.85,0.85,0.86,0.86,0.86,-1.0,0.86,0.86,0.75,0.84,0.86,0.86,0.86,0.86,0.86,0.84,0.86,-1.06,0.84,0.85,0.75,0.84,0.85,0.86,0.86,0.78,-1.03,0.86,0.82,-1.0,0.86,0.86,0.85,0.86,0.84,0.86,0.83,0.78,0.86,0.86,-1.07,0.86,0.86,0.85,-1.0,0.86,0.86,0.86,0.86,0.85,-1.05,0.82,0.85,0.86,0.86,0.86,-1.13,0.86,-1.12,0.86,0.86,0.86,0.85,0.86,0.84,0.86,0.83,0.86,0.85,0.86,0.86,0.86,0.86,0.85,0.86,0.86,-1.13,0.86,0.86,0.86,0.86,0.85,0.84,0.86,0.86,0.86,0.86,0.86,0.69,0.86,0.86,0.86,0.86,0.86,0.85,0.86,0.86,0.86,0.86,0.86,0.86,0.86,0.83,0.86,0.85,0.86,0.85,0.86,0.83,0.84,0.86,0.85,0.85,0.86,0.85,0.86,0.85,0.86,0.86,0.86,0.86,0.86,0.84,0.86,0.86,0.86,0.83,0.86,0.86,0.85,0.86,0.86,0.86,0.86,0.86,0.86,0.86,0.86,0.86,0.86,0.86,0.86,0.86,0.86,-1.0,0.86,0.86,0.86,0.86,0.84,0.86,0.86,0.86,-1.12,0.86,-1.07,0.85,0.86,0.86,0.86,0.86,0.86,0.86,0.86,0.86,0.86,0.86,0.86,0.86,0.86,0.86,0.86,0.86,0.76,0.86,0.86,0.85,0.86,0.86,0.86,0.86,0.85,-1.08,0.86,0.86,0.86,0.86,0.86,0.86,0.86,0.86,0.86,0.86,0.85,0.84,0.85,-1.04,0.86,0.83,0.85,0.84,0.86,0.86,0.86,0.86,0.86,0.86,-1.09,-1.12,0.76,0.83,-1.12,0.85,0.86,0.85,0.85,0.84,0.86,0.86,0.86,0.86,0.86,0.86,0.86,0.86,0.85,0.86,0.86,0.86,0.86,0.86,0.86,-1.12,0.86,0.86,0.86,0.7,-1.12,0.85,0.85,0.86,0.85,0.86,0.86,0.86,0.86,0.85,0.86,0.86,0.86,0.86,0.86,0.86,0.86,0.86,0.86,0.86,0.84,0.85,0.86,0.86,0.86,0.86,0.85,0.86,0.86,0.86,0.86,0.86,0.86,0.86,0.86,0.86,0.86,0.86,0.86,0.86,0.86,0.86,-1.08,0.86,0.86,0.86,0.86,0.86,0.86,0.86,0.86,0.85,0.85,0.84,0.86,0.84,0.86,0.86,0.86,0.86,0.76,0.86,0.86,0.86,0.86,0.86,0.86,0.86,0.86,0.86,0.86,0.85,0.86,0.86,0.86,0.86,0.85,-1.11,0.86,0.86,0.86,0.86,0.86,0.86,0.86,0.86,-1.0,0.7,0.85,0.76,0.84,0.86,0.86,0.86,0.85,0.86,0.86,-1.02,0.83,0.84,0.85,0.85,0.86,0.84,0.86,0.86,0.86,0.86,0.86,0.86,0.84,0.86,-1.08,0.86,-1.1,0.84,0.85,0.86,-1.0,0.86,0.86,0.86,0.86,0.86,0.86,0.86,0.86,0.86,0.86,0.86,0.86,0.86,0.86,0.84,0.86,0.86,0.86,0.86,0.86,0.86,-1.07,0.86,-1.03,0.86,0.86,-1.08,0.85,0.86,0.85,0.83,0.84,0.85,0.86,0.84,0.82,0.86,0.85,0.86,0.86,0.86,0.85,0.86,-1.01,0.85,0.86,0.86,0.86,0.84,0.86,0.86,0.86,0.86,0.86,0.83,0.86,0.75,0.86,0.86,0.84,0.86,0.86,0.86,0.86,0.86,0.86,0.85,0.86,0.86,0.86,0.86,0.86,0.83,0.7,0.86,0.84,0.86,0.86,0.86,-1.04,0.86,0.86,0.86,0.86,0.86,0.86,0.86,0.85,0.86,0.86,0.83,0.86,0.86,0.84,0.86,0.86,0.86,0.84,0.86,0.86,0.83,-1.02,0.8,0.86,0.86,0.86,-1.02,0.86,0.86,0.86,0.86,0.84,0.83,0.86,0.86,0.86,-1.07,0.85,0.84,-1.1,0.86,0.83,0.86,0.86,0.86,0.86,0.86,0.84,0.86,0.84,-1.13,0.86,0.84,0.86,-1.04,0.84,0.85,0.86,0.86,0.86,0.85,0.86,0.86,0.85,0.85,0.86,0.86,0.86,0.86,0.86,0.86,0.86,0.86,0.85,0.86,0.84,0.86,0.86,0.83,0.86,0.86,-1.03,-1.02,0.86,0.84,0.86,0.86,0.86,0.85,0.86,0.85,0.82,0.86,-1.14,0.84,-1.09,0.85,0.86,0.85,0.86,0.85,0.86,0.86,0.86,-1.02,0.73,0.86,0.86,0.86,-1.13,0.86,0.84,0.86,0.73,0.86,0.86,0.86,0.86,0.86,0.85,-1.07,0.86,0.79,0.84,0.85,0.83,0.85,0.86,0.86,0.86,0.85,0.86,-1.12,0.85,0.86,0.86,0.86,0.86,0.86,0.86,0.86,0.86,0.84,0.85,-1.03,0.8,0.85,0.86,0.86,0.86,0.86,0.86,0.86,0.86,0.86,0.86,0.86,0.86,0.86,0.86,0.84,0.86,0.86,0.86,0.86,0.85,0.86,0.86,0.86,-1.05,0.86,0.86,0.86,0.85,0.85,0.86,0.86,0.86,0.86,0.86,0.86,0.86,0.86,-1.09,0.82,0.86,0.86,0.86,0.86,0.86,0.86,0.86,0.84,-1.05,0.8,0.86,0.86,0.86,0.86,0.86,0.86,0.86,0.86,0.86,0.85,0.86,0.84,0.86,0.84,0.86,0.86,0.86,0.86,-1.03,0.86,0.86,0.86,0.79,0.86,0.72,0.68,0.86,0.86,0.86,0.86,0.86,0.86,0.85,0.86,0.86,-1.05,0.86,0.86,0.86,0.86,0.86,0.86,-1.13,0.84,0.86,0.86,0.86,0.86,0.86,0.86,0.86,0.84,0.86,-1.15,0.86,0.86,0.86,0.86,0.86,-1.03,0.85,0.86,0.86,0.86,0.84,0.86,0.86,0.86,0.86,-1.1,-1.06,0.84,-1.14,0.85,0.85,0.85,0.86,-1.04,0.85,0.86,0.86,0.86,0.83,0.86,0.86,0.86,0.85,0.84,0.86,0.86,0.86,0.86,-1.04,0.86,0.84,0.86,-1.14,0.86,0.86,0.86,0.86,0.86,0.86,-1.04,0.86,0.86,0.86,0.86,0.86,0.85,0.85,0.86,0.86,0.86,-1.11,0.86,0.85,0.85,0.86,0.86,0.86,0.85,0.85,0.86,0.85,0.85,0.86,0.86,0.86,0.86,0.73,0.86,0.86,0.86,0.86,0.86,0.86,0.85,0.86,0.86,0.86,0.86,-1.11,-1.06,0.73,0.84,0.85,0.86,0.85,0.86,0.85,-1.06,0.86,0.85,0.86,0.86,0.85,0.86,0.86,0.86,0.85,0.86,0.86,0.86,0.85,0.86,-1.02,0.85,0.86,0.86,0.86,0.86,0.85,0.86,0.86,-1.03,0.86,0.86,0.84,0.72,0.86,0.86,0.86,0.86,-1.02,0.71,0.86,-1.12,0.85,0.85,0.84,0.86,0.84,0.85,0.86,0.86,-1.09,-1.07,0.86,0.84,0.84,0.85,0.86,0.86,0.86,0.75,-1.11,0.85,0.85,0.84,0.85,0.84,0.86,0.86,0.85,0.84,0.86,0.86,0.71,0.84,0.86,-1.04,0.86,0.84,-1.12,0.85,0.86,0.86,0.86,0.86,0.86,0.86,0.86,0.86,0.86,0.86,0.86,0.86,0.86,0.82,0.84,0.86,0.86,0.85,0.86,0.86,0.86,0.84,0.86,0.86,0.86,0.86,0.84,0.86,0.86,0.86,0.86,0.86,0.86,0.86
0.82,0.85,0.85,-1.11,-1.06,-1.04,-1.06,0.86,-1.05,-1.04,-1.21,-1.03,-1.13,0.65,0.59,0.76,0.82,0.79,0.8,0.65,-1.03,-1.0,-1.09,-1.02,0.75,-1.22,0.83,-1.09,0.85,0.81,0.84,0.83,0.78,0.86,0.85,-1.14,0.86,-1.04,0.82,0.86,0.84,-1.05,0.83,0.84,0.85,-1.05,0.86,0.84,0.8,0.84,0.84,0.85,0.86,0.82,0.86,0.85,0.82,0.85,0.86,0.85,0.86,0.86,0.86,0.86,0.86,0.86,0.86,0.84,0.86,0.86,0.86,-1.05,0.86,0.86,0.85,0.86,0.86,0.84,0.86,0.82,0.86,0.86,-1.13,0.86,0.86,0.86,0.82,0.86,0.86,0.86,0.86,0.71,0.84,0.86,0.86,0.86,0.86,-1.07,0.86,0.86,0.86,0.86,0.86,0.86,0.86,-1.14,0.86,0.86,0.86,0.84,0.86,0.86,0.75,0.86,0.86,0.86,0.81,0.85,0.86,0.86,0.86,0.86,0.85,0.86,0.78,0.86,0.86,0.86,0.86,0.86,0.86,0.86,0.86,0.86,0.86,0.85,0.86,0.86,0.86,0.84,0.86,0.86,0.86,0.86,0.86,0.86,0.86,0.86,0.86,0.86,0.85,0.86,-1.02,0.86,0.86,0.83,-1.03,0.86,0.86,0.86,0.86,0.86,0.86,0.86,0.86,0.86,0.84,0.86,0.86,0.86,0.86,0.86,0.86,0.86,0.86,0.86,0.86,0.85,0.86,0.86,0.86,-1.04,0.86,0.86,0.86,0.86,0.84,0.84,0.86,0.86,0.86,0.84,0.86,0.86,0.86,0.86,0.86,0.86,0.84,0.86,0.86,0.86,0.86,0.86,0.86,0.83,0.74,0.86,0.86,0.86,0.83,0.86,0.86,0.86,0.86,0.86,0.86,0.85,0.86,0.86,0.86,0.86,0.86,0.86,0.86,0.86,0.86,0.86,0.82,-1.12,0.86,0.86,0.86,0.86,0.86,0.86,0.84,0.86,0.86,0.86,0.86,0.85,0.86,0.86,0.86,0.86,0.86,0.86,0.86,-1.07,0.84,0.86,0.86,0.84,0.86,0.85,0.86,0.86,0.86,0.72,-1.12,0.86,0.86,0.86,0.86,0.86,0.85,0.86,0.86,-1.01,0.86,0.86,0.86,0.86,0.85,0.86,0.86,0.86,0.86,0.84,0.86,0.84,0.84,0.86,0.86,0.86,0.84,0.86,0.86,0.86,0.86,0.86,0.86,0.8,0.84,0.86,0.86,0.86,0.86,0.86,0.86,0.86,0.86,0.86,0.86,0.86,0.86,0.86,0.86,0.85,0.86,0.86,0.86,0.86,0.85,0.86,0.86,0.85,0.83,0.86,-1.05,0.86,0.79,0.86,0.86,0.86,0.78,0.86,0.86,0.69,0.86,0.86,0.86,0.86,0.86,0.85,0.85,-1.12,-1.01,0.78,0.86,0.86,0.86,-1.14,0.86,0.86,0.84,0.86,0.86,0.86,0.86,0.86,-1.13,0.86,0.86,0.86,0.86,0.86,0.86,0.86,0.86,0.86,0.86,0.86,0.85,0.86,0.86,0.86,0.84,0.86,0.86,0.86,-1.08,0.85,0.85,0.85,-1.0,0.85,0.86,0.86,0.86,0.86,0.86,0.74,0.86,0.86,0.86,0.85,0.86,0.86,0.83,0.74,0.86,0.86,0.86,0.86,0.86,0.86,0.86,0.84,-1.14,0.86,0.73,0.86,0.86,0.86,0.86,-1.1,0.86,0.84,0.86,0.86,0.86,0.86,0.86,0.86,0.85,0.86,0.84,0.86,0.86,0.85,0.86,0.86,0.86,0.86,0.86,0.79,0.86,0.86,0.82,0.86,0.86,-1.04,0.84,0.85,0.86,0.86,0.83,0.84,0.71,0.86,0.86,0.86,0.86,0.86,0.86,0.86,0.86,0.86,0.86,0.86,0.83,0.86,-1.13,0.86,0.86,0.85,0.83,-1.16,0.84,0.86,0.86,0.86,0.86,0.86,0.86,0.86,-1.02,0.86,0.85,0.86,0.86,0.86,0.86,0.86,0.84,0.86,0.86,0.86,-1.02,0.86,0.86,0.86,0.86,0.86,0.85,0.86,0.86,0.86,0.84,0.86,0.83,0.86,0.86,0.86,0.86,0.62,0.86,0.86,0.86,0.86,0.86,0.86,0.86,0.86,0.86,0.86,0.84,0.85,0.86,0.85,0.86,0.86,0.86,-1.15,0.86,0.85,0.86,0.86,0.86,0.86,0.84,0.71,0.86,0.86,0.86,0.86,0.85,0.86,0.84,0.86,0.86,0.86,0.86,0.84,0.86,0.86,0.86,0.86,0.86,0.86,0.86,0.86,0.86,0.75,0.84,0.86,0.86,0.79,0.86,0.78,0.86,0.86,0.86,0.86,-1.07,0.86,0.86,-1.03,0.86,0.86,0.86,0.86,0.86,0.86,0.86,0.84,0.86,0.85,0.86,0.86,-1.07,0.86,0.84,0.86,0.86,0.74,0.85,0.74,0.86,0.86,0.86,0.86,0.86,0.86,0.86,0.86,0.86,0.86,0.86,-1.02,0.86,0.86,0.86,0.86,0.86,-1.06,0.85,-1.02,0.85,0.86,0.85,0.85,0.86,0.85,0.86,0.84,0.86,0.86,0.84,0.86,0.85,0.86,0.85,0.86,0.86,0.84,0.86,0.84,0.86,-1.03,0.77,0.85,0.86,0.86,-1.07,0.86,-1.02,0.71,0.86,0.85,0.84,0.84,0.86,0.86,0.86,0.86,0.84,0.86,0.86,0.86,0.86,0.85,0.86,0.86,0.84,0.86,-1.08,-1.08,0.85,0.85,-1.05,0.85,0.86,0.86,0.86,0.86,0.86,0.86,0.86,0.84,0.86,0.86,0.86,0.86,0.86,0.86,0.86,0.86,-1.2,0.86,0.86,0.85,0.86,0.86,0.82,0.84,0.86,0.86,0.85,0.84,0.84,-1.06,0.86,0.85,0.85,0.86,0.78,0.84,0.86,0.84,0.86,0.86,0.86,0.86,0.75,0.84,0.86,0.85,0.86,0.86,0.86,0.86,-1.0,0.78,0.77,0.86,0.86,0.85,0.86,0.85,0.86,0.86,0.86,0.76,0.85,0.86,0.86,0.84,0.86,0.85,0.86,0.86,0.86,0.86,-1.1,0.86,0.86,0.86,0.83,0.86,0.86,0.86,0.86,0.86,0.86,0.86,0.86,0.84,-1.02,0.85,0.84,0.86,0.86,-1.04,0.85,0.86,0.86,0.86,0.86,0.86,0.86,0.86,0.86,0.86,0.86,0.86,-1.02,0.86,0.86,0.86,0.86,0.85,0.86,0.86,0.86,0.85,0.86,0.85,0.86,0.86,0.86,0.86,0.79,0.86,0.86,0.86,0.86,0.86,0.84,0.86,0.86,0.85,0.86,0.85,0.86,0.86,0.86,0.86,0.86,0.85,0.86,0.86,0.86,0.86,0.86,0.84,0.86,0.86,0.86,0.86,0.86,0.86,0.85,0.86,0.85,0.86,0.85,0.86,0.86,0.86,0.69,-1.07,-1.12,0.86,0.86,-1.03,0.86,0.86,-1.03,0.86,-1.09,0.85,0.86,0.81,0.85,0.86,0.86,0.85,0.84,0.86,0.85,0.86,0.86,0.86,0.86,0.83,0.86,0.85,0.85,0.86,0.86,-1.0,0.86,0.86,0.86,0.86,0.86,0.84,0.75,0.86,0.84,0.86,-1.14,0.86,0.86,0.86,0.86,-1.01,0.86,0.86,0.86,0.86,0.85,0.84,0.86,0.85,0.86,0.86,-1.0,0.86,0.86,0.86,0.86,0.86,0.86,0.86,0.86,0.86,0.85,0.86,0.79,0.86,0.86,0.84,0.86,-1.11,0.86,0.86,0.86,0.86,0.86,0.85,0.86,0.86,0.86,0.86,0.86,0.86,0.86,0.86,0.86,0.86,0.85,0.86,0.86,0.86,0.84,0.86,0.86,0.86,0.85,0.86,0.86,0.74,0.86,0.86,0.84,0.86,0.83,0.86,0.72,0.86,0.86,-1.02,0.85,0.86,0.86,0.86,0.86,0.86,0.86,0.86,0.86,0.86,0.83,0.84,0.86,0.86,0.86,0.86,0.86,0.86,0.86,0.86,0.82,0.86,0.84,0.86,0.86,0.86,0.86,0.84,0.84,0.83,0.86,0.86,0.86,0.86,0.86,0.86,0.86,0.86,0.85,0.86,0.86,0.86,0.84,0.85,0.86,0.86,0.86,0.86,0.86,0.86,0.85,0.86,0.86,0.86,0.84,0.86,0.86,0.85,0.86,0.85,0.86,0.86,0.84,0.86,0.86,0.86,0.86,0.86,0.84,0.84,0.86,0.86,-1.04,0.86,0.85,0.86,-1.07,0.86,0.85,0.83,0.86,0.84,0.86,0.86,0.86,0.86,0.86,0.86,0.86,0.86,0.86,0.85,0.85,0.86,0.86,0.86,0.86,0.86,0.86,0.86,0.86,0.8,0.86,0.86,0.86,0.86,0.86,0.85,0.86,0.85,0.86,0.86,0.86,0.78,0.86,0.85,0.86,0.86,0.86,0.85,0.86,-1.13,0.85,0.86,0.86,0.86,0.86,0.86,-1.06,0.86,-1.02,0.86,0.85,0.86,0.85,0.86,0.72,0.86,0.86,0.86,0.86,0.86,0.86,0.86,0.86,0.86,0.86,0.86,0.86,0.86,0.86,0.86,0.86,0.85,0.83,0.86,0.84,0.85,0.86,0.84,0.86,0.86,0.86,0.86,0.76,0.86,0.86,0.86,0.86,0.86,0.86,0.86,0.86,0.85,0.86,0.86,0.72,0.84,0.85,0.86,0.86,0.86,0.85,0.86,0.85,0.85,0.81,0.71,-1.09,0.83,0.86,0.82,0.85,0.84,0.86,0.86,0.86,0.86,0.86,0.86,0.86,0.86,0.86,-1.02,0.85,0.84,0.86,0.84,0.86,0.86,0.86,0.86,-1.12,0.86,0.86,0.86,0.86,0.86,0.86,0.86,0.86,0.86,0.86,0.86,0.86,0.85,0.86,0.85,0.86,0.86,0.86,0.86,0.86,0.86,0.86,0.86,-1.11,0.86,0.85,0.82,0.85,0.86,0.86,0.86,0.86,0.86,0.84,0.86,0.86,0.86,0.86,0.84,0.86,0.85,0.85,0.86,0.86,0.86,0.86,0.86,0.86,0.86,0.86,0.75,0.79,0.85,0.86,0.85,-1.13,0.7,0.84,0.86,0.86,0.84,0.86,-1.07,0.86,0.86,0.86,0.86,0.86,0.86,0.86,0.84,0.86,0.86,0.86,0.86,0.86,0.86,0.85,0.86,0.86,0.8,0.86,0.86,0.86,0.75,0.86,0.86,0.86,-1.04,0.86,0.86,0.86,0.86,0.86,0.85,0.86,0.86,0.86,0.86,0.86,0.85,0.86,0.86,0.86,0.85,0.83,-1.04,0.85,0.83,0.86,-1.12,0.86,0.84,0.86,0.84,0.86,0.86,0.86,0.86,0.86,0.86,0.86,0.74,0.86,0.86,0.86,0.86,0.86,0.86,0.85,-1.02,0.86,0.86,0.86,0.84,0.86,0.85,0.86,0.86,0.86,0.86,0.86,-1.1,0.86,0.84,0.86,0.86,0.86,0.86,0.86,0.86,-1.1,0.85,0.86,0.86,0.86,0.84,0.85,0.86,0.86,0.86,0.86,0.86,0.83,0.85,0.75,0.86,-1.01,-1.03,0.83,-1.07,0.85,-1.02,0.86,0.85,0.86,0.86,0.86,0.84,0.86,0.86,0.86,0.86,0.86,0.86,0.86,0.86,0.85,0.86,0.86,0.86,0.86,0.86,-1.04,0.85,0.85,0.86,0.85,0.86,0.86,0.86,0.86,0.85,-1.09,0.84,0.78,0.83,0.85,0.86,0.86,0.86,0.86,0.86,0.84,0.78,0.86,0.84,0.86,0.84,0.86,0.85,0.86,0.86,0.86,0.86,0.86,0.86,0.73,0.74,0.86,0.86,0.77,0.86,0.84,0.86,0.86,0.86,0.86,0.84,0.86,0.86,0.86,0.83,0.86,0.86,0.86,0.86,0.86,0.86,0.86,0.86,0.86,0.86,0.86,0.85,0.86,0.86,0.86,0.86,0.84,0.86,0.86,0.85,0.86,0.86,0.86,0.85,0.86,0.86,0.86,0.86,0.86,0.84,0.86,0.86,0.86,0.86,0.86,0.86,0.86,0.86,0.86,0.86,0.86,0.86,0.86,0.84,0.86,0.86,0.86,0.86,0.85,0.86,0.86,0.81,0.86,0.86,0.86,0.84,0.77,0.85,0.85,0.86,0.86,0.86,0.86,0.84,0.86,0.86,0.85,0.85,0.86,0.85,0.86,0.86,-1.13,0.86,0.83,0.85,0.86,0.86,0.86,0.86,0.86,0.86,0.86,-1.08,0.86,-1.1,0.73,0.86,0.86,0.86,0.86,0.86,0.86,0.86,0.86,0.86,0.86,0.86,0.85,0.86,0.82,0.86,0.85,0.79,0.66,0.86,0.86,0.86,0.84,0.86,0.86,0.86,0.85,0.83,0.85,0.86,0.85,0.86,0.85,0.85,0.86,0.86,0.86,0.86,0.86,0.86,0.86,0.86,0.86,0.86,0.86,0.8,0.86,0.86,0.86,0.86,0.86,0.71,-1.02,0.85,-1.06,0.85,0.86,0.86,0.86,0.86,0.86,0.86,0.86,0.84,0.86,-1.12,0.86,0.86,0.86,0.86,0.86,0.86,0.86,0.86,0.8,0.86,0.86,0.81,-1.02,0.86,0.86,0.84,0.86,0.85,0.86,0.86,0.86,0.86,0.86,0.86,0.86,0.86,0.86,0.86,0.84,0.86,0.86,-1.13,0.86,0.86,0.86,0.86,0.86,0.86,0.86,0.85,0.86,0.86,0.86,0.86,0.86,0.86,0.86,0.86,-1.03,-1.08,0.84,0.86,0.86,0.86,0.86,0.86,0.86,0.81,0.86,-1.08,0.86,0.86,0.86,0.84,0.86,0.86,0.86,0.86,0.86,0.86,0.86,0.86,0.84,0.86,0.85,0.86,0.86,0.86,0.86,0.84,0.86,0.86,0.86,0.83,0.86,0.86,0.86,0.86,0.86,0.86,0.86,-1.07,0.86,0.86,0.77,0.86,0.86,0.86,0.86,-1.13,0.85,0.84,0.86,0.85,0.86,0.86,-1.02,0.86,-1.03,0.86,0.86,-1.05,0.84,0.86,0.86,-1.01,0.82,0.85,0.86,-1.13,0.84,0.86,0.86,0.86,0.86,0.81,0.82,-1.17,0.86,0.85,0.71,0.86,0.86,0.86,0.86,0.86,0.86,0.84,0.86,0.86,0.86,0.86,0.84,0.86,0.86,0.86,0.86,0.86,0.86,0.85,0.86,-1.13,0.86,0.86,0.86,0.84,0.86,0.86,0.86,0.84,0.86,0.86,-1.03,0.86,0.84,0.86,0.83,0.86,0.86,0.86,0.86,0.86,0.86,0.86,0.86,0.86,0.86,0.86,0.86,-1.03,0.85,0.86,0.86,0.85,0.86,0.86,0.86,0.86,0.86,0.71,0.86,-1.03,0.86,0.84,0.84,0.86,0.86,0.86,0.86,0.82,0.86,0.86,0.86,0.86,0.86,0.86,0.86,0.86,0.84,-1.07,0.86,0.86,0.86,-1.07,0.84,0.86,-1.13,0.86,0.86,0.71,0.86,0.86,0.82,0.85,0.86,0.86,0.86,0.86,0.85,0.84,0.86,0.86,0.85,0.86,0.84,0.86,0.86,0.86,0.86,-1.06,0.86,0.84,0.86,0.83,0.86,0.86,0.85,0.86,0.86,0.86,0.74,0.86,0.84,0.86,0.86,0.86,0.86,0.83,0.86,0.86,0.83,0.86,0.83,0.86,0.85,0.86,0.84,0.86,-1.13,0.85,0.86,0.85,0.83,0.86,0.86,0.86,0.86,0.86,0.85,0.86,0.86,0.85,-1.05,0.84,0.85,0.86,0.85,0.85,0.85,0.86,0.86,0.84,0.86,0.84,0.86,0.86,0.86,0.86,-1.03,0.84,-1.02,0.86,0.85,0.86,0.86,0.84,-1.12,0.82,0.84,0.86,0.86,0.86,0.86,0.86,0.86,0.86,0.86,0.86,0.86,0.86,0.86,0.86,0.86,0.84,0.86,0.86,0.86,0.86,0.86,0.86,0.83,0.86,0.86,0.84,0.77,0.85,-1.07,0.86,0.79,0.86,0.86,0.86,0.85,-1.14,0.86,0.85,0.86,0.86,0.85,0.85,0.81,0.86,0.86,0.86,0.86,0.86,0.86,0.86,0.84,0.86,0.86,0.86,0.82,0.84,0.86,0.86,0.86,0.86,0.86,0.86,0.86,0.86,0.86,0.85,0.86,0.86,0.86,0.85,0.85,0.86,0.86,0.84,0.86,0.86,0.84,0.86,0.86,0.86,0.84,0.82,0.86,0.86,0.86,0.85,0.84,0.86,0.86,0.86,0.86,0.86,-1.09,0.86,0.86,-1.01,0.86,0.86,-1.11,0.86,0.85,0.86,0.86,0.84,0.86,0.84,0.86,0.84,0.86,0.86,0.86,0.84,0.86,0.86,0.86,0.86,0.86,0.86,0.86,0.84,0.86,0.86,0.86,-1.02,0.85,0.86,0.86,0.86,0.84,0.86,0.86,0.86,0.86,0.86,0.84,0.86,0.86,0.86,0.86,0.86,-1.04,0.84,0.84,0.86,0.86,0.86,0.85,0.86,0.86,-1.06,0.84,0.86,0.86,0.86,0.86,0.84,0.86,0.86,0.85,0.86,0.86,0.86,0.84,0.86,0.86,0.86,0.86,0.86,0.86,0.86,0.86,-1.05,0.86,0.86,0.86,0.84,0.86,0.86,0.86,0.86,0.86,0.86,0.85,0.84,0.86,0.86,0.86,0.86,0.86,0.86,0.86,0.86,0.86,0.86,0.85,-1.08,0.72,0.86,0.86,0.86,0.72,0.86,0.86,0.86,0.86,0.85,-1.17,0.86,0.86,0.82,0.85,0.86,0.86,0.86,0.86,0.86,0.86,0.86,0.86,0.85,0.86,0.86,0.86,0.86,0.86,0.85,0.86,0.86,0.86,0.76,0.86,0.86,0.86,0.86,-1.09,0.86,-1.14,0.86,0.86,-1.07,0.86,0.86,0.84,0.86,0.85,0.86,0.86,0.86,-1.07,0.86,0.86,0.86,0.86,0.86,0.69,0.86,0.86,0.86,0.86,0.86,0.86,0.86,0.86,0.86,0.86,-1.13,0.83,0.86,-1.11,0.84,0.86,0.84,0.86,0.86,0.86,0.52,0.86,0.86,-1.02,0.82,-1.12,0.86,0.86,0.86,0.86,0.81,-1.1,0.86,0.75,0.84,0.76,0.84,0.86,0.86,0.84,0.86,-1.19,0.85,0.86,0.84,0.85,0.86,0.86,0.86,0.86,0.85,0.86,0.85,0.75,0.86,0.86,0.86,0.86,0.85,0.82,0.84,0.86,0.86,0.86,0.85,0.86,0.86,0.84,0.86,0.86,0.86,0.86,0.85,0.86,-1.01,0.86,-1.14,0.85,0.86,0.86,0.86,0.86,0.86,0.86,0.86,0.86,0.86,0.86,0.86,0.86,0.86,0.86,0.86,0.86,0.86,0.85,-1.0,0.86,0.86,0.86,-1.03,0.79,0.86,0.86,-1.1,0.82,0.86,0.86,0.86,0.86,0.86,-1.06,-1.02,0.86,0.86,-1.12,0.86,0.86,0.85,0.86,-1.07,-1.06,-1.03,0.86,0.85,0.86,-1.03,0.86,0.86,0.86,0.83,-1.12,0.86,0.83,0.86,0.86,0.86,0.86,0.86,0.86,0.86,0.86,0.86,0.86,0.86,-1.13,0.84,0.86,0.86,0.85,0.86,0.86,0.86,-1.05,0.85,0.86,0.86,0.85,0.86,0.86,0.86,0.86,0.86,0.86,-1.03,0.86,0.84,-1.09,0.86,0.86,0.86,0.86,0.86,0.85,0.85,0.86,0.86,0.86,0.86,0.85,0.86,-1.13,0.86,0.86,0.86,0.77,0.84,0.86,0.86,0.85,0.86,0.86,0.86,0.83,0.86,0.86,0.86,0.85,0.85,0.83,0.84,0.86,0.86,0.86,0.86,0.86,0.86,0.85,0.86,0.86,0.86,0.86,0.84,0.86,0.86,0.86,0.86,0.86,0.86,0.86,0.78,0.84,0.86,0.86,0.85,0.86,0.79,0.86,0.86,0.86,0.86,0.86,0.83,0.85,0.86,0.86,0.74,0.86,0.86,0.86,0.8,0.83,0.86,0.86,0.86,0.86,0.86,0.86,-1.03,-1.04,-1.02,0.86,0.86,0.86,0.84,0.86,0.86,-1.12,0.84,0.81,0.86,0.86,0.86,0.86,0.86,0.86,0.86,0.86,0.86,0.86,0.86,0.86,0.86,0.85,0.86,0.86,0.86,0.84,0.85,0.86,0.86,-1.02,0.86,0.86,0.86,0.86,0.86,0.86,-1.07,0.85,0.86,0.86,0.85,0.83,0.84,0.86,0.86,0.85,0.86,-1.1,0.86,0.86,0.86,0.86,0.86,0.86,0.86,-1.05,0.86,0.85,0.84,0.85,0.86,0.8,0.86,0.86,0.85,0.86,0.86,0.86,0.85,0.86,0.86,0.85,0.86,0.84,-1.12,0.86,0.86,0.81,0.86,0.86,0.77,0.81,0.81,0.86,0.84,0.71,0.85,0.86,0.86,0.86,0.86,0.86,-1.07,0.71,0.86,0.86,0.86,0.84,0.85,0.86,0.86,0.85,0.86,0.86,0.86,0.86,0.86,0.86,0.86,0.86,0.86,0.86,0.84,0.86,0.85,0.86,-1.02,0.86,0.73,0.84,0.86,0.86,0.86,0.86,0.82,0.86,0.86,0.86,0.86,0.86,0.86,0.86,0.83,0.86,0.85,0.85,0.84,0.82,0.86,0.86,0.86,0.86,0.86,-1.1,0.58,0.86,0.86,0.84,0.86,0.86,0.86,0.86,-1.17,0.86,0.71,0.86,0.8,0.86,0.86,0.86,0.86,0.86,0.86,0.84,0.86,0.86,0.86,0.75,0.86,0.86,0.86,0.86,0.86,0.86,0.86,0.85,0.86,0.86,0.86,0.86,0.85,0.86,-1.04,0.86,0.85,0.85,0.86,0.86,0.86,0.86,0.86,0.86,0.86,0.86,0.86,0.86,0.86,-1.02,0.85,0.86,0.73,0.86,-1.04,0.86,0.86,0.84,0.86,0.86,0.84,0.84,0.86,0.85,0.86,0.86,0.86,0.82,-1.03,0.86,0.75,0.84,0.86,0.86,0.86,0.86,0.86,0.86,0.86,0.86,0.86,0.86,0.86,0.86,0.79,0.84,0.86,0.86,0.7,0.86,0.83,0.86,0.84,-1.08,0.86,0.85,-1.02,0.86,-1.07,0.86,0.86,0.86,0.86,0.86,0.84,0.86,0.86,0.86,-1.14,0.86,0.86,0.86,0.86,0.84,0.86,0.86,0.86,0.85,0.86,0.86,0.86,0.86,-1.05,0.85,0.83,0.86,0.85,0.86,0.86,-1.11,0.86,0.86,0.86,0.85,0.85,0.86,0.86,0.86,0.86,0.86,0.86,0.83,0.86,0.86,0.71,0.86,0.86,0.86,0.86,-1.09,0.85,0.83,0.85,0.86,0.83,0.86,0.86,0.86,0.86,0.86,0.86,0.86,0.86,0.86,0.86,0.83,0.86,0.86,0.86,0.86,0.86,0.86,0.84,0.86,-1.0,0.86,0.86,0.86,0.86,0.86,0.85,0.86,0.84,0.86,0.86,0.85,0.85,0.86,0.86,0.86,0.86,0.86,0.86,0.86,0.86,0.86,0.86,0.86,0.85,0.82,0.86,0.86,0.86,0.86,0.86,0.86,0.86,0.86,0.86,0.86,0.86,0.86,0.86,0.86,0.86,0.86,0.86,0.86,-1.09,0.86,0.85,0.86,0.85,0.86,0.86,0.86,0.86,0.86,0.82,0.86,0.86,0.86,-1.02,0.86,-1.06,0.84,0.86,0.86,0.86,0.86,0.86,0.86,0.86,0.86,0.86,0.86,0.86,0.86,0.86,0.86,0.86,0.84,0.86,-1.06,0.86,0.84,0.84,0.86,0.86,0.86,0.86,0.86,0.86,0.86,0.86,-1.13,0.86,0.86,0.84,0.86,0.86,0.86,0.74,0.86,0.86,0.86,0.86,0.86,0.8,0.77,0.85,0.86,0.86,0.86,0.86,0.86,0.85,0.86,0.86,0.79,0.86,-1.15,0.86,0.86,0.86,0.86,0.86,0.86,0.86,0.86,0.85,0.85,0.86,0.86,-1.06,0.86,0.86,0.86,0.86,0.86,0.86,0.86,0.86,0.86,0.86,0.86,0.86,0.86,0.86,0.84,0.86,0.85,0.86,0.84,0.76,0.86,-1.05,0.85,0.86,0.86,0.86,0.85,0.84,0.86,0.86,0.86,0.86,0.86,0.83,0.86,0.86,0.86,0.86,0.85,0.86,-1.12,0.82,0.86,0.86,0.86,0.86,0.86,0.84,0.86,0.86,0.86,0.86,0.84,0.86,0.86,0.86,0.85,0.86,0.84,0.86,-1.0,0.84,0.79,0.86,0.86,0.85,0.81,0.86,0.73,0.85,0.86,0.86,0.86,0.86,0.84,0.79,0.86,-1.05,0.86,0.86,0.86,0.86,0.85,0.86,0.86,0.85,0.86,0.86,0.86,0.86,0.86,0.86,0.86,0.84,0.86,0.86,0.86,0.84,0.86,0.86,0.86,0.86,0.86,0.86,0.86,0.86,0.86,0.86,0.86,0.86,0.86,0.85,0.86,0.86,0.86,0.86,0.86,0.86,0.85,0.86,0.85,0.86,0.86,0.86,0.86,-1.1,0.86,0.86,-1.01,0.86,0.86,0.86,0.86,0.86,0.86,0.86,0.86,0.86,0.85,0.86,-1.05,0.85,0.86,0.86,0.86,0.86,0.86,0.86,0.86,0.86,0.86,0.86,0.86,0.86,0.86,0.83,0.85,0.86,0.86,0.84,0.86,0.86,0.86,0.86,0.86,0.86,0.86,0.85,0.86,-1.08,0.84,0.86,0.86,0.86,0.86,0.86,0.86,0.86,0.86,0.86,0.86,0.86,0.86,0.86,0.86,0.86,0.86,0.86,0.85,-1.11,0.85,0.85,0.76,0.86,0.85,0.84,0.86,0.86
0.85,-1.04,-1.16,-1.03,-1.03,-1.06,-1.04,-1.08,-1.13,0.7,0.79,-1.1,0.86,0.84,-1.04,0.8,0.85,-1.2,-1.03,0.72,0.85,0.81,0.85,0.79,0.81,0.86,-1.0,0.86,0.83,0.83,0.79,0.64,0.82,0.83,0.82,0.81,-1.02,0.86,-1.14,0.81,-1.05,0.86,0.86,0.84,0.82,-1.05,0.83,0.84,-1.02,0.86,0.86,0.86,0.86,0.85,0.85,0.85,0.71,0.86,0.85,-1.14,-1.07,0.86,0.86,0.86,0.86,0.86,0.86,-1.14,0.86,0.86,-1.0,0.86,0.86,0.86,0.83,0.86,0.8,0.84,-1.13,0.86,0.86,0.86,0.86,0.86,0.86,0.86,0.86,0.86,0.86,-1.05,0.83,0.84,0.86,0.86,0.86,0.86,0.85,0.84,0.86,0.85,0.86,0.86,0.86,0.86,0.84,0.84,-1.08,0.86,0.86,0.85,0.86,0.86,-1.05,0.86,0.85,0.84,-1.1,0.86,0.86,0.86,0.86,0.86,0.86,0.86,0.84,0.86,0.86,0.86,0.85,0.86,0.86,0.84,0.86,0.86,-1.08,0.86,0.86,0.84,0.86,0.86,0.86,0.86,0.85,0.86,0.86,0.86,0.86,0.84,0.86,0.86,0.85,0.86,0.86,0.81,0.86,0.85,0.86,0.86,-1.03,0.86,0.82,0.84,0.86,0.86,0.86,0.86,0.84,0.86,0.86,0.86,0.86,0.86,0.86,0.84,0.86,0.86,0.84,0.86,0.86,0.86,0.86,0.82,0.71,0.77,0.86,0.86,0.86,0.86,0.86,0.85,0.86,0.84,0.86,0.86,0.77,0.85,0.85,0.86,0.71,0.86,0.86,0.86,0.86,0.86,0.86,0.84,0.85,0.86,0.86,0.86,0.86,-1.1,0.86,0.86,0.84,0.84,0.86,0.86,0.86,0.86,0.86,0.79,0.85,0.84,-1.04,0.86,0.86,0.84,0.86,0.86,0.86,0.86,0.86,0.86,0.86,0.86,0.86,0.86,0.86,0.86,0.86,-1.12,0.84,0.86,0.86,0.83,-1.14,0.86,0.86,0.86,0.85,0.86,0.71,0.86,0.86,0.86,0.85,0.84,0.86,0.86,0.76,0.86,0.85,0.86,0.86,0.86,0.86,0.86,0.86,0.75,0.86,0.85,0.84,0.86,0.86,0.86,0.86,0.86,0.86,0.86,0.86,0.85,0.86,0.86,0.86,0.83,0.86,-1.03,0.86,0.83,0.85,0.86,0.86,0.86,0.85,0.79,0.83,0.84,0.86,0.86,0.86,0.86,0.86,0.86,0.86,0.86,0.86,0.86,0.86,0.85,0.86,0.82,0.78,0.86,0.86,0.86,0.86,0.86,0.86,0.86,0.85,0.86,0.86,0.85,0.86,0.86,0.86,0.86,0.86,0.86,0.85,0.86,0.86,0.86,0.84,0.84,0.86,0.86,0.85,0.86,0.86,0.86,0.86,0.85,0.86,0.86,0.86,0.86,0.86,0.84,0.86,0.86,0.86,0.86,0.84,0.86,0.86,0.86,0.86,0.86,0.86,0.86,0.86,0.86,0.86,0.84,0.86,0.86,0.86,0.86,0.86,0.86,0.86,0.86,0.86,0.86,0.86,0.86,0.86,0.86,0.86,-1.03,0.73,0.86,0.85,0.86,0.84,0.86,0.86,0.86,0.86,0.86,0.86,0.86,0.84,0.86,0.86,0.84,0.85,0.86,0.8,0.86,0.86,0.86,0.86,0.86,0.86,0.86,0.86,0.86,0.85,-1.03,0.85,0.86,0.86,0.86,0.86,0.86,-1.01,0.85,0.86,0.86,0.84,0.86,0.86,0.86,0.86,0.84,0.85,0.86,0.84,0.84,0.84,0.86,0.86,0.84,0.86,-1.09,0.86,0.86,-1.13,0.86,0.84,0.86,0.86,0.85,0.84,0.86,0.86,0.86,0.86,0.84,0.86,0.84,0.86,0.86,0.86,-1.12,0.85,0.76,0.86,-1.13,0.86,0.86,0.84,0.86,0.86,0.86,0.86,0.86,0.86,0.86,-1.12,0.86,0.86,0.86,0.86,0.86,0.86,-1.14,0.86,0.86,0.86,0.85,0.84,0.86,0.86,0.84,0.85,0.84,0.85,0.86,0.86,0.86,0.86,0.86,0.86,0.86,0.86,-1.0,0.86,0.84,0.86,0.74,0.86,0.86,0.85,0.86,0.86,0.69,0.84,0.86,0.86,0.86,0.86,0.83,0.86,0.86,0.86,0.86,0.86,0.79,0.86,0.86,0.86,0.86,0.86,0.86,0.86,0.85,0.86,0.86,-1.05,0.86,0.86,0.86,0.86,-1.03,0.86,0.86,0.86,0.86,0.84,0.86,0.86,0.84,0.86,0.86,0.86,0.83,0.86,-1.13,0.86,0.72,0.84,0.84,0.86,0.86,0.86,0.86,0.84,0.86,0.86,0.86,0.86,0.85,0.86,0.85,0.86,0.85,0.86,0.85,0.86,0.86,0.86,0.86,0.86,0.86,0.86,0.86,0.86,0.58,0.86,0.81,-1.15,0.86,0.86,0.86,0.86,0.83,0.86,0.85,0.76,0.86,0.86,0.86,0.86,0.86,0.86,-1.11,0.86,0.86,0.86,0.84,0.85,0.86,0.86,0.86,0.85,0.86,0.86,0.86,0.86,0.86,0.86,0.84,0.86,0.86,0.86,0.86,0.86,0.86,0.86,0.86,0.86,0.82,0.86,-1.02,0.82,-1.05,0.85,0.86,0.86,0.86,-1.02,-1.1,0.86,0.86,0.86,0.86,0.86,0.86,0.86,0.86,0.86,-1.14,0.86,0.86,0.86,0.86,0.86,0.86,0.85,0.86,0.86,0.85,0.84,0.86,0.86,0.86,0.84,0.84,0.86,0.86,0.86,0.84,0.86,0.86,-1.07,0.86,0.86,0.85,0.86,0.85,0.86,0.86,0.69,0.86,0.86,0.85,0.86,0.86,0.85,0.86,0.86,0.86,0.84,0.85,0.76,-1.12,0.86,-1.13,0.86,0.86,0.86,0.86,0.86,0.86,-1.0,0.86,0.85,0.86,0.86,0.86,0.86,0.86,0.84,0.86,0.85,0.86,0.86,0.86,0.84,0.86,0.86,0.86,0.86,0.86,0.86,-1.11,0.84,0.86,0.86,0.86,0.86,0.86,0.73,0.86,0.86,0.81,0.86,0.86,0.85,0.86,0.86,0.86,0.86,0.86,-1.05,0.86,-1.03,-1.13,0.86,0.85,0.86,-1.09,0.86,0.86,0.86,0.86,0.86,0.86,0.86,0.86,0.84,0.86,0.81,0.86,0.86,0.85,0.84,0.85,0.79,0.86,-1.03,0.86,0.86,0.86,0.86,0.86,0.86,0.86,0.86,0.86,0.86,0.86,0.84,0.85,0.86,0.84,0.78,0.86,0.86,0.86,0.86,0.86,0.86,0.83,0.84,0.8,-1.01,0.86,0.86,0.74,0.86,0.86,0.86,0.86,0.86,0.86,0.86,0.86,-1.09,0.86,0.86,0.86,0.84,0.85,0.86,0.84,0.86,0.86,0.86,0.85,0.86,0.86,0.86,0.86,0.86,0.86,0.86,-1.0,0.86,0.86,0.86,0.86,0.85,0.86,0.86,0.84,0.86,0.86,0.86,0.86,-1.06,0.86,0.85,0.86,0.86,0.86,0.86,0.86,0.84,0.82,0.86,0.86,0.86,0.86,0.86,0.85,0.86,0.86,0.86,0.86,0.86,0.86,0.86,0.86,0.86,0.86,0.86,0.86,0.85,-1.09,0.86,0.86,0.86,0.86,-1.12,0.86,0.86,0.84,-1.08,0.86,0.86,0.86,0.86,0.86,0.71,0.86,0.86,0.86,0.86,0.86,0.86,0.86,0.85,0.86,-1.11,0.86,0.86,0.81,0.84,0.86,0.86,0.85,0.86,0.86,0.86,0.86,0.86,0.86,0.73,-1.14,0.86,0.86,0.86,0.86,0.86,0.86,0.86,0.81,0.86,0.86,0.84,0.86,0.86,0.85,0.86,0.86,0.86,0.86,0.86,0.77,0.7,0.86,0.86,0.86,0.86,0.78,0.86,0.86,-1.02,0.86,0.86,0.86,0.86,0.86,0.86,0.86,0.86,0.86,0.86,0.86,0.86,0.84,-1.06,0.86,0.71,-1.05,0.86,0.86,0.86,0.86,0.86,0.86,0.86,-1.02,0.74,0.86,0.86,0.84,-1.03,0.86,0.86,0.86,0.86,0.86,0.85,0.79,0.82,0.86,0.86,0.86,0.86,-1.06,0.86,0.86,0.84,0.86,0.86,0.86,0.84,0.86,0.86,0.86,0.86,0.86,0.85,0.84,0.86,0.86,0.86,0.86,0.86,0.86,0.83,0.86,0.86,0.86,0.86,0.86,0.86,0.86,0.85,0.86,0.86,0.86,0.86,0.85,0.86,0.84,0.86,0.86,0.86,0.86,0.86,0.85,0.86,0.86,0.77,0.85,0.86,0.86,0.86,0.86,0.86,0.85,0.86,0.86,0.86,0.86,0.86,-1.13,0.86,0.86,0.86,0.86,0.86,-1.12,0.86,0.85,0.86,0.86,0.85,0.86,0.75,0.79,0.86,0.85,0.86,0.86,0.86,0.86,0.86,-1.13,0.86,0.85,0.86,0.86,0.86,0.86,0.86,0.86,0.86,0.85,0.86,0.86,0.86,0.86,0.86,0.84,0.86,0.86,0.85,0.86,0.86,0.86,0.86,0.86,0.86,0.86,0.85,0.86,0.84,0.73,0.86,0.86,0.85,0.86,0.86,0.85,0.85,0.86,0.86,0.86,0.86,-1.07,0.86,0.86,0.84,0.86,0.86,0.86,0.86,0.86,0.86,0.86,0.86,0.86,0.86,0.86,0.86,-1.04,0.84,0.85,0.86,0.86,0.85,0.86,0.73,-1.08,0.86,0.86,0.86,0.86,0.85,0.85,0.86,0.86,-1.0,0.86,0.86,0.86,0.86,0.86,0.86,0.86,0.83,0.85,0.86,0.86,0.86,0.86,0.86,0.74,0.86,0.86,0.86,0.85,0.85,0.86,0.86,0.86,0.84,0.85,0.86,0.86,-1.08,0.84,0.86,0.86,0.86,0.86,0.84,0.86,0.86,0.86,0.86,-1.04,0.84,0.86,0.86,-1.13,0.86,0.86,0.84,0.86,0.86,0.86,0.86,0.84,0.85,0.86,0.85,0.86,0.84,0.86,0.86,0.86,0.86,0.86,0.86,0.86,0.79,0.83,0.86,0.85,0.86,0.86,0.86,0.81,0.86,0.86,0.84,0.86,0.83,0.84,0.86,0.86,0.86,0.86,0.86,0.86,0.85,0.86,0.86,0.86,0.72,0.86,-1.05,0.86,0.86,-1.07,0.84,0.86,0.86,0.76,0.86,0.86,0.86,0.86,0.86,0.86,-1.03,0.86,0.86,0.85,0.86,-1.08,0.86,0.86,0.86,0.86,0.86,0.86,0.86,0.86,0.85,0.86,-1.12,0.86,0.75,0.86,-1.14,0.86,0.86,0.78,0.86,0.86,0.85,0.86,-1.09,0.86,-1.03,-1.03,0.86,0.86,0.85,0.86,0.86,0.86,0.85,0.86,-1.07,0.84,-1.05,0.86,0.86,0.86,0.86,-1.08,0.85,0.86,0.86,0.86,0.85,0.86,0.86,0.84,0.85,0.86,0.86,0.85,0.86,0.86,-1.11,0.86,0.86,0.86,0.86,0.86,0.86,0.86,0.86,0.86,0.86,0.86,0.8,-1.29,0.84,0.86,0.85,0.86,0.85,0.86,0.86,0.86,-1.1,0.84,0.86,0.86,0.86,-1.02,0.85,0.86,0.86,0.85,0.86,0.86,0.86,0.86,0.86,0.76,0.85,0.86,0.86,0.86,0.85,0.86,0.86,0.86,0.86,0.84,0.84,0.86,0.86,-1.12,0.85,0.86,0.86,0.85,0.86,0.86,0.86,0.86,0.86,0.74,0.86,0.86,0.84,0.86,0.86,0.84,-1.08,0.86,-1.14,0.86,0.85,0.86,0.86,0.86,0.85,0.83,0.86,0.86,0.86,0.86,0.77,0.68,0.86,0.86,0.86,0.86,0.86,-1.05,0.85,0.86,0.86,0.85,0.86,0.86,0.86,0.86,0.86,0.86,0.86,0.84,-1.11,0.85,0.85,0.86,0.86,0.86,0.86,0.84,0.85,0.86,0.85,0.86,0.86,0.86,0.86,0.86,0.85,0.86,0.86,0.86,0.86,0.86,0.74,0.86,0.86,0.86,0.86,0.86,0.86,0.72,-1.11,0.86,0.86,0.86,0.86,0.86,0.86,0.86,0.86,0.86,0.86,0.86,0.86,0.86,0.86,0.81,0.85,0.75,0.86,0.85,0.86,0.85,0.86,0.86,0.86,0.84,0.86,0.86,0.86,0.86,0.86,0.86,0.86,0.86,0.85,0.86,0.86,0.86,0.86,0.86,0.86,0.86,0.84,0.86,0.86,0.74,0.84,0.86,0.86,0.86,0.86,0.78,0.86,0.86,0.86,0.86,0.84,0.86,0.86,0.86,0.86,0.86,0.86,0.84,0.86,0.86,0.72,0.86,0.85,0.86,0.86,0.83,0.83,0.86,0.86,0.86,0.86,0.86,0.86,0.86,0.86,0.86,0.86,0.86,0.86,0.86,0.85,0.86,0.86,0.86,0.74,0.86,0.86,0.84,0.86,0.86,0.86,0.84,0.86,0.85,0.86,0.86,0.86,0.86,0.74,0.86,0.85,0.86,0.86,0.86,0.86,0.86,0.86,0.86,0.86,0.86,0.86,0.85,0.86,0.85,0.86,0.86,0.83,0.86,0.86,0.86,0.86,0.86,0.86,0.86,0.86,0.86,0.85,0.86,0.86,0.86,0.86,0.86,0.86,0.86,0.86,0.86,-1.06,0.86,0.86,0.86,0.86,0.86,0.86,0.86,-1.01,0.85,0.86,0.86,0.86,0.86,0.85,0.86,0.86,0.85,0.86,0.86,0.86,0.86,0.85,0.84,0.86,0.86,0.84,0.85,0.86,0.86,0.86,0.86,0.86,0.84,-1.12,0.86,0.84,0.86,0.86,0.86,0.85,0.86,0.86,0.86,0.86,0.86,0.86,0.86,0.86,0.86,0.86,0.86,0.84,0.86,0.86,0.71,0.86,0.84,0.86,0.86,0.71,0.86,0.86,-1.11,0.86,0.86,0.86,-1.09,0.86,0.86,-1.08,0.86,0.85,0.74,0.86,0.86,0.86,0.86,0.86,0.84,0.86,0.86,0.86,0.86,0.83,0.86,0.84,0.86,0.84,0.86,0.85,0.84,0.86,0.86,0.86,0.86,0.86,0.86,0.86,0.86,0.86,0.85,-1.05,0.86,0.86,0.86,0.86,0.86,0.86,0.84,0.86,0.83,0.86,0.86,0.86,0.86,0.86,0.86,0.86,0.86,0.86,0.86,0.86,0.86,0.84,0.86,0.86,0.86,0.86,0.78,0.86,0.86,0.86,0.86,0.86,0.86,0.86,0.86,0.69,0.84,0.86,0.86,0.86,0.86,0.86,0.86,0.85,0.86,0.83,0.86,0.86,0.86,0.86,0.86,0.86,0.86,0.86,0.86,0.83,0.86,0.86,0.86,0.86,-1.1,0.85,0.86,0.86,0.86,0.86,0.86,0.86,0.86,0.86,0.86,0.86,0.86,0.86,-1.09,0.8,0.86,0.86,0.86,0.85,0.85,0.83,0.86,0.86,-1.02,0.85,0.85,0.84,0.86,0.86,0.86,0.85,0.84,0.86,0.86,0.86,0.86,0.86,-1.02,0.79,0.86,0.86,0.86,0.86,0.86,0.82,0.84,0.86,0.8,0.86,0.85,0.85,0.86,0.86,0.85,0.86,0.83,0.86,0.86,0.86,0.86,0.86,-1.13,0.85,0.86,0.86,-1.13,0.85,0.86,0.86,0.86,0.86,0.83,0.86,0.86,0.86,0.86,0.86,0.86,0.86,0.86,0.86,0.86,0.86,0.86,0.86,0.86,0.86,0.86,-1.11,0.86,0.86,0.83,0.86,0.86,0.86,0.86,0.84,0.84,0.86,0.86,0.86,0.7,0.84,0.85,0.86,0.86,0.86,0.84,0.86,0.86,0.86,0.86,0.86,0.86,0.86,0.83,0.86,0.85,0.86,0.85,0.86,0.86,0.86,0.86,0.84,0.84,-1.11,0.75,0.85,0.86,0.84,0.86,0.81,0.86,-1.14,0.86,0.86,0.86,0.84,0.86,0.86,0.86,0.86,0.86,0.86,0.86,0.86,0.86,0.86,0.86,0.86,0.86,0.86,0.86,0.85,0.86,0.86,0.77,-1.03,0.83,0.86,0.85,0.86,0.86,0.86,0.86,0.86,0.86,0.86,0.86,0.85,0.86,-1.13,0.86,0.85,0.86,0.86,0.84,0.86,0.86,0.79,0.86,0.86,0.85,0.86,0.86,0.86,0.83,0.86,0.86,0.86,0.86,0.86,0.86,0.85,0.78,0.86,0.86,-1.04,0.84,0.86,-1.03,0.86,-1.0,0.84,0.86,0.84,0.86,0.85,0.86,0.86,0.85,0.83,0.79,-1.13,0.86,0.82,0.72,0.86,0.86,-1.01,0.86,0.86,0.86,0.86,0.86,0.86,0.86,0.86,0.86,0.85,0.86,0.86,0.86,0.86,0.86,0.86,0.86,0.86,0.86,0.86,0.86,0.86,0.86,0.86,0.86,0.86,0.85,0.86,0.86,0.86,0.84,0.85,0.86,0.86,-1.01,0.85,0.86,0.86,0.86,0.86,0.86,0.86,0.86,0.84,-1.13,0.86,0.85,0.86,0.83,0.86,0.86,0.86,0.86,0.86,0.86,0.86,0.86,0.85,0.86,0.86,0.86,0.86,0.85,0.84,0.86,0.86,0.84,0.76,0.86,0.86,0.86,0.86,0.84,0.86,0.7,0.86,0.86,0.86,-1.14,-1.01,0.84,0.86,0.86,0.86,0.86,0.86,0.86,0.86,-1.13,0.86,0.86,0.86,0.84,0.86,0.84,0.86,0.86,0.86,0.85,0.86,0.86,0.86,0.86,0.86,0.86,0.86,0.86,0.86,-1.15,0.86,0.86,0.86,0.86,0.86,0.85,0.84,0.86,0.85,0.86,0.84,0.86,0.86,0.85,0.86,0.86,0.74,0.86,0.86,0.8,0.86,0.86,0.86,0.86,0.86,0.86,0.86,0.86,0.85,0.86,0.86,0.86,0.86,0.85,0.86,0.86,-1.13,0.86,0.84,0.84,0.86,0.84,0.86,-1.1,0.83,0.71,0.86,0.86,0.86,0.86,-1.06,0.86,0.83,0.86,0.86,0.84,0.86,0.86,0.86,0.86,0.73,0.86,0.86,-1.04,0.86,0.86,-1.12,0.86,0.85,0.86,0.86,0.86,0.83,0.86,0.86,0.86,0.86,0.86,0.86,0.86,0.86,0.86,0.86,0.86,0.86,0.86,0.85,0.86,0.86,0.84,0.86,0.86,0.86,0.86,0.86,0.86,0.86,0.86,0.86,0.86,0.86,0.86,0.86,0.84,0.86,0.79,0.86,0.86,-1.13,0.86,0.86,0.86,-1.09,0.86,0.86,0.86,0.86,0.86,0.86,0.86,0.86,0.86,0.85,0.86,0.86,0.86,0.86,0.86,0.86,0.86,0.84,0.86,0.86,-1.09,0.86,-1.0,0.86,0.85,0.86,0.84,0.86,0.86,-1.09,0.85,0.86,0.85,0.86,0.86,0.86,0.86,0.86,0.86,0.86,0.86,0.85,0.86,0.86,0.86,0.86,0.86,0.86,0.86,0.86,0.85,0.86,0.86,0.86,0.86,0.86,0.86,0.86,0.86,0.86,0.86,0.84,0.86,0.86,0.86,0.85,0.86,0.86,0.86,0.86,0.86,0.85,0.86,0.86,0.86,0.86,0.84,0.86,0.86,0.86,0.86,0.84,0.86,0.84,0.86,0.86,0.86,0.85,0.84,0.86,0.86,0.83,0.86,0.86,0.86,0.72,0.86,0.86,0.86,0.86,0.86,0.86,0.84,0.85,0.86,0.85,0.86,0.79,0.86,0.86,0.84,0.86,0.85,0.86,0.86,0.86,0.86,0.86,0.86,0.84,-1.01,0.86,0.84,0.86,0.85,0.86,0.86,0.86,0.86,0.86,0.86,0.86,0.86,0.86,0.86,0.86,0.86,0.86,0.86,0.86,-1.04,0.86,0.86,0.86,0.86,0.86,-1.03,0.86,0.86,0.86,0.86,0.86,0.85,0.85,0.86,0.86,0.84,0.86,0.86,0.85,0.86,-1.02,0.84,0.86,0.86,0.86,0.86,0.86,-1.02,0.86,0.86,0.86,0.84,0.86,0.86,0.86,0.86,0.86,0.86,0.86,0.86,0.85,0.86,0.86,0.86,0.86,0.86,0.86,0.86,0.84,0.86,0.86,0.86,0.86,0.86,0.86,0.86,0.86,0.86,0.85,0.86,-1.13,0.85,0.86,0.86,0.86,0.86,0.85,0.86,0.86,0.86,0.86,0.86,0.86,-1.14,0.85,0.86,-1.13,0.81,0.86,0.86,0.86,0.84,0.86,0.86,0.86,0.86,0.86,0.86,0.86,0.86,0.86,0.86,0.86,0.86,0.85,0.86,0.86,0.86,0.85,0.85,0.86,0.86,0.86,0.85,0.86,0.86,0.86,0.83,0.86,0.84,0.74,0.86,0.86,0.85,0.86,0.86,0.86,0.86,0.86,0.86,0.85,0.86,0.86,0.86,0.86,0.7,-1.14,0.85,0.86,0.86,0.86,-1.02,0.86,0.86,0.84,0.84,0.86,0.86,-1.09,0.86,0.86,0.85,0.86,0.84,0.86,0.86,0.85,0.86,0.86,0.83,-1.09,0.81,0.86,0.86,-1.12,0.85,0.85,0.86,0.84,0.86,0.86,0.84,0.86,0.86,0.86,0.86,0.86,0.85,0.86,0.86,0.86,0.86,0.86,-1.03,0.83,0.81,0.86,0.86,0.86,0.86,0.84,0.86,0.86,0.86,0.86,0.76,0.86,0.86,0.85,0.86,0.86,0.86,0.86,-1.14,0.86,0.86,0.86,0.83,0.86,0.86,0.86,0.86,0.86,0.84,-1.14,0.86,-1.0,0.85,0.86,0.86,0.85,0.84,-1.14,0.86,0.86,0.86,0.86,0.86,0.86,0.86,0.85,-1.07,0.85,0.86,0.85,0.86,0.85,0.83,0.85,0.83,0.82,0.86,0.86,0.86,0.83,0.86,0.86,0.83,0.86,-1.13,0.86,0.86,0.86,0.86,0.86,0.86,0.86,0.84,0.84,0.83,0.85,0.86,0.86,-1.01,0.84,0.86,-1.01,0.85,0.86,0.84,0.84,0.86,0.86,0.86,0.86,0.86,0.74,0.85,0.86,0.85,0.86,0.86,0.86,0.86,0.86,0.72,0.84,0.86,0.86,-1.14,0.86,0.83,0.86,0.85,0.86,0.86,0.86,0.86,-1.13,0.86,0.86,0.86,0.86,0.79,-1.1,0.79,0.85,0.86,0.85,0.86,0.86,0.86,0.86,0.86,0.86,0.86,0.86,0.86,0.86,0.85,-1.0,0.84,0.86,-1.0,0.83,0.86,0.86,0.86,0.85,0.86,0.83,0.86,0.86,0.86,0.86,0.86,0.84,0.86,0.86,0.8,0.72,0.83,0.86,0.86,0.86,0.86,0.86,0.86,0.85,0.86,0.86,0.86,0.86,0.86,0.86,0.84,0.85,0.83,0.86,0.86,0.84,0.86,0.86,0.86,0.86,0.86,-1.1,0.85,0.86,0.77,-1.07,0.86,0.86,0.86,0.81,0.75,0.86,0.86,0.86,0.84,0.86,0.86,0.86,0.86,0.85,0.86,0.86,-1.02,0.86,0.85,0.86,-1.0,0.86,0.78,0.86,0.86,-1.12,0.86,0.86,0.84,0.86,0.85,0.86,0.85,0.86,0.86,0.86,0.86,0.86,0.86,0.86,0.86,0.86,0.86,0.86,0.86,0.86,0.86,0.85,0.86,0.86,0.86,0.86,0.86,0.86,0.86,0.86,0.86,0.86,0.86,0.86,0.86,0.85,0.86,0.84,0.86,0.86,0.86,0.86,0.86,0.86,0.86,-1.08,0.86,0.85,0.86,0.86,0.86,0.86,0.84,0.84,0.86,-1.07,0.86,0.86,0.86,0.86,0.86,0.86,0.85,0.86,0.86,0.86,0.86,0.85,0.85,0.86,0.86,0.86,0.86,0.85,0.85,0.86,0.86,0.86,0.86,-1.14,0.86,0.86,0.86,-1.03,0.86,0.86,0.86,0.86,-1.01,0.86,0.86,0.86,0.84,0.85,0.86,0.86,0.86,0.85,0.86,0.86,0.86,0.86,0.86,0.85,0.86,0.86,0.86,0.86,0.86,0.86,0.86,0.84,0.85,0.86,0.86,0.86,0.85,0.86,0.86,0.74,0.86,0.86,0.86,0.86,0.86,0.85,0.86,0.86,0.86,0.86,0.79,0.86,0.86,0.86,-1.05,0.85,0.86,0.86,0.85,0.86,0.86,-1.1,0.86,0.86,0.85,0.86,0.86,0.86,-1.0,0.86,0.86,-1.1,-1.13,0.85,0.86,0.76,0.86,0.86,0.79,0.8,0.86,0.86,0.86,0.85,0.86,0.85,0.86,0.86,0.86,0.86,0.86,0.86,0.86,0.86,0.86,0.86,0.86,0.86,0.86,0.86,0.86,0.84,0.86,0.86,0.86,0.86,0.86,0.85,-1.05,0.85,0.74,0.86,0.85,0.86,0.86,0.84,0.85,0.86,0.86,0.86,0.86,0.86,0.86,-1.24,-1.03,0.84,0.86,0.86,0.84,0.84,0.86,0.86,0.86,0.86,0.86,0.86,0.85,0.86,-1.1,0.85,0.86,0.86,0.86,0.86,0.86,0.86,0.86,0.85,0.86,0.84,0.86,0.86,0.84,-1.13,0.86,0.86,0.86,0.85,0.86,0.86,0.83,-1.11,0.86,0.85,0.86,0.85,0.85,0.86,0.86,0.86,0.86,0.85,0.86,0.85,0.86,0.86,0.86,0.86,0.86,0.86,0.86,0.86,0.85,0.85,0.86,0.86,0.86,0.86,-1.08,0.85,0.86,0.86,0.86,0.86,0.86,0.86,0.86,0.86,0.86,0.84,0.86,-1.01,0.86,0.85,0.86,0.86,0.86,0.86,0.86,0.86,0.85,0.86,0.86,0.84,0.86
0.73,0.8,-1.02,0.68,-1.05,-1.08,-1.07,-1.3,0.82,0.77,-1.1,-1.04,-1.01,0.67,0.83,0.84,-1.05,0.83,-1.16,0.82,0.83,0.82,-1.14,-1.11,-1.15,-1.07,0.77,0.78,0.85,0.85,0.84,0.81,-1.18,0.75,0.7,0.83,0.83,0.85,0.74,-1.06,0.86,0.83,0.75,0.83,0.85,0.86,0.77,0.83,0.85,-1.01,0.84,0.8,0.83,0.86,0.84,0.83,0.86,0.86,0.86,0.86,0.84,0.86,0.86,0.86,0.77,0.86,0.86,0.86,0.86,0.86,0.85,0.83,0.84,0.86,0.7,0.86,0.86,0.86,0.86,0.86,0.86,0.86,0.84,0.86,0.86,0.84,0.86,0.86,0.86,-1.02,-1.03,0.84,0.85,0.85,0.86,0.86,0.86,0.86,0.86,0.86,0.86,0.86,0.84,0.86,0.86,0.78,0.86,0.86,0.84,0.86,0.84,0.86,-1.02,0.86,0.86,0.86,0.86,0.83,0.86,0.85,0.86,0.85,0.86,0.86,0.86,0.86,0.85,0.86,0.86,0.86,0.86,0.86,0.86,0.86,0.85,0.86,0.85,0.86,0.86,0.84,0.86,0.86,0.85,0.86,0.86,0.86,0.86,-1.13,-1.02,0.84,0.86,0.84,0.86,-1.0,0.86,0.84,0.86,0.84,0.84,0.86,0.76,0.85,0.86,0.86,0.86,0.86,0.86,0.86,0.86,0.86,0.86,0.86,0.86,0.86,0.85,0.82,0.86,0.86,0.86,0.86,0.86,0.86,0.86,0.86,0.86,0.86,0.86,0.86,0.86,0.86,0.86,-1.04,0.86,0.84,0.86,0.86,0.86,0.86,0.86,0.86,0.84,0.86,0.86,0.84,0.85,-1.14,0.86,0.86,-1.0,0.86,0.86,0.86,0.86,0.86,0.86,0.86,0.85,0.86,0.84,0.86,0.86,0.86,0.86,0.86,0.86,0.86,0.8,0.85,0.86,0.86,0.84,-1.12,0.86,0.86,0.86,0.86,0.86,0.86,0.86,0.86,0.86,0.86,0.86,0.85,0.86,0.86,0.86,-1.06,0.86,0.85,0.79,0.84,0.86,0.86,0.86,-1.02,0.86,0.86,0.86,0.86,0.86,0.86,0.86,0.85,0.86,0.86,0.86,0.86,0.85,0.85,0.86,-1.12,0.86,0.86,0.86,-1.11,0.86,0.86,0.86,0.86,0.86,0.77,0.71,0.86,0.86,0.86,0.86,0.86,0.84,0.86,0.86,0.86,0.86,0.86,0.86,0.86,0.86,0.85,0.86,0.84,0.86,0.85,-1.07,0.86,0.86,0.86,0.85,0.85,0.71,0.86,0.73,0.86,0.86,0.86,0.86,0.86,0.84,0.86,0.86,0.86,-1.05,0.86,0.86,0.86,0.86,0.86,0.86,0.86,0.86,0.84,0.85,-1.03,0.86,0.71,0.86,0.72,0.86,0.86,0.86,0.86,0.86,0.86,0.86,0.86,0.86,0.85,0.86,-1.15,0.86,0.86,0.86,0.86,0.86,0.85,0.86,0.84,0.86,0.86,0.86,0.86,0.84,0.85,0.85,0.86,0.86,-1.0,0.86,0.83,0.85,0.86,0.86,0.84,0.86,-1.0,0.86,0.86,0.86,0.86,0.86,0.86,0.86,0.86,0.83,0.78,-1.03,0.78,0.86,0.86,0.86,0.84,0.85,0.85,0.86,0.86,0.86,0.86,-1.14,0.85,0.86,0.86,0.86,0.83,0.86,0.86,-1.12,0.86,0.86,0.86,-1.01,-1.04,0.86,0.86,0.86,0.84,0.86,0.86,0.86,0.86,0.86,0.85,0.85,0.85,0.72,0.86,0.86,0.86,0.86,0.86,0.85,0.86,0.86,0.85,0.86,0.83,0.84,0.86,0.86,0.86,-1.0,0.86,0.86,0.86,0.86,0.86,0.72,0.86,0.86,0.86,0.84,0.86,0.86,0.84,0.84,-1.13,0.86,0.86,0.84,0.86,0.86,0.86,0.86,0.86,0.86,0.86,0.86,0.86,0.86,0.86,0.86,0.82,0.86,0.82,0.86,0.86,0.86,0.86,0.86,0.86,0.86,0.84,0.85,0.86,0.86,0.86,0.86,0.86,-1.13,0.86,0.86,0.86,0.86,-1.1,0.86,0.85,0.86,0.86,0.85,0.86,0.86,0.86,0.84,0.86,0.86,0.86,0.85,0.86,0.86,0.85,0.85,0.86,0.86,-1.13,0.85,0.86,0.86,0.74,0.86,0.86,0.86,0.86,0.86,0.84,0.84,0.84,0.86,0.86,-1.06,0.82,0.86,0.86,0.86,0.84,0.86,0.86,-1.12,0.86,0.86,0.86,0.86,-1.12,0.86,0.86,0.86,0.86,0.79,0.74,0.86,0.85,0.86,0.86,0.79,0.84,0.86,0.86,0.86,0.85,0.86,0.86,0.83,0.86,0.86,0.86,0.86,0.86,0.86,0.86,0.86,0.86,0.86,0.85,0.86,0.86,0.86,0.76,0.84,0.83,0.86,0.86,0.86,0.85,0.86,0.86,0.86,0.86,0.86,0.86,0.86,0.86,0.86,0.75,0.85,0.86,0.85,0.86,0.86,0.86,0.86,0.86,0.86,0.86,0.84,0.85,-1.12,0.86,0.86,0.86,0.85,-1.05,0.86,0.86,0.84,0.86,0.85,0.86,0.86,0.72,-1.09,0.86,0.77,0.86,0.86,0.86,0.86,0.83,0.85,0.85,-1.12,0.86,0.86,0.86,0.85,0.86,-1.08,0.86,-1.12,0.86,0.86,0.86,0.86,0.83,0.84,0.86,0.85,0.86,0.86,0.86,0.86,0.86,0.86,0.86,-1.07,0.85,0.86,0.86,0.86,0.86,0.86,0.86,0.86,0.86,0.86,-1.24,0.86,0.86,0.86,-1.02,0.84,0.84,0.86,0.86,0.86,0.86,0.86,0.86,0.86,0.86,0.86,0.86,0.86,0.78,0.86,0.86,0.86,0.85,0.86,0.86,0.85,0.86,0.86,0.86,0.85,0.86,0.85,0.86,0.86,0.86,0.84,0.84,0.86,0.86,0.86,0.86,0.86,0.86,0.84,0.86,0.86,0.86,0.86,0.86,0.86,0.86,0.86,0.86,0.83,0.86,0.86,0.86,0.86,0.86,0.86,0.86,0.83,0.86,0.86,0.86,0.86,0.84,0.86,0.86,0.86,0.86,0.75,0.86,0.86,0.84,0.86,0.86,0.86,0.84,0.86,0.86,0.86,0.86,-1.13,0.86,0.86,0.86,0.86,0.86,0.86,0.86,0.86,0.86,0.81,0.86,0.85,0.84,0.86,0.86,0.86,0.81,0.85,0.86,0.85,0.86,0.86,0.86,0.86,0.74,0.86,0.86,0.86,-1.04,0.86,0.86,0.86,0.86,0.86,0.86,0.86,0.86,0.85,0.86,0.86,0.86,0.86,0.85,0.86,0.86,0.84,0.83,0.86,0.86,0.86,0.85,0.85,0.86,0.84,0.86,0.86,0.86,0.86,0.85,0.85,0.86,0.86,0.86,0.86,0.86,0.85,0.86,0.86,0.86,0.86,0.85,0.85,0.86,0.86,0.85,0.74,0.86,0.86,0.86,0.86,0.85,0.86,0.86,0.86,0.86,0.86,0.86,0.86,0.86,0.86,0.84,0.84,-1.03,0.85,0.86,0.86,0.86,0.86,0.86,0.86,0.86,-1.08,0.86,0.76,0.86,0.86,0.86,0.86,0.86,0.86,0.86,0.86,0.86,0.8,0.85,0.86,0.86,-1.07,0.85,-1.13,-1.03,0.83,0.86,0.86,0.86,0.84,0.86,0.86,0.86,0.86,0.86,0.82,0.84,0.69,0.86,0.86,0.86,0.86,0.86,0.86,0.86,0.86,0.86,0.86,0.86,-1.07,0.86,0.85,-1.11,-1.07,0.86,0.86,0.83,0.86,0.84,0.86,0.84,0.86,0.86,0.86,0.86,0.85,0.86,0.86,0.86,0.86,0.85,0.86,0.86,0.86,0.86,0.86,0.86,-1.02,0.85,0.86,0.86,0.86,0.86,0.86,0.75,-1.09,0.86,-1.21,0.8,0.7,0.86,0.86,0.84,0.86,-1.14,0.84,0.85,0.86,0.86,0.86,-1.07,0.86,0.82,0.86,0.86,0.86,0.86,0.86,0.86,0.83,0.74,-1.05,0.86,0.86,0.86,0.84,0.86,0.86,-1.13,0.86,0.86,0.86,0.86,0.85,0.86,0.86,0.86,0.86,0.85,0.86,0.86,0.86,0.84,-1.05,0.85,0.86,0.86,0.86,0.85,0.86,0.86,0.86,0.85,-1.05,0.86,0.82,0.86,0.86,-1.13,0.86,0.86,0.84,0.83,0.86,0.83,0.86,0.73,0.86,0.86,-1.04,0.84,0.86,-1.13,0.86,0.86,0.86,0.86,0.86,-1.01,0.86,0.86,0.86,0.86,0.86,0.86,0.86,0.86,0.86,0.86,0.85,0.86,0.86,0.84,0.86,0.86,0.86,0.78,0.86,0.86,0.86,0.86,0.86,0.86,-1.06,0.86,0.86,0.84,-1.09,0.82,0.86,0.86,0.84,0.86,0.84,0.86,0.84,0.84,0.86,0.86,0.85,0.86,0.69,0.86,0.73,0.86,0.85,0.86,0.86,0.86,0.86,0.86,0.84,-1.23,0.85,-1.04,0.85,0.86,0.86,0.86,0.85,0.86,0.86,0.86,0.86,0.85,0.77,0.86,0.86,0.86,0.86,0.86,0.85,0.86,0.86,0.86,0.86,0.86,0.86,0.86,-1.05,0.83,-1.07,0.86,0.86,0.86,0.69,0.84,0.86,0.78,0.86,0.85,0.86,0.76,0.86,0.86,0.83,0.86,0.86,0.84,0.86,0.86,0.86,0.86,0.71,0.86,0.86,0.86,-1.03,0.78,0.77,-1.1,0.86,0.86,0.86,0.86,0.86,0.86,0.86,0.79,-1.02,0.86,0.86,0.86,0.86,0.86,0.86,0.86,0.86,0.83,0.86,0.86,0.86,0.86,0.86,0.86,0.86,-1.13,-1.12,0.85,0.86,0.86,0.86,0.86,0.86,0.86,-1.01,-1.14,0.84,0.86,0.86,0.85,0.86,0.85,0.86,0.85,0.86,0.86,0.75,0.86,0.86,0.85,0.86,-1.02,0.86,0.86,0.86,0.86,0.72,0.86,-1.01,0.85,0.86,0.86,0.84,0.85,0.86,0.86,-1.02,0.86,0.85,0.73,0.86,0.84,0.86,0.86,0.86,0.85,0.86,0.76,-1.12,0.86,0.86,0.86,0.84,0.83,0.86,0.86,0.86,0.86,0.86,0.85,0.81,0.83,0.86,0.86,0.86,0.86,0.84,0.86,0.86,0.86,0.85,0.86,0.86,0.86,0.85,-1.09,0.86,0.82,0.84,-1.01,-1.03,0.86,0.86,0.86,0.86,0.86,0.84,0.86,0.86,0.86,0.86,0.86,0.84,0.86,0.86,0.86,-1.12,0.83,0.78,0.86,0.86,0.86,0.86,0.86,0.85,0.86,0.84,-1.09,0.85,0.86,0.86,0.84,0.86,0.86,0.86,0.86,0.86,0.86,0.86,0.86,-1.1,0.85,0.85,0.85,0.86,0.86,0.86,0.85,0.86,0.86,0.86,0.86,0.86,-1.04,0.86,-1.05,0.86,0.71,0.85,0.86,0.86,0.86,0.86,0.86,0.82,0.86,0.86,0.86,0.86,0.84,0.86,0.86,0.86,0.86,0.86,0.86,0.84,0.86,0.86,0.86,0.86,0.85,0.86,0.85,0.85,0.75,0.85,0.73,0.83,0.86,0.84,0.86,0.86,0.86,0.86,0.83,0.86,0.83,0.86,0.85,0.86,0.83,0.86,0.85,0.86,0.86,0.86,0.86,0.86,0.86,-1.01,0.86,0.86,0.86,0.86,0.86,0.84,0.86,0.84,0.86,0.86,0.86,0.86,-1.05,0.82,0.85,0.86,0.86,0.86,0.86,0.85,0.86,0.86,0.86,0.86,0.86,0.86,0.86,0.86,-1.14,0.84,0.86,0.86,0.77,0.86,0.86,0.84,0.86,0.81,0.84,0.85,0.84,0.8,0.84,0.85,0.86,0.86,0.86,0.86,0.7,0.86,0.86,-1.03,0.86,0.86,0.86,0.86,0.86,0.86,0.85,-1.01,0.86,0.86,-1.02,0.86,0.84,0.86,0.8,0.86,0.86,0.86,0.86,0.86,0.86,0.86,0.84,0.86,0.86,0.85,0.84,0.86,0.85,0.86,0.86,0.86,0.86,0.86,0.86,0.86,0.85,-1.07,0.86,0.84,0.85,0.86,0.86,0.86,0.86,0.85,0.86,-1.06,0.86,-1.29,0.85,-1.03,0.86,0.85,0.86,0.86,0.84,0.86,0.86,0.86,0.86,0.86,0.86,0.86,0.86,0.86,0.86,0.86,0.74,0.86,0.86,0.86,0.86,0.86,0.84,0.86,0.86,0.86,0.86,0.86,0.86,0.86,0.86,0.86,0.86,0.86,0.86,0.86,0.86,0.86,0.84,-1.12,0.84,0.86,0.86,0.86,0.84,0.86,0.86,0.86,0.84,0.86,0.86,0.86,0.86,0.86,0.86,0.86,-1.02,0.84,0.85,0.86,-1.04,0.86,0.86,0.86,0.86,0.86,0.86,-1.03,0.86,0.86,0.85,0.86,0.84,0.86,0.86,0.86,0.86,0.74,0.86,0.86,0.86,0.86,0.86,0.86,0.86,0.86,0.86,0.86,0.75,0.85,0.85,0.86,0.86,-1.05,0.86,0.86,0.84,0.86,0.84,0.86,0.86,0.84,0.86,0.85,0.86,0.86,0.86,0.85,0.86,0.86,0.86,0.86,0.84,0.86,0.86,0.83,0.86,0.86,0.86,0.82,-1.07,-1.03,0.86,0.86,0.86,0.69,0.86,0.86,0.86,0.83,0.86,0.86,0.86,0.86,0.84,0.86,0.86,0.86,0.86,0.84,0.86,0.86,0.86,0.86,0.86,0.86,0.86,0.86,0.86,0.83,0.86,0.83,0.85,0.86,0.86,0.86,0.86,0.86,0.86,0.86,0.86,0.86,0.86,0.86,0.86,0.71,0.86,0.86,0.86,0.86,0.86,0.86,0.86,0.86,0.86,0.84,-1.02,0.86,0.86,0.85,0.86,-1.0,0.86,0.86,0.86,0.86,0.85,0.86,0.86,0.86,0.86,0.86,0.86,0.81,0.86,0.86,0.84,-1.0,0.86,0.86,0.86,0.85,0.86,0.86,0.84,0.86,0.86,0.86,0.86,0.86,0.86,0.86,0.86,0.86,0.86,0.86,0.86,0.86,0.86,0.86,0.86,-1.1,0.84,0.86,0.81,-1.1,0.85,0.86,0.86,0.85,0.86,0.85,0.86,-1.15,-1.0,0.86,0.86,0.86,0.86,0.85,0.86,0.86,0.86,0.86,0.86,0.86,0.86,0.85,0.86,0.85,0.86,0.86,0.86,0.85,0.86,-1.08,0.82,0.86,0.86,0.86,0.86,-1.01,0.83,0.86,0.86,0.86,0.86,0.86,0.86,0.86,0.86,-1.02,0.86,0.85,0.86,0.86,0.86,0.86,0.86,0.86,0.86,0.86,0.86,0.86,0.83,0.71,0.83,0.86,0.86,0.85,0.86,0.74,0.85,0.86,0.86,0.86,0.86,0.86,0.86,0.86,-1.06,0.85,0.86,-1.1,0.85,0.86,0.86,0.86,0.86,0.86,-1.14,0.86,0.85,0.86,0.86,0.86,0.86,0.86,0.86,0.73,0.7,0.86,0.86,0.86,0.86,0.86,0.86,0.86,0.86,0.84,0.86,0.86,0.86,0.86,0.86,-1.14,0.85,0.83,0.86,0.86,0.86,0.86,0.86,0.86,0.85,0.86,0.86,-1.11,0.86,0.84,0.85,0.76,0.86,0.86,0.86,0.86,0.86,0.86,0.76,0.86,0.86,0.85,0.85,0.86,0.86,0.86,0.85,0.86,0.86,0.72,0.86,-1.02,0.83,0.85,0.86,0.86,0.86,0.82,-1.02,0.86,0.84,0.86,0.85,0.86,0.85,0.73,0.86,0.84,0.86,0.85,-1.15,0.86,0.86,0.85,0.83,0.86,0.86,0.86,0.86,0.86,0.86,0.86,0.86,0.86,0.86,-1.03,0.85,0.86,0.84,0.86,0.86,0.84,0.78,0.86,0.86,0.86,0.86,0.82,0.86,0.86,0.86,0.86,0.86,0.85,0.85,-1.13,0.84,0.86,0.84,0.86,0.86,0.86,0.86,0.86,0.85,0.86,0.85,0.86,0.86,0.85,0.86,-1.12,0.86,0.86,0.86,0.86,0.86,0.86,0.86,-1.0,0.86,0.86,0.85,0.85,0.86,0.86,0.73,0.86,0.86,0.86,-1.03,0.84,0.86,0.86,0.86,0.86,0.86,0.86,0.86,0.86,0.86,0.86,0.86,0.86,0.72,0.86,0.86,0.86,-1.08,0.86,0.86,0.85,0.84,0.85,0.86,0.86,0.85,0.86,0.86,0.86,0.86,0.86,0.86,0.86,0.86,0.86,0.85,0.86,0.86,0.86,0.86,0.86,0.86,0.86,0.86,-1.02,0.86,0.86,0.86,0.86,0.86,0.86,0.84,0.86,0.77,0.86,0.86,-1.06,0.85,0.86,0.86,0.86,0.86,0.86,0.84,0.86,0.86,0.86,0.86,0.86,0.86,0.86,0.86,0.86,0.86,0.86,0.85,0.86,0.86,0.86,0.86,0.86,0.86,0.86,-1.11,0.86,0.86,0.86,0.85,0.86,0.84,0.84,0.86,0.84,0.86,0.86,0.86,0.86,-1.0,0.86,0.86,0.84,0.86,0.84,0.86,0.86,0.86,0.86,0.86,0.85,0.86,0.86,0.86,0.86,0.86,0.86,0.86,0.86,0.86,0.86,0.84,0.84,0.86,0.86,0.84,0.86,0.86,0.86,0.86,0.86,0.86,0.84,0.86,0.79,0.86,0.86,-1.11,0.86,0.86,0.86,0.85,0.86,0.86,0.86,0.86,0.86,0.86,0.84,0.86,0.84,0.86,0.85,0.86,0.86,0.86,0.85,0.86,0.86,0.85,0.86,0.86,0.86,-1.02,-1.01,0.84,0.85,0.84,0.86,0.84,0.86,0.84,0.86,0.86,0.86,0.86,0.86,0.84,0.84,0.86,0.86,0.84,0.86,0.86,0.86,0.86,0.86,0.86,0.86,0.86,0.86,0.86,0.86,-1.12,0.86,0.86,0.84,0.86,-1.12,0.86,0.83,0.86,0.86,0.85,0.84,0.86,0.86,0.86,0.86,0.86,0.86,0.86,0.86,0.86,0.84,0.86,0.86,-1.03,0.86,0.86,0.86,0.86,0.86,0.85,0.86,0.86,0.86,0.86,0.86,0.8,-1.02,0.84,0.84,0.86,0.82,0.85,0.85,0.86,0.86,-1.13,-1.08,0.85,0.86,0.84,0.84,0.86,0.8,0.86,0.86,0.86,0.86,0.86,0.86,0.86,0.86,-1.02,0.77,0.86,0.86,0.86,0.86,0.86,0.86,0.86,0.86,0.85,0.86,0.75,0.86,0.86,0.86,0.86,0.85,0.71,0.86,0.86,0.86,0.75,0.86,0.86,0.86,0.86,0.86,0.86,0.85,0.86,0.86,0.86,0.85,0.86,0.86,-1.04,0.86,0.85,0.86,0.86,0.86,0.86,0.86,0.85,-1.1,0.85,-1.27,0.86,0.86,0.86,0.86,0.86,0.86,0.86,0.86,0.86,0.86,0.85,0.85,0.86,0.86,0.86,0.86,0.85,0.86,0.86,0.85,0.86,0.86,0.81,0.86,0.86,0.84,-1.07,0.83,0.84,0.86,0.86,0.86,0.86,0.86,0.86,0.86,0.86,0.85,0.86,0.86,0.86,0.85,-1.14,0.86,0.86,0.84,0.86,0.85,0.86,0.86,0.86,0.85,0.86,0.86,0.83,0.84,0.86,-1.12,0.83,0.86,0.86,-1.07,0.86,0.85,0.84,0.77,0.85,0.85,0.85,0.86,0.86,0.86,0.84,0.86,0.86,0.86,0.55,-1.09,0.83,0.86,0.86,0.86,0.82,0.86,0.86,0.86,0.86,0.86,0.86,0.86,0.85,0.86,0.86,0.86,0.85,0.86,0.86,0.86,0.86,0.86,0.85,0.86,0.84,0.85,0.86,0.86,0.86,0.86,0.86,0.86,0.86,0.79,0.86,0.86,-1.01,0.85,0.83,0.85,0.83,-1.04,0.85,0.85,0.86,0.78,0.86,0.86,0.85,0.85,0.84,-1.06,0.86,0.86,0.71,0.86,0.86,0.86,0.85,0.86,0.85,0.85,0.86,0.86,0.86,0.86,0.85,0.85,-1.05,0.83,0.86,0.86,0.86,0.86,0.86,0.86,0.82,-1.07,-1.02,0.85,0.85,0.86,0.86,0.86,0.86,0.86,0.85,0.86,0.86,0.86,0.86,0.86,0.86,0.85,0.86,-1.04,0.86,0.86,0.86,0.86,0.86,0.84,0.86,0.86,0.84,0.83,0.86,0.86,0.86,0.86,0.86,0.86,0.85,0.86,0.86,0.86,0.86,0.86,0.86,0.86,0.86,0.86,-1.07,0.86,0.84,0.86,0.86,-1.0,0.85,-1.06,0.86,-1.02,0.86,0.86,0.86,0.86,0.84,0.76,0.86,0.74,0.85,0.86,0.86,0.86,0.86,0.86,0.86,0.84,0.85,0.84,0.86,0.86,0.86,0.86,0.86,0.86,0.86,0.86,0.72,0.85,0.86,0.86,0.86,0.86,0.86,0.86,0.86,0.86,0.86,0.86,0.86,0.86,0.85,0.86,0.86,0.86,0.86,0.86,0.86,0.86,0.84,0.86,0.86,-1.11,0.85,0.86,0.86,0.86,0.86,0.86,0.86,0.86,0.86,0.86,0.86,0.86,0.72,0.86,0.86,0.86,0.86,0.86,0.85,0.79,0.86,0.86,0.78,0.86,0.86,0.86,0.86,0.86,0.86,0.86,0.86,0.84,0.86,0.84,0.86,0.86,0.86,0.86,0.86,0.83,0.85,0.86,0.86,0.86,0.85,0.85,0.83,-1.13,0.86,0.86,0.84,0.86,0.86,-1.13,-1.11,0.86,0.86,0.85,0.86,-1.14,0.86,0.86,0.86,0.86,0.85,-1.07,0.86,0.85,0.78,0.86,0.85,0.84,-1.15,0.86,0.81,0.86,0.85,0.86,0.86,0.86,0.85,0.77,0.84,0.86,0.86,0.86,0.86,0.86,0.86,0.86,0.86,0.86,0.85,0.86,0.75,0.86,-1.04,0.85,-1.01,0.85,-1.03,0.86,0.83,0.85,0.86,0.84,-1.13,0.86,0.85,0.86,0.85,0.84,0.86,0.84,0.86,0.85,0.85,0.8,0.86,0.86,0.86,0.86,0.85,0.86,0.86,0.84,0.84,-1.14,0.86,0.86,0.86,0.86,0.86,0.85,0.86,0.86,-1.13,0.86,0.86,0.86,0.86,0.86,0.86,0.86,0.85,0.86,0.86,0.86,0.86,-1.03,0.86,0.86,0.86,0.86,0.86,0.83,0.84,0.86,0.86,0.86,0.84,0.86,0.86,-1.11,0.84,0.85,0.86,0.86,0.85,0.86,0.86,0.86,0.84,0.76,0.85,0.86,-1.07,0.86,0.86,0.84,0.86,0.86,0.86,0.86,0.86,0.84,0.86,0.86,0.85,0.86,0.86,0.86,0.85,0.85,0.77,0.86,0.86,0.86,0.86,0.86,0.86,0.84,0.86,0.86,0.86,0.86,0.86,0.85,0.86,0.86,-1.14,0.85,0.82,-1.03,0.85,0.86,-1.01,0.85,0.85,0.86,0.84,0.86,0.86,0.86,0.86,0.86,0.86,0.86,0.86,0.84,0.84,0.86,0.86,0.86,0.86,0.83,0.86,0.86,0.75,0.86,0.86,0.86,0.86,0.86,0.86,0.86,0.86,0.86,0.86,0.86,0.86,0.85,0.86,0.86,0.86,0.86,0.86,0.86,0.86,0.86,0.73,0.86,0.86,0.86,0.86,0.86,0.86,0.86,0.85,0.84,0.85,0.86,0.86,0.86,0.86,0.86,0.83,0.86,0.86,0.85,0.85,-1.14,0.84,0.86,0.86,0.86,0.86,0.86,0.83,0.86,-1.04,0.83,0.84,0.86,0.84,0.86,0.86,0.86,0.86,0.86,0.86,0.86,-1.13,0.86,0.86,0.86,0.86,0.86,0.86,0.85,0.85,0.86,0.86,0.86,0.86,0.86,-1.11,0.86,0.84,0.86,-1.04,0.86,0.85,0.86,0.84,0.86,0.86,0.86,0.86,0.86,-1.04,0.86,0.86,0.86,0.86,0.86,0.83,0.86,0.86,0.86,0.86,0.86,0.86,0.86,0.86,-1.06,0.86,-1.12,0.86,0.86,0.84,0.82,0.86,0.83,0.86,-1.14,0.86,0.86,0.85,0.86,0.86,0.86,0.82,0.86,0.86,0.86,-1.01,-1.07,0.86,0.83,0.86,0.85,0.84,0.86,0.86,0.86,0.86,0.8,0.84,0.86,0.86,0.85,0.86,0.86,0.86,0.86,0.86,0.86,0.86,0.86,0.83,0.86,0.85,0.84,0.86,0.86,-1.08,0.85,-1.17,0.86,0.83,0.85,0.84,0.85,0.86,0.86,0.86,0.85,0.85,0.85,0.86,0.86,0.86,0.86,0.86,0.86,0.86,0.86,0.86,0.86,0.86,0.86,0.86,0.83,0.84,0.86,0.85,0.86,0.86,0.85,0.86,0.86,0.86,0.86,0.86,0.86,0.85,0.86,0.86,0.86,0.84,0.86,0.86,0.86,0.67,0.84,0.85,0.86,0.86,0.86,0.86,0.86,0.86,0.86,0.86,0.86,0.85,0.86,0.85,0.83,0.86,0.86,0.84,0.86,0.86,0.86,0.81,0.84,0.86,0.86,0.86,0.84,0.86,0.73,0.86,0.84,0.86,0.84,0.84,0.84,0.86,0.86,0.86,0.84,0.86,0.86,0.84,0.86,0.86,0.86,0.86,0.86,0.86,0.86,0.86,-1.18,0.86,0.86,0.86,0.86,0.86,0.86,0.86,0.86,0.86,0.85,0.74,0.86,0.71,0.85,0.86,0.86,0.85,0.86,0.86,0.86,0.83,0.86,0.86,0.86,0.86,0.86,0.86,0.86,0.86,0.86,0.86,-1.12,-1.05
-1.04,0.79,0.66,-1.0,0.71,0.84,-1.0,-1.02,-1.26,0.74,-1.17,0.85,-1.07,0.77,-1.05,-1.09,-1.13,-1.04,-1.05,0.77,-1.16,0.84,0.77,-1.14,0.86,0.8,0.81,-1.49,-1.12,-1.02,0.85,0.85,0.83,0.8,0.67,0.84,-1.05,0.86,0.85,0.85,0.81,0.84,0.76,0.86,0.83,0.83,0.86,0.86,0.79,0.77,0.77,0.86,0.85,-1.18,0.85,0.86,0.86,0.86,0.86,0.86,0.86,0.86,0.83,0.86,0.86,0.84,0.86,0.86,0.86,0.84,0.86,0.86,0.84,0.86,0.86,0.86,0.85,0.85,0.85,0.86,0.86,0.86,0.86,-1.08,0.86,0.84,0.86,0.86,0.86,0.86,0.86,0.86,0.86,0.86,0.86,0.86,0.86,0.86,0.86,0.86,0.86,0.86,0.86,0.77,0.78,0.83,0.86,0.86,0.86,0.86,0.86,0.86,0.86,0.86,0.86,0.86,0.86,0.86,0.85,0.86,0.86,0.86,0.86,-1.01,0.86,0.86,0.72,0.86,0.86,0.71,-1.01,0.86,0.86,0.86,0.85,0.84,0.84,0.85,-1.02,0.86,0.86,0.86,0.86,0.86,0.86,0.86,0.85,-1.05,0.86,0.86,0.86,0.86,0.86,0.86,-1.15,0.77,0.83,0.86,0.86,0.86,0.86,0.86,0.84,0.86,0.86,0.86,0.85,0.86,0.86,0.86,-1.09,0.86,0.86,-1.04,0.86,0.86,0.86,-1.02,0.86,0.86,0.86,0.85,0.85,0.86,0.85,0.84,0.85,0.86,0.86,0.84,0.86,0.86,0.84,0.86,0.86,0.86,0.86,0.86,0.86,0.86,0.86,0.71,0.86,0.86,0.86,0.86,0.86,0.82,0.86,0.85,-1.05,0.86,0.86,0.85,0.84,0.86,0.86,0.86,0.85,0.86,0.86,0.86,0.86,0.86,0.86,0.86,0.86,0.86,-1.03,0.86,0.85,0.86,0.86,0.86,0.86,-1.02,0.85,0.85,0.86,0.86,0.86,0.85,0.85,0.86,0.86,0.86,0.86,0.86,0.86,0.86,0.86,-1.04,0.81,0.86,-1.01,0.86,0.86,0.86,0.86,0.84,0.83,0.84,0.86,0.86,0.84,0.86,0.84,0.86,0.85,0.86,-1.09,0.84,0.86,-1.13,0.85,0.85,0.86,0.86,0.86,0.86,0.86,0.86,0.86,0.86,0.84,0.86,0.86,0.86,0.86,0.82,0.86,0.86,0.83,0.86,0.86,0.86,0.86,0.86,0.84,0.86,0.86,0.85,0.86,0.86,0.86,0.84,0.86,0.86,0.86,0.86,-1.12,0.84,0.8,0.86,0.84,0.86,0.86,0.85,0.86,0.86,0.84,0.84,0.86,0.86,0.86,0.86,0.86,0.86,0.86,0.86,0.86,0.86,0.84,0.86,0.86,0.86,0.84,0.85,0.86,0.86,0.86,0.86,0.86,0.86,0.86,0.86,0.86,0.86,0.86,0.86,0.86,0.86,0.86,0.86,0.86,0.86,0.85,0.86,0.86,0.86,0.86,0.86,0.86,0.86,0.86,0.84,-1.1,0.86,0.86,-1.03,0.86,0.85,0.86,-1.05,0.86,0.86,0.86,0.86,0.86,0.86,0.86,0.77,0.86,0.86,0.86,0.86,0.86,0.86,0.86,0.86,0.86,0.86,0.86,0.86,0.86,0.84,0.84,0.86,0.8,0.86,0.86,0.85,0.86,0.86,0.86,0.85,0.86,0.86,0.86,0.86,0.85,0.86,0.86,-1.04,0.86,0.86,0.86,0.86,0.86,0.86,0.86,0.86,0.86,0.86,0.83,0.86,0.86,0.86,0.85,0.86,0.84,0.86,0.86,0.86,0.86,0.86,0.86,0.86,0.86,0.85,0.86,0.86,0.86,0.86,0.72,0.85,-1.11,0.86,0.86,0.84,0.86,0.85,0.86,0.86,0.84,0.86,0.84,0.83,0.82,-1.04,0.86,0.85,-1.07,0.86,0.72,0.86,0.85,0.86,0.86,0.85,0.86,-1.12,0.86,0.86,0.85,0.86,0.86,0.86,0.86,0.86,0.86,0.86,0.84,0.86,0.86,0.85,0.86,0.86,0.86,0.85,0.85,0.86,0.85,0.86,0.86,0.86,0.86,0.86,0.7,0.85,0.83,0.85,0.86,0.86,0.85,0.86,0.86,0.75,0.8,0.84,0.86,0.84,0.84,0.83,0.86,0.83,0.86,0.86,0.86,0.86,0.86,0.86,-1.11,0.86,0.85,0.86,0.86,0.86,0.86,0.86,0.86,0.86,0.86,0.86,0.86,-1.13,0.86,0.86,0.86,0.75,0.86,0.86,0.86,0.84,0.86,-1.15,0.82,0.85,0.85,0.85,0.86,-1.04,0.86,0.86,0.86,0.86,0.86,0.86,0.82,0.86,0.86,0.86,0.86,0.86,0.85,0.86,0.86,0.86,0.82,0.86,0.81,-1.06,0.85,0.86,-1.12,-1.02,0.86,0.86,0.86,0.86,-1.09,0.86,0.86,0.86,0.86,0.85,-1.1,0.77,0.86,0.86,0.84,0.86,0.86,0.86,0.86,0.85,0.86,0.86,0.86,0.84,0.86,0.86,-1.13,0.86,0.86,-1.04,0.86,0.83,0.85,0.86,0.86,0.81,0.85,-1.08,0.86,0.85,0.86,0.86,0.85,0.84,0.86,0.86,0.86,0.86,0.71,0.86,0.86,0.86,0.86,0.86,0.86,0.86,-1.09,0.86,0.86,0.86,0.86,0.86,0.86,0.85,0.86,0.86,0.86,-1.09,0.86,0.86,0.86,0.82,0.86,0.86,0.86,0.86,0.84,0.86,0.85,0.84,0.86,0.86,0.86,0.86,0.86,0.86,0.86,0.86,0.83,0.86,0.86,0.83,0.86,0.86,0.86,0.86,0.86,-1.16,0.86,0.86,0.86,0.83,0.86,0.86,0.86,0.86,0.86,-1.06,0.86,0.86,0.84,-1.05,0.86,0.86,0.86,0.86,0.86,0.86,0.86,0.86,0.86,0.86,0.86,0.86,0.85,0.86,0.86,0.86,0.86,0.86,0.86,0.86,0.86,0.86,0.83,0.82,0.84,0.86,0.86,-1.04,0.86,0.86,0.86,0.86,0.86,-1.01,0.86,0.86,0.86,0.86,0.85,-1.03,0.86,0.86,-1.07,0.83,0.86,0.86,0.84,0.86,0.86,0.86,-1.03,0.74,0.86,0.86,0.86,0.86,0.86,0.86,0.85,-1.06,0.86,0.86,0.86,0.86,0.85,0.86,0.86,0.83,0.84,0.86,-1.15,0.83,0.86,0.86,0.86,0.86,0.86,0.86,0.84,-1.12,0.86,0.86,0.86,0.86,0.86,0.85,0.86,0.86,0.86,0.86,0.86,0.86,0.84,-1.04,0.85,0.86,0.86,0.86,0.86,0.86,0.86,0.85,0.85,0.86,0.84,0.86,0.84,0.85,0.86,0.86,0.86,0.86,0.86,0.86,0.85,0.86,0.85,-1.02,0.86,0.86,0.85,0.86,0.86,0.86,0.86,0.86,0.86,0.86,0.86,0.86,0.86,0.85,0.86,0.81,0.86,0.86,0.77,0.86,0.83,0.85,0.86,0.86,0.86,0.86,0.86,0.86,0.86,0.85,0.86,-1.02,-1.03,0.86,0.72,0.85,0.86,-1.07,0.86,0.86,0.86,0.86,0.86,0.71,0.74,0.86,0.86,0.86,-1.09,0.86,0.86,0.86,0.85,0.86,0.86,0.86,0.86,0.84,0.86,0.84,0.86,0.86,0.85,0.86,0.82,0.86,0.85,0.86,0.86,0.86,0.86,0.86,0.86,0.86,0.86,0.85,-1.14,0.85,0.86,-1.06,0.86,0.86,-1.01,0.86,0.84,0.86,-1.02,0.86,0.86,0.86,0.86,0.86,0.84,0.86,0.86,0.86,0.86,0.86,0.86,0.84,-1.06,0.86,0.86,0.86,0.73,0.86,0.75,0.86,0.86,0.86,0.86,0.84,0.86,0.86,0.86,0.85,0.86,0.86,0.86,0.86,0.86,0.86,0.86,0.85,0.86,0.85,0.85,0.86,0.86,-1.06,0.86,-1.1,0.86,0.86,0.86,0.86,0.86,0.86,0.85,0.86,0.74,0.86,0.83,0.84,0.86,0.85,0.86,-1.08,0.85,0.84,0.86,0.86,0.86,0.86,0.85,0.86,0.86,0.86,0.86,0.86,0.86,0.85,0.86,0.86,0.86,-1.02,0.86,0.86,0.86,0.85,0.86,0.86,0.84,-1.09,0.85,-1.16,0.86,0.86,-1.13,0.86,0.86,0.86,-1.09,0.85,0.85,0.84,0.86,0.86,0.85,0.84,0.86,0.86,0.86,0.85,0.86,0.86,0.86,0.84,0.86,0.86,-1.09,0.86,-1.13,0.86,0.86,0.86,0.86,0.86,0.86,0.86,0.86,-1.04,0.86,0.86,0.86,0.86,0.86,0.77,0.86,0.86,0.85,0.86,0.86,0.86,0.86,0.79,0.85,0.86,-1.11,0.86,-1.02,0.86,-1.2,0.8,0.86,0.86,0.86,0.86,0.73,0.85,0.85,0.86,0.86,0.86,0.86,0.85,0.86,0.86,0.86,0.74,0.84,0.86,0.86,0.81,0.84,0.86,0.85,0.84,-1.09,0.79,0.86,0.86,0.86,0.86,0.86,0.86,0.86,0.86,0.83,0.72,-1.09,0.85,0.86,0.86,0.86,0.85,0.86,0.86,0.74,0.86,0.86,-1.04,0.78,-1.14,0.85,-1.14,0.86,0.86,0.86,0.86,0.86,0.86,0.86,0.86,-1.04,0.86,0.86,0.86,0.85,0.86,0.86,0.86,0.86,0.86,0.86,0.86,-1.14,0.85,-1.02,0.85,0.86,0.86,0.85,0.72,0.86,0.86,0.86,0.86,0.86,0.86,0.86,0.73,0.86,0.86,0.86,0.86,0.86,0.86,0.86,0.86,0.86,0.86,-1.1,-1.11,0.86,-1.01,0.86,0.85,0.84,0.86,0.86,0.86,0.86,0.86,0.86,0.86,0.86,0.86,-1.09,0.86,0.85,0.86,0.86,0.86,0.86,0.86,0.86,0.86,0.86,0.86,-1.01,0.86,0.84,0.86,-1.03,0.83,0.86,0.86,0.86,0.86,0.86,-1.11,0.71,0.86,0.86,0.86,0.85,0.86,0.86,-1.13,0.85,0.86,-1.01,0.82,0.86,0.86,0.84,0.86,0.86,0.86,0.84,-1.02,0.86,0.86,0.7,0.86,0.86,0.86,0.86,0.86,0.84,-1.1,0.86,0.86,0.86,0.86,0.86,0.86,0.86,0.86,0.86,-1.13,0.86,0.86,-1.03,0.84,0.86,0.86,0.86,0.86,0.86,0.86,0.86,0.86,0.86,0.86,-1.06,0.86,0.86,0.86,0.86,-1.14,0.85,0.86,0.86,0.86,0.86,0.86,0.85,0.86,0.86,0.85,0.86,0.86,0.86,-1.03,0.86,0.86,0.85,-1.13,0.86,0.86,0.86,0.86,0.86,0.85,-1.08,-1.02,0.85,0.85,0.86,0.86,0.86,-1.1,0.86,0.86,0.86,0.86,0.86,0.86,-1.02,0.85,0.86,0.86,-1.12,0.86,0.86,0.85,0.86,0.86,0.86,0.86,0.86,0.86,0.86,0.86,0.86,0.86,0.86,0.86,0.86,0.86,0.86,0.86,0.84,0.86,0.86,0.86,0.84,0.86,0.76,0.86,0.85,0.86,0.86,0.84,0.86,0.86,0.86,0.86,0.86,0.82,0.86,0.86,-1.08,0.86,0.86,0.83,0.86,0.86,0.86,0.86,0.86,-1.14,0.86,0.75,0.86,0.85,0.86,0.86,0.86,-1.12,-1.12,0.85,0.86,0.86,0.86,0.86,0.85,0.86,0.86,-1.13,0.86,0.86,0.86,0.86,0.86,0.85,0.86,0.86,0.85,0.85,0.86,-1.12,0.86,0.86,0.86,0.86,0.85,0.86,0.86,0.86,0.86,0.86,-1.07,-1.11,0.84,0.86,0.86,0.86,0.86,0.86,0.86,0.86,0.86,0.86,0.85,0.86,0.85,0.84,0.86,0.86,0.86,0.86,0.86,0.86,0.8,0.86,0.86,0.86,0.86,0.86,0.86,0.85,0.86,0.86,0.86,0.86,0.85,0.86,0.86,0.85,0.86,0.86,0.86,0.86,0.86,0.86,0.85,0.86,0.84,0.86,0.86,0.86,0.86,0.86,0.86,-1.11,0.84,0.86,-1.14,0.86,0.86,0.74,0.86,0.86,-1.01,0.86,0.86,0.86,0.86,0.86,0.84,0.86,0.86,0.86,0.86,0.86,0.86,0.86,0.86,0.86,0.86,0.86,0.86,0.86,0.86,0.86,0.85,0.86,0.86,0.8,0.84,0.86,-1.07,0.77,0.86,0.86,0.86,0.86,0.86,-1.0,0.85,0.85,0.86,0.84,0.85,0.86,0.86,0.83,0.86,0.86,0.86,0.86,0.7,0.86,0.86,0.84,0.86,0.84,0.86,-1.13,0.7,0.71,0.84,0.86,0.86,0.84,0.86,0.85,0.86,0.85,-1.13,0.86,0.86,0.84,0.86,0.86,0.86,0.86,0.78,0.86,0.85,0.78,0.86,0.86,0.86,0.86,0.86,0.84,0.86,0.86,0.86,0.84,0.86,0.86,0.86,-1.02,0.86,0.86,0.86,0.86,0.86,0.86,0.84,0.83,0.83,0.86,0.86,0.86,0.86,0.85,0.86,0.86,0.86,0.86,0.86,0.86,0.86,0.86,0.86,0.85,0.86,0.78,0.86,0.86,0.86,0.86,0.86,0.86,0.86,-1.12,0.86,0.86,0.86,0.72,0.86,0.86,0.85,0.86,0.86,0.86,0.85,0.86,0.86,0.86,0.86,0.86,-1.03,0.86,0.85,0.78,-1.02,0.86,0.86,0.86,0.86,0.85,0.85,0.86,0.86,0.86,0.86,0.86,0.86,0.84,0.86,0.86,-1.04,0.82,0.86,0.86,0.86,0.86,0.86,0.84,0.86,0.83,0.86,0.86,0.86,0.86,0.86,0.86,0.86,0.86,0.75,0.86,0.86,0.86,0.85,0.85,0.86,0.86,0.86,-1.14,0.86,0.86,0.86,0.86,0.86,0.86,0.85,-1.09,0.85,0.86,0.86,0.86,0.86,-1.0,-1.03,0.86,0.84,0.86,0.86,0.8,0.86,0.86,0.86,0.86,-1.12,0.86,0.86,0.86,0.86,0.86,0.85,0.86,0.86,0.86,0.86,0.86,0.86,0.81,0.86,0.83,0.86,0.86,0.86,0.86,0.86,0.86,0.83,0.86,0.86,0.86,0.86,0.86,0.86,0.86,0.86,0.86,0.74,0.85,0.85,0.84,0.86,0.84,0.86,0.86,0.77,0.86,0.86,0.86,0.86,0.86,0.86,0.86,0.86,0.86,0.86,0.82,0.86,0.85,0.86,0.86,0.86,0.86,0.86,0.84,0.86,0.86,0.86,0.86,0.86,0.86,0.86,0.86,0.86,-1.08,0.82,0.86,0.86,-1.01,0.86,0.86,0.86,0.86,0.84,0.86,0.85,0.86,0.86,0.86,0.86,0.86,0.86,-1.05,0.86,0.85,0.85,0.86,0.86,0.86,0.86,0.86,0.86,0.86,0.86,0.86,0.86,0.85,0.85,0.86,0.86,0.86,0.86,0.85,0.86,0.85,0.86,0.86,0.86,0.85,0.86,0.86,0.86,0.86,0.85,-1.06,0.84,0.86,0.86,0.86,0.86,0.85,0.84,0.86,0.86,0.84,0.86,0.86,0.86,0.84,0.86,0.86,0.86,0.86,0.86,0.86,-1.13,0.86,0.86,0.86,0.86,0.86,0.86,0.86,0.86,0.86,0.86,-1.0,0.86,0.86,0.86,0.85,0.86,0.86,0.86,0.86,0.85,0.86,-1.12,0.85,0.86,0.83,0.86,0.86,0.75,-1.08,0.86,0.86,0.86,0.72,-1.06,0.85,-1.02,0.85,0.86,0.86,0.86,0.86,0.85,0.84,0.86,0.86,0.86,0.86,0.86,0.86,0.84,-1.06,0.86,0.86,0.86,0.86,0.86,0.86,0.84,0.86,0.86,0.86,0.84,0.82,0.86,0.86,0.86,0.86,0.83,0.86,0.81,-1.03,0.86,-1.15,0.86,-1.07,0.84,0.78,0.84,0.86,0.86,0.86,0.86,0.86,0.86,0.86,0.86,0.85,0.65,0.83,0.86,0.86,0.86,0.86,0.86,0.86,0.86,0.85,0.86,0.86,0.86,0.86,0.86,0.85,0.86,0.86,0.74,0.86,0.86,0.85,0.83,0.86,0.86,0.86,0.86,0.86,0.85,0.86,0.85,0.83,0.85,0.86,0.86,0.86,0.86,0.86,0.86,0.86,0.86,0.86,0.79,0.86,0.86,0.85,0.86,0.86,0.86,0.7,0.86,0.82,0.86,0.86,0.86,0.86,0.86,0.86,0.86,0.86,0.86,0.86,0.86,0.81,0.76,0.86,0.86,-1.09,0.83,0.85,0.86,0.86,0.86,-1.02,0.86,0.86,0.83,0.79,0.86,0.85,0.86,-1.13,0.86,0.84,0.85,0.86,-1.06,0.86,-1.05,-1.06,0.85,0.85,0.85,0.85,0.86,0.86,0.85,0.74,0.86,0.86,0.86,0.86,0.86,0.85,0.84,0.85,0.86,0.84,0.86,0.86,0.86,0.86,0.86,0.86,0.86,0.86,0.85,0.85,0.86,0.86,0.86,0.85,0.86,0.86,0.86,0.86,0.86,0.86,-1.15,0.86,0.85,0.86,0.86,0.86,0.86,0.86,0.86,0.85,0.86,0.86,0.86,0.86,0.86,0.86,0.77,0.84,0.86,0.86,0.86,0.71,0.86,0.86,-1.04,0.86,0.86,0.86,0.84,0.86,0.86,0.86,0.86,0.86,0.86,0.86,0.85,0.85,0.86,0.86,0.86,0.86,0.86,0.86,0.86,0.86,0.86,0.86,0.86,-1.12,0.85,0.86,0.85,0.86,0.86,0.83,0.86,0.86,0.86,0.86,0.86,0.86,0.86,0.78,0.86,0.84,0.86,0.86,-1.01,0.86,0.85,0.86,0.85,0.86,0.86,0.85,0.86,0.86,0.86,0.85,0.86,0.86,0.86,0.86,0.86,0.84,-1.03,0.85,0.86,0.86,0.86,0.74,0.86,0.86,0.86,0.86,0.86,0.86,0.86,0.86,0.86,0.86,0.86,0.86,0.85,0.84,0.86,0.86,0.86,-1.03,0.86,0.86,0.86,0.86,0.86,0.76,0.86,0.86,0.86,0.86,0.86,0.86,-1.02,0.86,0.86,0.86,0.86,0.86,0.86,0.85,0.79,0.86,0.85,0.86,0.86,0.86,0.86,-1.02,0.86,0.86,0.86,0.86,0.86,0.86,0.86,0.86,0.86,0.86,0.86,0.84,0.86,0.86,0.86,0.86,0.86,0.8,0.86,0.86,0.86,0.82,0.86,0.86,0.84,0.86,0.79,0.86,0.86,0.86,0.86,0.86,0.86,0.86,-1.12,0.86,0.83,0.86,0.84,0.86,0.86,0.86,0.86,0.86,0.86,0.86,0.86,0.86,0.83,0.86,0.86,-1.01,0.85,0.85,0.84,0.86,-1.07,0.84,0.86,0.85,0.86,0.86,0.86,0.86,0.86,0.86,0.86,0.86,0.86,0.86,0.85,0.86,0.86,0.85,0.86,0.86,0.85,0.86,0.86,0.83,0.86,0.86,0.86,0.85,0.86,0.84,0.86,0.86,0.83,0.86,0.86,0.86,0.86,0.86,0.86,0.86,0.86,0.86,0.86,0.86,0.86,0.86,0.72,0.86,0.86,0.86,0.86,0.86,0.86,-1.13,0.86,0.86,0.86,0.86,0.85,0.86,0.81,0.86,0.86,0.84,0.86,0.86,0.86,0.86,0.82,0.86,0.86,0.85,0.86,0.86,0.86,0.84,0.86,0.86,0.86,0.86,0.84,0.86,0.86,0.86,-1.14,0.85,0.85,0.84,0.86,0.85,0.83,0.86,0.86,0.86,0.86,0.86,0.86,0.85,0.86,0.86,0.7,0.86,0.86,0.71,0.86,0.86,0.85,0.83,0.86,0.86,0.86,0.86,-1.08,0.85,0.86,0.86,0.86,0.86,0.83,0.86,0.86,0.86,0.86,0.86,0.86,0.86,-1.12,0.86,-1.01,0.85,0.85,0.86,0.69,0.85,-1.11,0.86,-1.12,0.84,0.86,0.84,0.86,0.86,0.85,0.86,0.84,0.85,0.86,0.86,0.75,0.86,-1.14,-1.03,0.85,0.85,0.85,0.86,0.86,0.86,-1.06,0.85,0.86,0.86,0.86,0.85,0.86,0.86,0.86,0.86,0.86,0.86,0.86,0.86,0.86,0.86,0.86,0.85,0.86,-1.14,0.85,0.85,0.85,0.86,0.85,0.86,-1.11,0.85,0.86,0.86,-1.06,0.84,0.8,0.83,0.86,0.71,0.86,0.86,0.86,0.86,0.86,0.84,0.86,0.86,0.86,0.83,0.86,0.86,0.85,0.86,0.72,-1.03,-1.11,0.86,0.86,0.84,0.86,0.86,0.85,0.86,0.86,0.86,-1.05,0.86,0.76,0.85,0.86,0.86,0.86,0.86,0.86,0.86,0.86,0.86,0.85,0.86,0.86,0.86,-1.1,0.86,0.86,0.86,-1.15,0.86,0.85,0.86,0.86,0.86,0.85,0.86,0.86,-1.09,0.86,0.85,0.86,0.86,0.86,0.86,0.79,0.85,0.85,0.86,0.86,0.85,0.86,0.85,0.86,0.86,0.86,0.86,0.86,0.86,0.86,-1.12,0.86,0.84,0.85,0.86,0.85,0.86,0.85,0.86,0.86,0.86,0.86,0.84,0.83,0.86,0.86,0.86,0.86,-1.13,0.86,0.85,0.85,-1.03,0.84,0.86,0.86,-1.12,0.86,0.86,0.86,-1.0,0.72,0.85,0.86,0.86,0.86,0.85,0.85,0.85,-1.02,0.55,0.86,0.86,0.85,0.84,0.86,0.86,0.86,0.86,0.85,-1.06,0.84,-1.11,0.83,0.85,0.85,0.86,0.86,0.85,0.85,0.86,0.73,0.86,0.86,0.83,0.86,0.85,0.86,0.86,0.86,0.84,0.86,0.86,0.86,0.86,0.86,0.86,0.86,0.86,0.86,0.74,0.86,0.86,0.86,0.86,0.86,0.86,0.86,0.86,0.86,0.86,0.85,0.86,0.86,0.86,-1.13,0.86,0.86,0.86,0.86,0.86,0.85,0.86,0.86,0.86,0.86,0.86,0.84,0.86,0.86,-1.12,0.84,0.85,0.86,0.86,0.86,0.84,0.86,0.86,0.85,-1.0,0.86,0.86,-1.04,0.86,0.84,0.86,0.86,0.84,-1.13,0.86,0.86,0.86,0.84,0.86,0.86,-1.1,0.85,0.85,0.82,0.85,0.86,0.86,0.86,0.72,0.86,0.86,0.83,0.86,0.86,0.84,0.83,0.86,0.86,0.86,0.86,0.84,0.86,0.84,0.86,0.86,0.86,-1.04,0.7,0.86,0.86,-1.02,0.86,0.84,0.85,0.86,0.86,0.84,0.86,0.85,-1.0,0.86,0.86,0.86,0.85,0.86,0.86,0.84,0.86,-1.02,0.86,-1.1,0.85,0.78,0.86,0.86,0.86,0.86,-1.0,0.86,0.86,0.86,0.86,0.86,0.86,0.86,0.84,0.83,0.84,0.85,0.86,0.86,-1.11,0.86,0.86,0.86,0.86,0.86,0.85,-1.02,0.84,-1.04,0.84,0.86,-1.07,0.86,0.86,0.86,0.86,0.85,0.86,0.71,0.86,0.86,0.86,0.86,0.86,0.86,0.86,0.86,0.86,0.86,0.69,0.86,0.86,0.86,0.86,0.86,0.86,0.86,0.86,0.86,0.83,0.86,-1.03,0.84,0.84,0.86,0.86,0.86,0.86,0.67,0.86,0.86,0.84,0.86,0.86,0.86,-1.03,0.86,-1.05,0.8,0.84,0.85,0.86,0.86,0.86,0.74,0.86,-1.06,0.86,0.86,0.85,0.86,0.86,0.86,0.86,0.86,0.86,0.84,0.86,0.85,0.86,0.86,0.84,0.85,0.86,0.86,0.86,0.86,0.86,-1.07,0.84,0.86,0.84,0.86,0.86,0.86,0.86,0.86,0.86,0.84,0.86,0.86,0.86,0.86,0.81,0.86,0.86,0.85,0.86,0.86,-1.03,0.86,0.86,0.86,0.86,0.86,-1.11,0.85,-1.09,0.84,0.86,0.86,0.86,-1.03,0.86,0.86,0.86,0.85,0.86,0.84,0.7,0.85,0.86,0.85,0.86,-1.03,0.86,0.86,0.86,0.86,0.86,0.86,0.86,0.86,0.86,0.86,0.8,0.86,0.86,0.86,0.86,0.86,0.86,0.86,0.86,0.86,0.86,0.86,0.86,0.86,-1.09,0.84,0.85,0.86,0.86,-1.16,0.86,0.86,0.86,0.86,0.77,0.86,0.86,0.83,0.86,0.86,0.86,0.86,0.86,0.86,0.73,0.83,0.86,0.86,0.86,0.86,0.86,0.86,0.86,0.83,0.86,0.86,0.86,0.83,0.86,0.84,0.84,0.86,0.86,0.74,0.86,0.86,0.85,0.85,0.86,0.86,-1.0,0.86,0.86,0.86,0.86,0.86,0.86,0.86,0.86,0.86,0.86,0.86,0.86,0.83,0.86,0.86,0.86,0.76,0.86,0.84,0.86,0.86,0.86,0.86,0.86,0.86,0.86,0.86,0.86,0.86,0.86,0.73,0.86,0.77,0.86,0.86,0.86,0.86,0.84,0.85,0.86,0.85,-1.11,0.86,0.84,0.86,-1.05,0.86,0.85,0.86,0.86,0.85,0.86,0.86,0.86,-1.03,0.86,0.86,0.83,0.86,0.85,0.86,0.86,0.86,0.86,0.86,-1.08,0.85,0.8,0.75,0.86,0.86,0.86,0.86,0.86,0.86,0.86,0.86,0.85,0.86,0.86,0.86,-1.02,0.85,0.86,0.85,0.86,0.85,0.83,0.86,0.86,0.86,0.86,0.86,0.86,0.72,0.86,0.86,0.85,0.86,0.86,0.86,0.85,0.86,0.86,0.86,0.86,0.86,0.86,0.86,0.86,0.86,0.86,0.85,0.86,0.86,-1.06,-1.14,0.85,0.85
-1.26,-1.07,-1.0,-1.02,-1.11,-1.26,-1.14,0.76,-1.07,0.83,-1.12,0.78,-1.03,-1.01,0.68,0.85,0.67,0.81,0.77,-1.17,-1.31,-1.2,0.65,0.63,0.85,-1.04,0.83,-1.16,0.8,0.78,0.84,0.82,0.8,-1.14,0.85,0.83,-1.09,0.86,0.85,0.82,0.79,0.84,0.79,0.86,0.85,0.86,0.86,-1.06,0.83,0.86,-1.05,-1.08,0.84,0.83,0.85,0.8,0.81,0.86,0.85,0.75,0.73,0.86,0.86,0.85,0.86,0.86,0.71,0.86,0.86,0.86,0.84,0.86,0.86,0.86,0.85,0.85,0.86,0.86,0.86,0.86,0.86,0.84,0.85,0.86,0.86,0.86,0.84,0.86,0.86,0.74,-1.0,0.86,0.86,-1.08,0.86,0.86,0.86,0.86,0.83,0.84,0.86,0.86,0.86,0.84,0.86,0.86,0.84,0.86,0.86,0.84,0.86,0.86,0.86,0.86,0.86,-1.04,-1.15,0.86,0.86,0.86,0.86,0.86,0.86,0.84,0.86,0.86,0.85,0.86,0.86,0.86,0.86,-1.09,0.85,0.86,0.86,0.84,0.86,0.86,0.86,0.86,0.86,0.86,0.86,0.86,0.84,0.84,0.86,0.86,0.86,0.86,0.75,0.86,0.86,0.86,0.84,0.84,0.86,0.86,0.86,0.85,0.86,0.86,0.85,0.85,0.86,0.86,0.86,0.86,0.86,0.86,0.86,0.86,0.86,-1.09,0.86,0.86,0.73,0.86,0.86,0.86,0.86,0.86,0.86,0.85,0.86,0.86,0.86,0.86,0.86,0.86,0.86,0.86,0.85,0.86,0.86,-1.01,0.86,0.86,0.86,0.86,0.86,0.86,0.86,0.86,0.86,0.86,0.86,0.86,0.86,0.86,0.86,0.86,0.86,0.86,0.86,0.86,0.86,0.85,0.86,0.86,0.86,0.79,0.86,0.85,0.74,0.86,0.86,0.86,0.85,0.86,0.86,0.86,0.86,0.86,0.86,0.67,0.83,0.86,0.85,0.85,0.81,0.86,0.86,0.86,0.86,0.86,0.85,0.86,0.86,0.85,0.86,0.86,0.86,0.86,0.86,0.86,0.86,0.86,0.86,0.86,0.86,0.86,0.86,0.86,0.85,0.86,0.86,0.86,0.86,0.86,0.74,0.86,0.86,0.86,0.86,0.86,0.83,0.86,0.86,0.86,-1.03,0.85,0.84,0.84,0.86,0.86,0.86,0.84,0.81,0.84,0.86,0.86,0.86,0.86,0.86,0.86,0.79,0.84,0.86,0.86,0.85,0.86,0.86,0.86,0.86,-1.12,0.86,0.86,-1.02,0.86,0.86,0.86,0.86,0.86,0.86,0.86,0.86,0.84,0.86,0.86,0.86,0.86,0.86,0.81,0.86,-1.07,0.78,0.86,0.84,0.86,0.68,0.86,0.85,-1.04,0.86,0.85,0.86,0.86,0.85,0.86,0.86,0.86,0.83,0.86,0.86,-1.05,0.86,0.86,0.86,0.86,-1.13,0.83,0.78,0.86,0.85,0.86,-1.0,0.85,0.86,0.83,0.86,0.84,0.86,0.86,0.86,0.84,0.86,0.86,0.86,0.86,0.86,0.84,0.86,-1.12,0.78,0.86,0.86,0.86,0.78,0.73,-1.14,0.86,0.86,0.86,0.86,0.86,0.85,0.85,-1.05,0.86,0.83,0.86,0.86,0.86,0.86,0.86,0.86,-1.04,0.85,0.69,0.85,0.86,0.86,0.86,0.86,0.86,0.86,0.86,0.86,0.86,0.86,0.86,-1.14,0.84,0.86,0.86,0.86,0.85,0.75,0.86,0.85,0.86,0.86,0.86,0.75,0.85,0.86,0.86,-1.01,0.86,0.86,0.86,0.86,0.86,0.86,0.86,0.86,0.86,0.74,0.84,0.86,0.86,0.86,0.86,0.86,0.86,0.86,0.86,0.86,0.83,0.85,0.85,0.86,0.86,-1.1,0.86,0.85,0.86,0.86,0.86,0.86,0.86,0.86,0.86,0.86,0.86,0.86,0.86,0.86,0.86,0.86,0.86,0.85,-1.09,0.86,-1.09,0.86,0.85,0.85,0.86,0.86,0.86,0.86,0.86,0.77,0.84,0.76,0.86,0.86,0.86,0.86,0.86,0.81,0.86,0.86,0.86,0.86,0.86,0.86,0.86,0.86,0.84,0.86,0.86,0.86,0.86,-1.13,0.86,0.86,0.86,0.86,-1.14,0.85,0.85,0.86,0.86,0.86,0.86,0.86,0.85,0.84,0.83,0.86,0.86,0.86,0.86,0.86,0.83,0.86,0.86,0.86,0.86,0.86,0.86,0.85,0.86,0.86,0.8,0.86,-1.06,0.86,-1.11,0.86,0.86,0.86,0.86,0.86,0.86,0.84,0.86,0.85,0.86,0.84,0.86,0.86,0.86,0.85,0.85,0.86,0.86,0.86,0.86,0.86,0.81,0.85,-1.01,0.86,0.86,0.86,0.84,0.77,0.86,-1.08,0.83,0.86,0.86,0.86,0.85,0.86,0.86,0.86,0.85,0.86,0.86,0.85,0.86,0.86,0.86,0.86,0.86,0.85,0.85,0.84,0.86,0.86,0.86,-1.12,0.86,0.86,0.86,0.86,0.84,0.86,-1.1,0.86,0.86,0.86,0.86,0.86,0.86,0.86,0.84,0.86,0.86,0.86,0.86,0.86,0.86,0.86,0.86,0.86,0.86,0.86,0.86,0.86,0.86,0.86,0.86,0.84,0.86,0.86,0.86,0.85,0.86,-1.06,0.86,0.86,0.86,0.86,0.86,0.86,0.86,0.72,0.86,0.86,0.86,0.86,0.84,0.84,0.86,0.84,0.86,0.86,0.86,-1.03,-1.02,0.85,0.86,0.86,0.81,0.86,0.86,0.86,0.85,0.86,0.85,0.86,0.86,0.86,0.86,0.86,0.86,0.86,0.86,0.86,0.85,-1.06,0.85,0.86,0.86,0.86,0.86,0.86,0.86,0.86,0.86,0.86,0.86,0.86,0.85,0.84,0.86,0.86,0.85,0.86,0.86,0.86,0.86,0.86,0.86,0.86,0.86,0.86,0.86,0.86,-1.09,0.85,0.86,0.86,-1.12,0.86,0.86,0.86,0.86,0.86,0.86,-1.19,0.86,0.86,0.85,0.86,0.86,0.86,0.86,-1.02,-1.13,0.85,0.86,0.86,0.86,0.86,0.86,0.86,0.86,0.86,0.85,0.86,0.86,0.86,0.84,0.86,0.83,0.84,0.85,0.86,0.86,0.86,0.86,0.86,0.86,0.86,0.86,0.86,0.86,0.86,0.86,0.85,0.86,0.86,0.86,0.86,0.86,-1.01,0.82,0.86,0.84,0.86,0.8,-1.02,0.86,0.86,0.86,0.86,0.86,0.86,0.85,0.85,0.86,0.86,0.86,0.86,0.86,0.86,0.86,0.86,0.86,0.86,0.86,0.86,0.86,0.71,0.85,0.86,0.86,0.86,-1.12,0.84,0.86,0.86,0.85,0.84,0.86,0.86,0.86,0.86,0.86,0.86,0.86,0.84,0.86,0.86,0.86,0.86,0.86,0.86,0.86,0.86,0.75,0.86,0.86,0.86,0.77,0.86,0.86,0.86,0.86,0.86,0.84,0.86,0.85,0.86,0.86,0.86,0.86,0.86,0.83,0.86,0.86,-1.03,0.86,0.84,0.86,0.86,0.86,0.86,0.86,0.86,0.86,0.86,0.86,0.86,0.86,0.86,-1.22,0.86,0.84,0.85,0.86,0.86,0.86,0.86,0.86,0.86,0.86,0.85,0.86,0.86,0.86,0.84,0.86,0.86,0.8,0.86,0.86,0.86,0.84,-1.03,0.86,0.86,0.77,0.86,-1.02,0.84,0.86,0.86,0.86,0.84,0.83,0.86,0.86,0.86,0.86,0.86,0.86,0.86,0.86,-1.03,-1.0,0.82,0.85,0.86,0.86,0.86,0.86,0.86,-1.09,0.86,0.84,0.86,0.86,0.86,0.86,0.86,0.86,0.86,0.74,0.86,0.86,0.86,0.86,0.86,0.86,0.86,0.86,0.85,0.86,0.86,0.86,0.86,0.78,0.86,0.86,0.86,0.86,0.86,0.86,0.83,0.86,0.86,0.86,0.86,0.83,0.86,0.86,0.86,0.86,0.86,0.86,0.86,0.86,0.86,0.86,0.86,0.86,0.86,0.86,0.86,0.85,0.85,0.86,-1.05,0.86,0.78,0.86,-1.09,0.86,0.86,-1.08,0.85,0.86,0.86,0.86,0.86,0.86,0.84,0.86,0.86,0.86,0.83,0.86,0.85,0.85,0.86,0.86,0.86,0.86,0.86,0.86,0.86,0.86,-1.0,0.86,0.61,0.86,0.86,0.86,0.86,0.86,0.86,0.86,0.86,0.86,0.83,0.86,-1.02,0.86,0.86,0.86,0.86,0.84,0.86,0.86,0.86,-1.15,0.86,0.86,0.75,0.86,0.86,0.86,0.86,0.86,0.86,0.84,0.86,0.86,0.86,0.85,0.86,0.86,0.86,0.86,0.86,0.86,0.86,0.85,-1.12,-1.03,0.85,0.86,0.86,0.84,0.86,0.84,0.86,0.86,0.86,0.86,0.86,0.86,0.86,0.86,0.86,0.86,0.86,0.86,0.86,0.86,0.85,0.74,0.85,0.86,0.86,0.86,0.82,0.86,-1.03,0.84,0.86,0.86,0.86,0.86,0.86,0.86,0.86,0.86,0.86,0.86,0.86,0.86,0.86,0.86,0.86,0.86,0.86,0.84,0.86,0.86,0.86,0.86,0.86,0.86,0.86,0.82,0.86,0.86,-1.13,0.84,0.86,0.86,0.86,0.86,0.86,0.84,0.86,0.86,-1.11,0.85,0.86,0.86,0.84,0.86,0.86,0.86,0.86,0.86,0.86,0.86,-1.07,0.86,0.86,0.86,0.86,0.86,0.86,0.86,0.86,0.85,0.86,0.86,0.86,0.85,0.86,0.86,0.86,0.86,0.86,0.86,0.86,0.86,0.86,0.86,0.86,0.86,-1.13,0.86,0.86,0.71,0.86,0.85,0.71,0.86,0.86,0.73,0.86,0.86,0.86,0.86,0.86,0.86,0.86,0.86,0.86,0.86,0.86,0.86,0.86,0.86,0.86,-1.28,0.86,0.86,0.86,-1.07,0.85,0.85,0.86,0.86,0.86,0.86,0.86,0.73,-1.04,0.84,0.86,0.86,0.84,0.85,0.86,0.84,0.86,0.74,-1.03,0.84,0.86,0.86,0.86,0.86,0.86,0.85,0.83,0.86,0.84,0.86,-1.06,0.86,0.85,0.85,0.86,0.86,0.85,0.85,0.86,0.86,0.86,0.86,0.86,0.86,0.85,0.86,0.86,0.85,0.85,0.86,0.86,0.86,0.84,0.86,0.84,0.86,0.86,0.86,0.86,0.85,0.83,0.86,0.86,0.86,0.86,0.86,0.86,0.86,0.86,0.86,0.86,0.86,-1.11,0.81,0.86,0.86,0.74,0.84,0.86,0.86,0.71,0.86,-1.13,0.86,0.86,0.86,0.86,0.86,-1.13,0.86,0.86,0.86,0.86,0.85,0.86,0.85,0.86,0.86,0.86,0.86,0.86,0.81,0.86,0.84,0.86,0.86,0.86,0.83,-1.01,0.86,0.86,0.85,0.84,0.85,0.86,0.86,0.86,0.86,0.86,0.85,0.85,0.84,0.86,-1.08,0.86,0.86,0.86,0.86,0.86,0.86,-1.0,0.86,0.85,0.86,0.86,0.85,0.86,0.86,0.83,0.86,0.85,0.86,0.86,0.86,0.85,0.86,0.86,0.86,0.85,0.86,0.86,0.86,0.86,0.86,0.86,0.86,0.86,0.86,0.83,0.85,0.86,0.86,0.85,0.86,0.86,0.84,0.85,0.86,-1.09,0.86,0.85,0.86,0.86,0.84,0.86,0.86,0.86,0.86,0.86,-1.07,0.86,0.86,0.86,0.86,-1.1,0.85,0.85,0.86,0.86,0.86,0.86,0.86,0.8,0.86,0.86,0.86,0.86,-1.0,0.86,0.86,0.86,0.86,0.86,0.86,0.86,0.84,0.85,0.86,0.86,0.85,0.86,0.86,0.76,0.86,0.86,0.84,-1.15,0.84,0.86,0.86,0.86,0.84,0.86,0.86,0.86,0.85,0.86,0.84,0.86,0.86,0.86,-1.01,0.85,0.86,0.86,-1.08,0.86,0.83,-1.13,0.84,0.86,0.86,0.86,0.86,0.86,0.86,0.86,0.86,0.85,0.85,0.86,0.86,0.86,0.86,0.85,0.86,0.86,0.86,0.86,-1.0,0.86,0.86,-1.01,0.86,0.86,0.86,0.86,0.86,0.85,-1.03,0.86,0.86,0.86,0.86,0.86,0.86,0.86,0.86,0.86,0.86,0.71,-1.03,0.86,0.86,0.86,0.86,0.86,0.86,0.86,0.86,0.86,0.86,0.86,0.86,0.84,0.86,0.71,0.86,0.8,0.85,0.86,0.86,0.83,-1.0,0.84,0.85,0.86,0.86,-1.12,0.86,0.84,0.86,0.83,0.86,0.85,0.85,0.86,0.84,0.85,0.86,0.86,0.86,-1.1,0.86,-1.12,0.84,0.86,0.86,0.86,0.86,0.86,0.86,0.86,0.86,0.86,0.86,0.84,0.86,-1.04,0.85,0.84,0.86,0.84,0.86,0.86,0.85,0.85,0.85,0.85,0.84,0.86,0.86,0.86,0.86,0.86,0.85,0.8,0.84,0.86,0.86,0.86,0.85,0.86,0.86,0.86,0.84,0.86,0.72,0.86,0.86,0.86,0.86,0.86,0.86,0.86,0.86,-1.11,0.86,0.86,0.84,-1.05,0.86,-1.02,0.86,0.86,0.86,0.86,0.86,0.85,0.86,0.85,0.86,0.86,0.86,0.86,0.86,0.86,0.85,0.86,0.86,0.86,0.86,0.86,0.86,0.86,0.86,0.86,-1.12,0.84,0.86,0.86,0.86,0.86,0.86,0.86,0.86,-1.05,0.86,0.83,0.86,0.86,0.78,0.82,0.86,0.86,0.85,0.86,0.86,0.86,0.86,0.85,0.86,0.86,0.86,0.86,0.86,0.84,0.72,0.86,0.86,0.86,0.86,0.86,0.86,0.86,0.86,0.86,0.84,0.86,0.86,0.86,0.86,0.86,0.86,0.86,0.86,0.86,0.86,0.86,0.81,0.86,0.86,0.86,0.86,0.86,0.86,0.86,0.86,0.86,0.86,0.86,0.86,0.85,0.85,0.86,0.86,0.86,0.86,0.86,-1.13,0.86,0.86,0.86,0.86,0.86,0.85,0.86,0.84,0.86,0.86,0.86,-1.01,-1.05,-1.03,0.86,0.82,0.86,0.86,0.83,0.84,0.79,0.86,0.86,0.86,0.85,0.86,-1.03,0.84,0.86,0.83,0.86,0.86,0.84,0.86,0.86,0.84,0.81,0.8,0.84,-1.05,0.85,0.86,0.79,0.86,-1.0,0.86,0.86,0.86,0.86,-1.14,0.85,0.86,0.86,0.83,0.86,0.86,0.85,0.77,0.83,0.86,0.86,0.86,0.78,0.86,0.86,-1.15,0.83,0.86,0.86,0.86,0.86,0.86,0.86,0.85,0.77,0.85,0.86,0.86,0.86,0.8,0.86,0.86,0.86,0.85,0.86,0.86,0.79,-1.01,0.85,0.86,0.86,0.86,0.86,0.86,0.86,0.86,-1.08,0.86,0.86,0.86,0.7,0.84,0.86,0.86,0.86,0.86,0.86,0.86,0.86,0.86,0.86,0.74,0.86,-1.16,0.85,0.86,0.86,0.86,0.86,-1.12,0.86,0.86,0.86,0.85,0.86,0.84,0.86,0.86,0.84,0.86,0.86,0.86,0.75,0.86,0.86,0.86,0.86,-1.12,0.86,-1.02,0.86,0.86,0.86,0.85,0.86,0.85,0.84,0.86,0.86,0.84,0.86,0.85,0.84,0.85,0.86,0.84,0.86,0.86,0.86,0.86,0.85,0.85,0.85,-1.13,-1.03,0.85,0.86,0.86,0.86,0.85,0.86,0.86,0.85,0.86,0.86,0.86,0.86,0.86,0.86,0.84,0.85,0.84,0.86,0.86,0.86,0.86,0.86,0.84,0.86,0.86,0.86,0.84,0.86,0.86,0.86,0.86,0.86,0.84,0.86,0.86,0.86,0.86,0.86,0.86,0.86,0.84,0.86,0.86,0.86,0.86,0.86,0.86,0.86,0.86,0.86,0.85,0.86,0.86,0.86,0.86,0.86,0.86,0.86,0.83,0.85,0.86,0.86,0.86,-1.14,-1.05,0.86,0.86,0.86,0.86,0.86,0.86,0.86,0.85,0.85,0.86,0.86,0.86,0.86,0.86,0.86,0.86,0.85,0.86,-1.02,0.86,0.86,0.86,0.86,0.86,0.79,0.85,0.86,-1.05,0.84,0.86,0.86,0.86,-1.11,0.85,0.86,0.86,0.86,0.86,0.85,0.86,0.86,0.86,0.84,0.86,0.86,-1.12,0.86,0.86,0.86,0.86,0.86,0.82,0.86,0.86,0.85,0.86,0.86,0.86,0.86,0.86,0.84,0.86,0.85,0.86,0.86,0.86,0.86,-1.13,0.86,0.84,0.85,0.86,0.86,0.85,0.86,0.84,0.86,0.85,0.86,0.86,0.85,0.8,0.86,0.86,0.86,0.86,0.79,-1.02,-1.0,0.86,0.85,0.86,-1.04,0.85,0.86,0.83,0.84,0.86,0.85,0.86,0.84,0.86,0.86,0.84,0.86,0.86,0.86,0.86,0.86,0.86,0.86,0.86,0.86,0.86,0.86,0.86,0.86,0.86,0.86,0.86,0.86,0.84,0.86,0.84,0.86,0.86,0.86,0.86,0.84,0.86,0.86,0.86,0.86,0.85,0.86,0.78,0.85,-1.09,0.86,0.85,0.86,0.81,0.85,0.86,0.86,0.85,0.86,0.86,0.86,0.86,0.86,0.86,0.86,0.86,0.86,-1.02,0.85,0.86,0.85,0.82,0.86,0.86,0.86,0.86,0.86,-1.13,0.86,0.85,0.81,0.85,-1.08,0.85,0.86,0.86,0.86,0.86,0.85,0.86,0.86,0.83,0.85,0.86,-1.1,0.86,0.86,0.84,0.86,0.86,0.75,0.84,0.86,0.86,0.86,0.74,0.86,0.86,0.85,0.86,0.86,0.86,-1.02,0.86,0.81,0.86,0.86,0.84,0.86,0.86,0.85,0.86,0.85,0.86,0.83,0.86,0.77,0.85,0.86,0.86,0.86,0.86,0.86,0.86,0.86,0.86,0.86,0.84,0.86,-1.0,0.85,0.86,0.86,0.84,0.86,0.86,0.86,0.86,0.85,0.86,0.82,0.86,0.86,0.86,0.86,0.86,0.83,0.85,0.86,0.74,0.84,0.86,0.86,0.86,0.86,0.86,0.86,0.85,0.86,0.86,0.86,0.86,0.86,0.85,0.86,0.84,0.85,-1.06,0.84,0.86,0.86,0.72,0.85,0.86,0.86,0.84,0.86,0.86,0.86,0.86,0.71,0.86,0.86,0.86,0.84,0.86,0.86,0.86,0.86,0.86,0.86,0.85,0.86,0.86,0.86,0.86,0.86,0.86,-1.03,0.86,-1.14,0.86,0.84,0.86,0.86,0.85,0.86,0.86,0.86,0.85,0.86,0.86,0.86,0.86,0.86,0.86,0.86,0.85,0.84,0.86,0.86,0.86,0.86,0.86,0.86,-1.03,0.85,0.86,0.86,0.86,0.86,0.85,0.86,0.84,-1.02,0.86,0.86,0.86,-1.02,0.86,0.86,0.85,0.85,0.84,-1.11,0.86,0.86,0.84,0.86,0.86,0.86,0.86,0.86,0.85,-1.07,0.85,0.86,0.86,0.86,0.86,0.85,-1.03,0.86,0.86,0.86,-1.13,0.86,0.86,0.85,0.85,0.86,0.86,0.86,0.83,0.86,0.86,0.86,0.86,0.86,0.86,0.86,-1.06,0.86,0.86,0.86,0.85,0.86,-1.0,0.86,0.86,0.86,0.86,-1.08,-1.05,0.86,0.86,0.82,0.86,0.86,-1.02,0.84,0.86,0.86,0.86,0.86,0.86,0.86,0.82,0.86,0.86,0.86,0.86,0.86,0.84,0.86,0.86,0.86,0.86,-1.13,0.86,0.86,0.85,0.84,0.84,0.86,0.86,0.86,0.86,0.86,0.85,0.86,-1.03,0.85,0.86,0.86,0.86,0.86,0.86,0.86,0.86,0.85,0.85,0.86,0.86,0.86,0.85,0.86,0.86,0.86,-1.09,0.86,-1.09,0.86,0.86,0.84,0.83,0.84,0.86,0.83,0.85,0.86,0.86,0.86,0.86,0.86,0.82,0.86,0.86,0.86,0.86,0.86,0.86,0.86,0.86,0.86,0.86,0.86,0.86,0.86,0.86,0.83,0.85,-1.02,0.86,0.86,0.85,0.86,0.85,0.86,0.86,0.86,0.86,0.71,0.86,0.86,0.86,0.85,0.77,0.86,0.86,0.86,0.86,0.85,0.86,0.86,0.7,0.86,0.85,0.86,0.71,0.86,0.86,0.86,0.86,0.86,0.86,0.86,0.84,0.86,0.85,0.86,0.86,0.86,0.85,0.84,0.86,0.86,0.86,0.86,0.86,0.86,-1.0,-1.03,-1.0,0.84,-1.06,0.86,-1.07,0.84,0.86,0.85,0.84,0.83,0.86,0.86,-1.12,0.83,0.86,0.86,0.86,0.86,0.85,0.84,0.86,-1.02,0.86,0.86,0.86,0.86,0.86,0.86,0.79,0.84,0.86,0.86,0.86,0.84,-1.02,0.86,0.84,0.86,0.86,0.86,0.86,0.86,0.85,0.86,0.86,0.86,0.72,0.86,0.76,0.86,0.86,0.86,0.86,0.86,-1.04,0.84,0.86,0.86,-1.02,0.86,0.86,0.86,0.85,0.86,0.85,0.86,0.86,0.86,0.86,0.86,0.86,0.84,0.86,0.86,0.86,-1.13,0.86,0.72,0.85,0.86,0.86,0.86,0.83,0.86,0.85,0.86,0.86,-1.11,0.86,0.74,0.86,0.86,0.86,0.86,0.86,0.86,0.86,0.86,0.84,0.86,0.85,0.86,0.86,0.86,0.86,0.86,0.86,0.74,0.86,0.84,0.86,0.85,0.86,0.85,-1.03,0.86,0.86,0.86,0.85,0.85,0.86,0.86,0.79,0.86,0.86,0.86,0.86,0.86,0.85,0.86,0.86,0.85,0.86,0.83,-1.0,0.85,0.86,0.86,0.86,0.86,0.85,0.86,0.86,0.85,0.86,0.86,0.86,0.85,0.84,0.86,0.86,0.83,0.86,0.74,0.85,-1.07,0.86,0.84,0.86,0.86,0.86,0.86,0.86,0.86,0.86,0.86,0.86,0.86,0.84,0.86,0.84,0.86,0.77,0.86,0.86,0.86,0.85,0.86,0.86,0.86,0.86,0.86,0.86,0.86,0.85,0.86,0.86,0.86,0.86,0.86,0.86,0.86,0.74,0.74,0.86,0.86,0.86,0.86,0.84,0.86,0.86,0.86,0.86,0.86,0.86,0.86,-1.08,0.86,0.86,0.86,0.86,0.85,0.85,0.86,0.86,0.86,0.86,0.86,0.86,0.86,0.86,0.86,0.83,0.85,-1.12,0.83,0.85,0.86,0.86,0.86,0.86,0.8,0.86,0.86,0.86,0.83,-1.1,0.84,0.86,0.85,0.86,0.86,0.86,0.86,0.86,0.85,0.86,0.86,0.86,0.76,0.85,0.86,0.86,0.86,0.86,0.86,0.86,0.86,0.86,0.86,0.86,0.86,0.86,0.86,0.85,0.86,0.86,-1.04,0.86,0.86,0.86,-1.03,-1.12,0.78,0.86,0.86,0.71,0.86,-1.02,0.84,0.85,0.86,0.86,0.86,0.84,0.85,0.86,0.85,0.86,0.86,0.72,0.86,-1.0,0.86,-1.13,0.86,0.86,0.85,0.86,0.86,0.85,0.86,0.86,0.86,0.86,0.86,0.85,0.86,0.84,0.86,0.86,0.86,0.86,0.72,0.86,-1.04,0.86,-1.02,0.86,0.86,0.84,0.85,0.86,0.86,0.86,0.86,0.86,0.86,0.86,0.86,0.86,0.85,0.86,0.86,-1.02,0.86,0.78,0.86,0.84,-1.13,0.84,0.86,0.86,-1.09,0.86,0.86,0.86,0.86,-1.06,-1.12,0.86,-1.13,0.85,0.85,0.86,0.85,0.86,0.85,0.84,0.86,0.85,0.86,0.86,0.86,0.85,0.86,0.85,0.86,0.86,0.86,0.86,0.72,0.86,0.86,0.85,0.86,0.86,0.86,0.86,0.86,0.86,0.86,0.86,0.86,0.86,0.82,0.86,0.86,0.81,0.83,-1.14,0.84,0.83,0.86,0.86,0.86,0.86,0.86,0.86,0.86,0.86,0.69,0.86,0.86,0.86,0.86,0.86,0.86,0.86,0.86,0.86,0.86,0.86,0.85,0.86,0.86,0.86,0.86,0.84,0.86,-1.02,0.86,0.86,0.84,0.85,0.86,-1.12,0.86,0.86,0.86,0.86,0.86,0.85,0.86,0.86,0.86,0.86,0.86,0.86,0.86,0.76,0.86,0.86,0.86,0.85,0.86,-1.03,0.85,0.86,0.86,0.86,0.86,0.86,0.86,0.86,0.86,0.84,0.86,0.86,0.86,0.84,-1.11,0.85,-1.02,-1.01,0.85,0.86,0.86,0.85,0.86,0.86,0.85,0.86,0.86,-1.03,0.85,0.86,0.86,0.86,0.85,0.86,0.86,0.86,0.86,0.86,0.86,0.86,0.86,0.86,0.86,0.86,0.86,0.84,0.86,0.69,-1.04,0.86,0.84,0.86,0.86,0.86,0.86,0.86,0.86,0.86,0.84,0.85,0.86,0.86,0.86,0.86,0.86,0.86,0.86,0.85,-1.11,0.85,0.86,0.86,0.86,0.67,-1.17,0.82,-1.08,0.84,0.86,0.83,0.85,0.86,0.85,0.86,0.86,0.86,0.86,0.76,0.84,0.86,0.85,0.84,0.86,0.86,-1.0,0.86,0.86,0.86,0.86,0.86,0.82,0.86,0.86,0.85,0.86,0.84,0.86,-1.04,0.86,0.86,0.85,0.86,0.86,0.86,0.86,0.86,0.86,0.86,0.86,0.71,-1.12,0.86,0.75,0.86,0.86,0.86,0.86,0.86,0.86,0.85,0.86,0.86,0.86,0.84,0.86,0.78,0.86,0.85
0.85,-1.02,-1.02,-1.06,0.57,-1.21,-1.12,0.83,0.86,-1.07,-1.03,-1.16,-1.08,0.83,-1.36,-1.04,0.83,-1.08,0.82,-1.1,0.85,0.82,-1.09,0.84,0.83,0.75,-1.04,-1.06,0.82,0.72,0.7,-1.03,0.81,-1.09,0.85,-1.08,0.82,0.82,0.74,-1.02,-1.07,-1.12,0.66,0.8,0.85,0.77,0.79,0.86,0.84,0.8,0.86,0.84,0.85,0.86,0.85,-1.0,0.82,0.85,0.85,0.83,0.86,0.86,0.86,0.86,0.85,0.86,0.86,0.85,0.86,0.86,0.86,0.84,0.86,0.86,-1.14,0.86,0.86,0.86,0.86,-1.13,0.86,0.74,0.84,0.86,0.86,-1.02,0.86,0.86,0.86,0.86,0.84,0.85,0.86,0.86,0.86,0.84,0.85,0.86,0.86,0.86,0.85,0.86,0.86,0.86,0.86,0.86,0.86,0.84,0.84,0.84,0.86,0.86,0.86,0.86,-1.0,0.86,0.86,0.86,0.86,0.86,0.86,0.82,0.86,0.86,-1.04,0.86,0.85,0.86,0.86,0.86,0.86,0.86,0.84,0.86,0.86,0.86,0.84,0.86,0.86,0.86,0.84,0.85,0.86,0.84,0.76,0.85,0.86,0.85,0.86,0.86,0.86,0.86,0.83,0.86,0.83,0.86,0.86,0.86,0.86,0.86,0.86,0.85,0.86,0.84,0.86,0.86,0.86,0.86,0.85,0.86,0.86,0.86,0.86,0.86,0.85,0.86,0.86,0.84,0.86,0.86,0.86,0.86,0.86,0.86,0.84,0.86,0.86,0.86,0.86,0.86,0.86,0.86,0.86,0.86,0.86,0.86,0.86,-1.04,0.86,-1.16,0.85,0.86,0.86,0.86,0.85,0.86,0.86,0.86,0.86,0.86,0.75,0.86,0.86,0.86,0.86,0.86,0.86,0.86,0.86,0.86,0.82,0.86,0.86,0.86,0.71,0.86,0.86,0.86,0.86,-1.12,0.86,0.86,0.86,0.86,0.86,0.86,0.86,0.85,0.86,-1.02,0.86,-1.12,0.86,0.86,-1.08,0.72,0.86,0.86,0.86,0.85,0.86,0.86,0.85,0.86,0.85,0.86,0.85,0.86,0.86,0.86,0.86,0.86,0.86,0.86,0.86,0.86,0.86,0.73,0.82,0.86,0.82,0.84,0.86,0.86,0.84,0.81,0.85,0.86,0.84,0.86,0.86,0.71,0.86,0.86,0.86,0.86,0.86,0.84,-1.03,0.86,-1.0,0.86,0.86,0.86,0.86,0.86,0.86,0.86,0.86,0.86,0.86,0.86,0.86,0.85,0.86,0.85,0.82,-1.06,0.86,-1.03,0.86,0.86,0.85,0.86,0.86,0.86,0.86,0.86,0.86,0.86,0.86,0.86,-1.12,0.85,0.86,0.86,0.86,0.86,0.86,0.86,0.85,0.86,0.86,0.86,0.86,-1.0,0.85,0.86,0.86,0.85,0.86,0.86,0.84,0.85,0.86,0.86,0.86,0.86,-1.13,0.86,0.86,0.86,0.86,0.86,0.86,0.86,-1.03,0.86,0.83,-1.14,0.86,0.86,0.84,0.86,0.86,0.85,0.86,0.84,0.86,0.84,0.86,0.86,0.86,0.83,0.86,0.86,0.86,0.86,-1.13,0.86,0.84,0.84,0.86,0.86,0.86,0.86,0.86,0.86,0.86,0.86,-1.07,0.86,0.86,-1.12,0.86,-1.09,0.86,0.86,0.86,0.86,0.86,0.86,0.86,0.85,0.86,0.86,0.86,0.86,0.84,0.86,0.86,0.85,0.86,0.86,0.86,0.86,0.86,0.86,0.86,0.86,0.86,0.84,0.81,0.82,0.73,0.86,0.86,0.86,0.86,0.85,0.86,0.86,0.84,0.86,0.86,0.86,0.86,0.86,0.86,0.86,0.86,0.86,0.86,0.86,0.86,-1.02,0.86,0.84,0.86,0.86,0.84,0.86,0.86,0.86,0.86,0.85,-1.1,0.86,0.86,0.84,0.86,0.86,0.86,0.84,0.86,0.86,0.85,0.86,0.86,0.86,0.85,0.85,0.86,0.86,0.86,0.86,0.86,0.86,0.85,0.86,0.86,0.86,0.84,0.86,0.86,0.86,0.86,0.86,-1.07,0.86,0.86,-1.02,0.86,0.86,0.86,0.86,0.86,0.85,0.84,0.86,0.85,0.86,0.86,0.86,0.86,0.86,-1.01,0.85,0.86,0.86,0.86,0.84,0.86,0.86,-1.0,0.86,0.86,0.86,0.86,0.86,0.85,0.86,0.86,0.86,0.86,0.86,0.86,0.86,0.83,-1.04,0.86,0.86,0.86,0.84,0.86,0.85,0.86,0.86,0.86,0.86,0.84,0.86,0.86,0.84,0.86,0.84,0.74,0.86,0.86,0.85,0.86,0.86,0.86,0.86,0.86,0.85,0.84,0.86,0.86,0.86,0.86,0.86,0.86,0.86,0.82,0.76,0.86,0.73,0.86,0.86,-1.14,0.86,0.86,0.86,0.86,0.86,0.85,0.86,0.86,0.86,0.85,0.84,-1.03,0.86,0.86,0.84,0.86,0.85,0.86,0.86,0.86,0.86,0.86,0.86,-1.12,0.86,0.86,0.86,0.86,0.86,0.86,0.86,-1.08,0.86,0.86,0.86,0.86,0.86,0.86,0.84,0.86,0.86,0.86,0.86,0.86,0.86,0.86,0.86,0.85,0.84,0.81,0.86,0.86,-1.11,0.86,0.84,0.86,0.86,0.86,0.7,0.86,0.84,0.86,0.86,0.86,0.86,0.86,0.85,0.86,0.86,0.85,0.86,0.86,0.86,0.85,0.83,0.86,0.86,0.86,0.84,0.86,0.86,0.86,0.86,0.86,0.86,0.86,0.86,0.86,0.86,0.85,0.84,0.85,0.84,0.86,0.86,0.86,0.85,0.86,0.86,0.86,0.84,0.86,0.86,0.86,-1.0,0.86,0.86,0.86,0.86,0.86,0.86,0.86,0.86,0.86,0.86,0.84,0.86,0.84,0.86,0.86,0.86,0.82,0.86,0.86,0.86,0.85,0.84,0.86,0.86,0.86,0.86,0.86,0.86,0.86,0.86,0.85,0.86,0.86,0.86,0.86,0.86,0.86,0.84,0.86,0.86,0.86,0.86,0.86,0.86,0.86,0.86,0.86,0.86,0.86,0.86,0.86,0.86,0.86,-1.14,0.86,0.86,0.86,0.86,0.86,0.86,0.86,0.86,0.86,-1.01,0.86,-1.07,0.86,0.86,0.86,0.86,0.86,0.86,0.86,0.86,0.86,0.86,0.86,-1.07,0.86,0.86,0.86,0.86,0.86,0.86,0.84,0.86,0.84,0.86,0.84,0.86,0.81,0.86,0.86,0.86,0.86,0.86,0.86,0.86,0.86,0.86,0.86,0.86,-1.09,0.86,0.86,0.86,0.86,0.86,0.86,0.86,0.84,0.8,0.86,0.86,0.84,0.86,0.82,0.86,0.86,0.86,-1.0,0.86,0.77,0.83,0.85,0.84,0.86,0.86,0.84,0.86,0.86,0.84,0.86,0.86,0.86,0.86,0.86,-1.02,0.86,-1.11,0.86,0.86,0.86,0.86,0.86,0.83,0.86,0.86,0.86,0.86,0.86,0.86,0.85,0.86,0.86,0.86,0.86,0.86,-1.08,0.86,-1.05,0.86,0.85,0.84,0.86,0.86,0.86,0.86,0.86,0.86,0.86,0.86,0.86,0.83,0.86,0.86,-1.03,0.82,0.76,0.86,0.85,0.86,0.83,0.85,0.86,0.85,0.86,0.86,0.86,0.86,0.86,0.86,0.86,0.86,0.86,0.85,0.86,0.86,0.86,0.86,0.86,0.86,0.86,0.86,0.86,0.86,0.86,0.86,-1.01,0.86,0.84,0.68,0.86,0.86,0.86,0.85,0.86,-1.13,0.86,0.84,0.75,0.86,0.84,0.84,0.86,0.86,0.86,0.86,0.86,0.86,0.86,0.86,0.86,0.85,0.86,0.86,0.86,0.86,0.86,0.86,0.86,0.86,0.86,0.84,0.86,0.84,-1.04,0.86,0.84,0.86,0.86,0.86,-1.03,0.86,0.77,0.75,0.86,0.83,0.86,0.86,-1.08,0.86,0.85,-1.13,0.86,0.86,0.86,0.86,0.75,-1.03,-1.11,0.86,0.85,0.86,0.86,0.84,0.86,0.86,0.86,0.81,0.86,0.84,0.86,0.86,0.86,0.84,-1.06,-1.05,0.86,0.86,-1.07,0.86,0.86,0.85,0.86,0.75,0.83,0.8,0.86,0.86,0.86,0.86,0.85,0.85,0.86,0.86,0.86,0.86,0.86,0.86,0.81,0.84,0.86,0.86,0.86,0.86,0.86,-1.08,0.85,-1.1,0.86,0.85,0.79,0.86,0.86,0.86,-1.14,0.86,-1.03,0.86,0.86,0.86,0.84,0.86,0.86,0.86,0.75,-1.02,0.84,0.86,-1.01,0.85,0.86,0.84,0.86,0.84,0.86,0.84,0.86,0.86,0.86,0.86,0.86,0.71,0.86,0.86,-1.05,0.86,0.86,0.84,0.86,0.86,0.86,0.86,0.86,0.86,0.85,0.86,0.86,0.86,0.86,0.86,0.86,0.86,0.86,0.86,0.86,-1.15,0.85,-1.14,0.85,0.86,0.86,0.86,0.86,0.86,0.86,0.83,0.86,0.84,0.86,0.86,0.86,0.86,0.86,0.85,0.86,0.86,-1.04,0.86,0.86,0.84,0.86,0.86,0.86,0.86,0.86,0.86,0.83,0.86,-1.13,0.86,0.85,0.86,0.86,0.86,0.86,0.86,0.86,0.86,0.86,-1.06,-1.01,0.86,-1.12,-1.13,0.86,0.86,0.86,0.74,0.86,0.86,0.86,0.84,0.86,0.86,0.84,-1.0,0.86,0.86,0.86,0.86,0.82,0.86,0.86,0.86,0.86,0.86,0.86,0.86,0.86,0.85,0.86,0.86,0.86,0.86,0.86,0.86,0.86,0.86,0.85,0.86,0.86,0.86,0.86,0.86,0.86,0.85,0.86,0.86,0.86,0.86,0.86,0.84,0.86,0.86,0.85,-1.11,-1.02,0.86,-1.0,0.85,0.86,0.86,0.86,-1.14,0.86,0.86,0.85,0.85,0.86,0.86,0.86,0.86,0.86,0.85,0.86,0.86,0.86,0.79,0.86,0.86,0.86,0.82,0.84,0.86,0.86,0.86,0.86,0.85,0.85,0.86,0.85,0.84,0.86,0.86,0.86,0.86,0.86,0.86,0.86,0.84,0.86,0.86,0.86,0.86,0.86,0.86,0.86,0.86,0.86,-1.06,0.86,-1.03,0.86,0.86,0.76,0.81,0.85,-1.02,0.85,0.85,0.86,0.84,0.86,0.86,0.86,-1.03,0.86,0.86,0.86,-1.01,0.86,0.86,0.85,0.86,0.86,0.86,0.86,0.86,0.86,0.86,0.86,0.85,0.86,0.85,0.85,0.86,0.86,0.86,0.86,-1.15,0.86,0.86,0.86,0.86,0.86,0.86,0.86,0.85,0.86,0.86,0.86,0.86,0.85,0.86,0.86,0.86,0.85,0.86,0.86,0.84,0.86,0.86,0.86,0.86,0.86,0.86,0.86,0.86,0.86,0.86,0.86,0.86,0.86,0.86,0.86,0.86,0.86,0.86,0.84,-1.12,0.84,0.86,0.85,0.85,0.85,0.86,0.67,0.86,0.86,0.86,0.86,0.86,0.86,0.86,0.86,0.86,-1.04,0.86,0.73,0.86,0.86,0.85,0.86,0.85,-1.16,0.86,0.86,0.86,0.86,-1.03,-1.0,0.86,0.86,0.86,0.86,0.86,0.86,0.86,0.85,0.86,0.86,0.86,0.85,0.86,0.86,-1.04,0.86,0.86,0.86,0.86,0.85,0.86,0.86,0.85,0.84,0.86,0.86,0.86,0.86,0.86,0.86,0.86,0.86,0.86,0.86,0.84,0.86,-1.02,0.86,0.86,0.86,0.86,0.86,-1.14,0.85,0.86,0.84,0.86,0.86,0.83,0.81,0.86,0.86,0.86,0.86,0.76,0.86,0.84,-1.12,0.86,0.82,0.85,0.86,-1.03,0.86,0.86,0.86,0.86,0.86,0.86,-1.13,0.86,0.86,0.86,0.86,0.83,0.86,0.85,0.78,0.86,0.86,0.84,0.86,0.85,0.86,0.86,0.86,0.86,0.84,0.86,0.86,0.86,0.86,0.86,0.85,0.86,0.86,0.84,0.86,0.86,0.86,0.86,0.86,0.86,0.86,0.86,0.86,0.84,0.86,0.86,0.84,0.86,0.85,0.83,0.86,0.86,0.86,0.86,0.86,0.86,0.86,0.86,0.86,-1.01,0.86,0.86,0.84,-1.06,0.85,0.86,0.84,0.86,-1.03,0.86,0.86,0.86,0.86,0.86,0.86,0.86,0.86,0.86,-1.04,0.86,0.85,0.86,0.86,0.86,0.86,0.86,0.84,0.86,0.86,0.86,0.86,0.84,0.85,0.86,0.86,0.86,0.86,0.86,0.86,0.86,0.86,0.86,0.85,0.83,0.86,0.86,0.86,0.84,0.86,0.86,0.84,0.86,-1.02,0.86,0.86,0.77,0.84,0.85,0.86,0.86,0.86,0.86,0.86,0.86,0.85,0.7,0.72,0.86,0.85,0.85,0.86,0.85,0.83,0.86,0.84,0.86,0.86,0.86,0.86,0.86,0.86,0.86,0.86,0.85,0.86,0.86,0.83,0.86,0.86,0.84,0.86,0.86,0.72,0.85,-1.03,0.86,0.85,0.82,0.85,0.86,0.86,0.86,0.86,0.84,0.86,0.86,0.84,0.86,0.86,0.86,0.85,0.86,0.86,-1.13,0.84,0.86,0.86,0.84,0.86,0.84,0.86,0.85,0.77,0.86,0.83,0.86,0.86,0.86,0.86,-1.1,0.86,0.86,0.84,0.86,0.85,0.7,0.86,0.84,0.84,0.73,0.85,-1.14,0.84,0.86,0.84,0.85,0.86,-1.08,0.85,-1.14,-1.04,-1.12,0.84,0.86,0.84,0.85,0.84,0.86,0.86,0.86,0.86,0.85,0.85,0.86,0.86,0.86,0.86,0.86,0.86,0.86,0.8,0.86,0.86,0.86,0.86,0.86,-1.16,0.86,-1.11,-1.07,0.65,0.54,0.86,0.85,0.85,0.83,0.84,0.86,0.86,0.86,0.86,0.86,0.86,0.84,0.86,0.86,0.86,0.86,0.84,0.86,0.86,0.86,0.86,0.86,0.86,0.86,0.86,0.86,0.75,0.86,0.86,0.86,-1.03,0.86,0.86,0.86,-1.02,0.86,0.86,-1.03,0.85,0.86,0.86,-1.01,0.86,0.86,0.86,0.86,0.86,0.86,0.85,0.86,0.83,0.86,0.71,0.86,0.86,0.86,0.85,0.85,0.86,0.86,0.75,0.82,0.86,0.86,0.86,-1.14,0.86,0.86,0.86,0.85,0.84,0.86,0.86,0.85,0.86,0.86,0.86,0.86,0.86,0.86,0.82,0.86,-1.12,0.86,0.86,0.85,0.76,0.86,0.86,0.86,0.86,0.86,0.86,0.86,0.86,0.86,0.86,0.86,0.86,0.86,0.86,0.86,0.86,0.86,0.86,0.85,0.86,0.79,0.77,0.86,0.86,0.85,0.85,0.86,0.85,0.84,0.86,0.86,0.86,0.86,0.86,0.86,0.86,0.86,0.72,0.85,0.86,0.85,0.86,-1.0,0.86,0.86,0.86,0.86,0.86,0.84,0.76,0.86,0.86,0.86,0.86,0.86,0.86,0.85,0.86,0.84,0.86,0.86,0.86,0.86,0.86,0.86,0.86,-1.01,0.86,0.86,0.86,0.84,0.86,0.86,0.86,-1.09,0.86,0.86,0.86,0.86,0.86,0.86,0.86,0.86,0.86,0.86,0.86,0.86,0.86,0.86,0.86,0.85,0.86,0.85,-1.07,0.86,0.86,0.83,0.86,0.84,0.86,0.86,0.86,0.84,0.86,0.86,0.86,0.86,0.86,0.86,0.86,0.86,0.86,0.85,0.76,0.86,0.86,0.86,0.86,0.86,-1.14,0.86,0.86,0.86,0.86,0.86,0.86,0.86,0.85,0.86,0.86,0.86,-1.01,0.85,0.86,0.86,0.86,0.86,0.86,0.86,0.86,-1.07,0.75,0.86,0.82,0.86,0.86,0.86,0.86,0.84,0.86,0.86,0.86,0.84,0.86,0.86,0.85,0.86,-1.01,0.86,0.84,0.84,0.86,-1.12,0.86,0.84,0.86,-1.02,0.86,0.86,0.86,0.86,0.86,0.86,0.86,0.86,0.85,0.86,0.86,-1.12,0.86,0.86,0.85,0.86,0.85,0.86,0.86,0.86,0.86,0.86,0.86,0.86,0.86,0.86,0.86,0.86,0.84,-1.06,0.75,0.86,0.86,0.86,0.86,0.86,0.86,0.86,0.86,0.86,0.86,0.86,0.86,0.86,0.86,0.86,0.86,0.84,0.86,0.86,0.86,0.86,0.85,0.86,0.86,0.86,0.86,0.86,0.86,0.86,0.86,0.86,0.86,0.86,-1.06,0.86,0.86,0.85,0.86,0.86,0.86,0.81,0.86,0.86,0.84,0.86,0.71,0.86,0.86,0.85,0.86,0.82,0.86,0.86,0.86,0.86,0.86,0.86,0.86,0.86,0.86,0.86,0.86,0.86,0.86,0.85,0.86,-1.03,-1.03,0.86,0.85,0.86,0.86,-1.08,0.86,0.76,0.86,0.86,0.84,0.84,-1.14,0.86,0.77,0.86,0.86,0.85,0.86,0.86,0.86,0.86,0.86,0.86,0.86,0.86,0.86,0.86,0.86,0.85,0.86,0.86,0.86,0.86,0.86,0.86,0.86,0.86,0.86,0.86,0.86,0.86,0.86,0.86,0.84,0.86,0.85,0.86,0.86,0.86,0.86,0.86,0.86,0.86,0.86,0.86,0.85,0.78,0.85,0.86,0.86,-1.03,0.86,0.86,0.86,0.86,0.86,0.85,0.86,0.86,0.86,0.86,0.84,0.85,0.85,0.86,0.86,0.86,0.74,0.82,0.86,-1.13,0.85,0.84,0.86,0.85,0.84,0.86,0.85,0.86,0.86,0.85,0.86,0.86,0.82,0.86,0.86,0.86,0.78,0.85,0.86,-1.12,-1.11,0.83,0.84,0.86,0.86,0.77,0.86,0.86,0.86,0.86,0.86,0.86,0.86,0.86,0.86,-1.11,0.85,-1.0,0.86,0.86,-1.03,0.84,0.86,0.86,0.85,0.86,0.86,0.86,-1.0,0.85,0.86,0.85,0.86,-1.1,0.78,-1.12,0.86,0.86,0.86,0.83,0.86,0.86,-1.14,0.85,0.86,0.86,0.86,0.86,0.86,0.84,0.83,0.86,0.86,0.86,0.86,0.85,0.86,0.86,0.81,0.86,0.86,0.86,0.86,0.86,0.85,0.85,0.86,0.85,0.86,0.85,0.86,0.86,0.86,0.86,0.86,0.86,0.86,-1.12,0.86,0.86,0.85,0.86,0.86,0.85,0.86,0.73,0.86,0.86,0.86,0.86,0.86,0.86,0.77,0.86,0.86,0.86,0.86,0.86,0.86,0.85,0.85,0.86,0.86,0.83,0.86,0.86,0.86,0.86,0.82,0.86,0.86,0.86,0.86,0.85,0.86,0.86,0.86,0.86,0.74,0.86,0.86,0.86,0.86,0.86,-1.04,0.84,0.85,0.86,0.86,0.86,0.86,-1.07,0.85,0.85,0.86,0.86,0.86,0.86,0.86,0.86,0.86,0.84,0.86,0.86,0.86,0.86,0.86,0.86,-1.01,0.85,0.86,0.86,0.86,0.86,0.82,0.86,0.86,0.86,0.86,0.86,0.86,0.86,0.86,0.86,0.86,0.83,0.86,0.86,0.86,0.86,0.86,0.85,0.83,0.86,0.86,0.86,0.86,0.86,-1.13,0.86,0.86,0.86,0.86,0.84,0.84,0.86,0.86,0.86,0.86,0.85,0.86,0.86,0.85,0.86,0.86,0.85,0.86,0.86,0.86,0.86,0.86,0.86,0.86,0.82,0.86,0.86,0.86,0.83,0.86,0.86,0.86,0.86,0.77,0.73,0.84,0.84,0.85,0.86,0.86,0.86,0.85,0.86,0.86,0.86,0.86,0.86,-1.04,0.83,0.86,0.84,0.86,0.86,0.85,0.86,0.86,0.86,0.86,0.85,0.85,-1.02,0.84,0.86,0.86,0.86,0.86,0.79,0.84,0.86,0.86,0.83,0.86,0.86,0.86,0.86,0.86,0.85,-1.09,0.86,0.85,0.86,0.86,0.86,0.79,0.86,-1.1,0.86,0.83,0.86,0.86,0.84,0.86,0.86,0.86,0.85,0.86,0.84,0.86,0.86,0.86,0.86,0.85,0.86,0.86,0.86,0.85,0.86,0.86,0.68,0.85,0.86,0.85,0.86,0.86,0.86,0.86,0.86,0.86,0.85,0.86,0.86,0.86,0.86,0.86,0.86,0.86,0.86,0.86,0.86,0.86,0.75,-1.08,0.76,0.86,0.84,0.83,0.85,0.85,0.85,0.86,0.86,0.86,0.85,-1.14,0.83,0.86,0.84,-1.13,0.85,0.86,0.86,0.85,0.84,0.86,0.86,0.84,0.86,0.86,0.85,0.86,0.73,0.86,0.85,0.86,0.84,0.86,0.85,0.86,0.86,0.74,0.86,0.86,0.86,0.86,0.86,0.86,0.86,0.86,0.86,0.86,0.86,0.86,0.86,0.86,0.86,0.86,0.86,0.86,0.84,0.86,0.72,0.86,0.86,0.86,0.85,0.86,0.82,0.86,0.86,0.73,0.85,0.86,0.86,0.86,0.85,0.86,0.85,0.86,0.86,0.82,0.86,0.86,0.86,0.86,0.85,0.86,0.86,-1.03,0.86,0.86,0.86,0.86,0.86,-1.0,0.86,0.83,0.86,-1.09,0.86,0.84,0.84,0.86,0.86,0.86,0.86,0.86,0.86,0.86,0.86,0.86,0.77,0.84,0.86,0.86,0.86,0.86,0.86,0.86,0.86,0.86,0.86,0.86,0.86,0.7,0.85,0.86,0.73,0.84,0.85,0.84,0.86,0.86,0.86,0.86,0.86,0.86,0.85,0.86,0.86,0.86,0.86,0.86,0.86,0.86,0.86,0.86,0.86,0.86,0.86,0.86,0.86,-1.04,0.86,-1.2,0.86,0.86,0.86,0.86,0.86,0.86,0.86,0.86,0.86,0.86,0.86,0.86,0.86,0.86,0.85,0.86,0.85,0.86,0.86,0.86,0.85,0.86,-1.04,0.86,0.86,0.84,0.86,0.86,0.86,0.86,0.85,0.83,0.86,0.86,0.86,0.86,0.86,0.86,0.85,-1.1,-1.13,0.86,0.84,0.86,0.86,0.86,0.86,0.85,0.86,0.85,0.84,0.86,0.86,0.7,0.86,0.86,0.86,0.86,0.85,0.86,0.86,0.86,0.86,0.86,-1.0,0.86,0.86,0.84,0.86,0.86,0.84,0.84,0.86,0.85,0.86,0.86,0.86,0.79,0.86,-1.04,0.86,0.86,0.86,0.86,0.86,0.86,-1.0,0.86,0.86,0.86,0.86,0.86,0.85,0.86,0.86,-1.1,0.86,0.86,0.85,0.86,0.86,0.86,0.86,0.75,0.86,0.86,0.85,-1.07,0.83,0.86,0.79,0.86,0.86,0.86,0.8,0.86,0.86,0.83,0.85,0.86,0.85,0.86,0.86,0.86,0.86,0.86,0.86,0.86,0.86,0.86,0.86,0.86,0.86,0.86,-1.1,0.86,0.85,0.86,0.84,0.85,0.84,0.86,0.86,0.86,0.86,0.86,0.86,0.86,0.86,0.86,0.84,0.86,0.86,0.86,0.86,0.83,0.86,0.86,0.86,0.86,-1.08,0.86,0.86,0.86,0.86,0.86,0.86,0.86,-1.08,0.86,0.86,0.86,0.86,0.83,0.86,0.85,0.86,0.85,0.86,0.86,0.86,0.86,0.86,0.86,0.86,0.85,-1.03,0.86,0.86,0.86,-1.14,0.86,0.86,0.85,0.86,-1.1,0.85,0.84,0.82,0.86,0.74,0.86,0.86,0.86,0.86,0.86,0.84,0.86,0.86,0.86,0.86,0.86,0.62,0.82,0.85,0.86,0.85,0.86,0.86,0.86,0.85,0.85,0.86,0.86,0.86,0.85,0.74,0.84,0.86,0.86,0.86,0.86,0.86,-1.02,0.86,0.86,0.85,0.84,0.86,0.85,0.86,0.86,0.86,0.86,0.86,0.86,0.86,0.86,0.85,0.86,0.86,0.86,0.86,0.86,-1.03,0.85,0.85,0.86,-1.19,0.84,0.86,0.86,0.85,0.86,0.69,0.86,-1.03,0.81,0.86,0.86,0.85,0.86,0.86,0.86,0.69,0.71,0.86,0.86,0.8,0.86,0.86,0.86,0.86,0.85,0.86,0.84,0.86,0.86,0.85,0.78,-1.01,0.86,0.86,0.86,0.86,0.84,0.84,0.86,0.86,0.86,0.86,0.86,0.86,0.84,0.86,0.86,0.86,0.86,0.86,0.86,0.86,0.86,0.85,0.85,0.84,0.84,0.86,0.86,0.86,0.86,0.85,0.86,0.85,0.85,0.83,0.86,0.86,0.86,0.86,0.84,0.86,0.86,-1.13,0.86,0.86,0.86,0.86,0.86,0.86,-1.08,0.85,0.86,0.86,0.86,0.86,0.86,-1.02,0.86,0.85,0.85,0.86,0.86,0.86,0.86,0.86,0.79,0.85,0.84,0.86,0.86,0.86,0.86,0.86,0.84,0.86,0.86,0.86,0.86,0.86,0.84,0.86,0.8,0.86,0.86,0.86,0.86,0.86,0.85,0.86,0.86,0.86,0.84,0.86,0.86,0.86,0.86,0.86,0.86,0.85,0.86,0.83,0.86,0.82,0.84,0.86,0.86,0.86,0.86,0.86,0.86,0.86,0.72,0.86,0.86,-1.08,0.84,0.86,-1.14,0.86,0.76,0.86,0.86,0.86,0.85,-1.14,0.86,0.85,0.86,0.86,0.86,0.86,0.86,0.85,0.86,0.86,0.86,0.86,0.86,0.86,0.86,0.86,0.86,0.86,0.86,0.86,0.71,0.86,0.86,0.83,0.84,0.86,0.84,0.83,0.86,0.86,0.86,0.86,0.86,0.86,0.86,0.86,0.86,0.86,0.86,0.86,0.86,0.86,0.85,0.86
-1.19,-1.1,-1.05,0.62,-1.02,-1.05,0.83,-1.02,-1.05,-1.0,-1.05,0.85,0.83,-1.12,-1.02,0.81,0.84,0.76,-1.15,-1.08,0.76,0.83,0.83,0.77,0.82,-1.06,-1.06,-1.12,0.81,0.85,0.79,0.84,0.83,0.86,0.8,0.78,0.86,0.79,0.84,0.81,-1.03,-1.11,0.84,0.83,0.71,-1.1,0.85,0.86,0.84,0.86,0.81,0.84,0.86,0.84,0.86,0.84,0.86,0.84,0.86,0.85,0.77,0.86,0.86,0.86,0.86,0.86,0.73,0.86,0.86,-1.13,0.86,0.85,0.84,0.86,0.86,0.86,0.86,0.86,0.86,0.86,-1.02,0.86,0.86,0.86,0.86,0.86,0.83,0.86,0.86,0.86,0.86,0.86,-1.12,0.86,0.85,0.86,0.86,0.86,0.85,0.86,0.86,0.86,0.86,0.84,0.86,0.86,0.84,0.86,-1.12,0.86,0.86,0.86,0.84,0.86,0.86,0.78,0.86,0.86,0.86,0.86,0.84,0.86,0.86,0.86,0.86,0.86,0.86,0.86,0.85,0.86,0.86,0.86,0.86,-1.1,0.85,0.86,0.86,0.86,0.86,0.86,0.75,0.86,0.85,0.86,0.86,0.86,0.86,0.83,0.86,0.86,0.84,0.86,0.86,0.86,0.86,0.86,0.85,0.86,0.85,0.86,0.86,0.86,0.86,0.82,0.85,0.86,0.86,0.86,0.86,0.86,0.84,0.86,0.83,-1.13,0.86,0.86,0.86,0.84,0.86,0.86,0.86,0.86,0.82,0.86,0.86,0.86,0.86,0.86,0.86,0.84,0.86,0.86,0.86,0.86,0.84,0.86,0.86,0.86,0.86,0.86,0.86,0.86,0.83,0.86,0.86,0.74,0.86,0.86,0.86,0.86,0.86,0.86,0.86,0.86,0.79,0.85,0.86,0.86,-1.02,0.86,0.86,0.8,0.86,0.86,0.86,0.86,0.86,0.86,0.86,0.86,0.71,0.86,0.86,0.86,-1.09,0.86,0.85,0.86,0.86,0.86,0.84,0.86,0.86,0.86,0.86,0.86,0.86,0.86,0.86,0.86,0.86,0.86,0.86,0.86,0.86,0.86,0.86,0.86,0.86,0.86,0.86,0.86,0.86,0.86,0.86,0.86,0.85,-1.03,0.86,0.86,0.86,0.85,0.86,0.86,0.77,0.86,0.86,0.86,0.86,0.86,0.86,0.86,0.85,0.86,-1.02,0.86,-1.05,0.77,0.86,0.86,0.86,-1.15,-1.04,0.86,0.86,0.86,0.86,0.85,0.86,0.86,0.86,0.85,0.86,0.86,0.86,-1.0,0.85,0.86,0.85,0.86,0.84,0.85,0.86,0.86,0.86,0.86,0.86,0.85,0.86,0.86,0.86,0.86,0.71,0.86,0.85,0.86,0.86,0.86,0.86,0.86,-1.04,0.86,0.85,0.86,0.83,0.86,0.86,-1.05,0.86,0.86,0.86,0.86,0.85,0.85,0.86,0.86,0.86,0.86,0.86,0.86,0.86,0.86,0.86,0.86,0.86,0.86,0.86,0.86,0.81,0.86,-1.0,0.86,-1.03,0.86,0.86,0.86,-1.13,0.86,0.86,0.86,0.86,0.84,0.84,0.66,0.86,0.86,0.86,0.82,0.86,0.86,0.84,0.86,0.86,0.85,0.86,0.85,0.86,0.86,0.86,0.86,0.86,0.86,0.85,0.86,0.85,0.86,0.86,0.86,0.85,0.85,0.86,0.86,0.86,0.86,0.85,0.85,-1.13,0.86,0.86,0.86,0.84,0.86,0.86,0.86,0.86,0.85,0.74,0.86,0.86,0.86,0.86,0.86,0.86,0.86,0.86,0.78,0.86,0.86,0.86,0.83,0.86,0.86,0.86,0.86,0.86,0.86,0.86,-1.11,0.86,0.85,0.86,0.86,0.86,0.86,0.86,0.86,0.86,0.85,0.86,0.86,0.85,0.86,0.86,0.83,0.73,0.86,0.86,0.86,0.86,0.86,0.85,0.86,0.77,0.86,0.86,0.86,0.86,0.86,0.86,0.86,0.86,0.86,-1.13,0.86,0.86,0.85,0.86,0.74,0.85,0.86,-1.02,0.86,0.86,0.86,0.86,0.86,0.86,0.74,0.86,0.84,0.86,0.86,0.86,0.86,0.86,0.85,0.86,0.86,0.86,0.79,0.86,0.86,0.86,0.86,0.85,0.8,0.86,0.84,0.86,0.86,0.86,0.86,0.86,0.86,0.85,0.86,0.86,0.86,0.86,0.86,0.85,0.86,0.86,0.86,-1.03,0.86,0.86,0.86,0.86,0.86,0.86,0.86,0.83,0.86,0.86,0.86,0.86,0.86,0.86,0.86,0.86,0.85,0.86,0.86,0.83,0.86,0.86,0.84,0.86,0.86,0.86,0.86,-1.04,0.86,0.83,0.86,0.86,0.86,0.85,0.85,0.86,0.86,0.86,0.86,0.85,0.82,0.86,0.85,0.86,0.86,0.86,0.86,0.86,0.86,0.86,0.85,0.86,0.86,0.83,0.86,0.86,0.86,0.86,0.86,0.86,0.84,0.86,0.86,0.86,0.86,0.86,0.82,0.85,0.86,0.86,0.86,0.86,0.84,-1.04,0.86,0.86,0.86,0.85,0.86,0.86,0.86,-1.1,0.86,0.86,0.86,0.84,0.86,0.86,0.86,0.7,0.86,0.86,0.86,0.84,0.86,0.86,0.86,0.86,0.86,0.86,0.79,0.86,0.85,0.86,0.86,0.86,0.86,0.86,0.86,0.83,0.79,0.85,0.86,0.86,0.86,0.84,0.86,0.86,0.86,0.86,0.86,0.86,0.83,0.86,0.81,0.86,0.85,-1.02,0.83,0.86,0.86,0.82,0.86,0.86,0.86,0.86,-1.08,0.86,0.86,0.86,0.86,0.86,0.86,0.86,0.86,0.85,0.86,0.86,0.86,0.86,0.86,0.86,0.86,0.86,0.86,-1.0,0.85,0.86,0.86,-1.01,0.85,0.86,0.82,0.86,0.86,0.85,0.85,0.85,0.86,0.86,0.86,0.83,0.84,0.86,0.86,0.86,0.86,0.86,0.85,0.86,0.86,0.7,0.86,-1.01,0.86,0.86,-1.01,0.86,0.86,0.86,0.82,0.86,0.86,0.86,0.86,0.86,0.86,0.86,0.83,0.86,0.86,0.85,0.86,0.86,0.86,0.78,0.86,0.85,0.86,0.86,0.86,0.86,-1.05,-1.0,0.86,0.8,0.71,0.86,0.84,-1.02,0.85,0.86,0.84,0.86,0.86,0.86,0.86,-1.12,0.86,0.86,0.86,0.86,0.86,0.86,0.86,0.86,0.86,0.86,0.86,0.86,0.86,0.86,0.86,0.86,0.86,0.86,0.86,-1.09,0.86,0.86,0.86,0.73,0.86,0.86,0.86,0.86,0.86,0.86,-1.09,0.86,0.86,0.86,0.86,0.86,0.86,0.86,0.86,0.86,0.86,0.86,0.84,0.86,0.86,0.81,0.86,0.85,0.86,-1.02,0.86,0.86,0.86,0.86,0.86,0.86,0.85,0.84,0.86,-1.06,0.86,0.84,0.86,0.64,0.86,0.86,0.66,0.85,0.85,0.85,0.86,0.86,0.85,0.86,0.86,0.86,0.85,0.86,0.86,0.86,0.85,0.86,0.86,0.86,0.86,0.86,0.86,0.86,0.86,0.86,-1.02,0.84,-1.07,0.86,0.86,0.86,0.86,0.86,0.86,0.86,0.84,0.86,0.86,0.86,0.85,0.86,0.85,0.86,0.86,0.86,0.86,0.86,0.86,0.85,0.86,0.86,-1.03,0.86,0.84,0.86,0.81,0.86,0.86,0.84,0.85,0.86,0.85,0.84,0.86,0.86,0.86,0.86,-1.14,0.86,0.86,0.84,0.86,0.86,0.86,0.86,0.86,0.86,0.86,-1.1,0.85,0.86,0.86,0.86,0.85,0.86,0.86,0.86,0.86,0.86,0.86,0.86,0.86,0.86,0.86,0.86,-1.05,0.86,0.86,0.86,0.85,0.86,0.85,0.86,0.86,0.86,-1.06,0.85,0.85,0.85,0.86,0.86,0.86,0.86,0.86,0.86,0.85,0.85,-1.03,0.86,0.85,0.86,0.86,0.86,0.86,0.86,0.86,0.83,0.86,0.86,0.86,0.86,0.86,0.86,0.86,0.86,0.86,0.86,0.86,0.86,0.86,0.74,0.86,0.86,0.86,0.86,0.85,0.86,0.86,0.86,0.86,0.86,0.86,0.86,0.86,0.85,0.86,0.86,0.86,0.84,0.86,0.84,0.86,0.78,0.86,0.86,0.86,0.86,0.86,0.86,0.86,0.86,0.86,0.86,0.86,0.86,0.86,0.84,0.86,0.86,0.86,0.72,0.86,0.84,0.86,0.86,0.86,0.85,0.86,0.86,0.86,0.86,0.86,0.86,0.86,0.86,0.86,0.86,0.86,-1.03,0.86,0.86,0.83,0.86,0.86,0.85,0.85,0.86,0.86,0.84,0.86,0.86,0.86,-1.12,0.84,0.86,0.86,0.86,0.86,-1.09,0.86,0.85,0.86,0.86,0.86,0.86,-1.1,0.86,0.86,0.86,0.86,0.86,0.86,0.86,0.86,0.86,0.81,0.86,0.85,0.86,0.86,0.86,0.86,0.85,0.85,0.86,0.86,0.86,0.86,-1.12,-1.06,0.86,0.86,0.86,0.86,0.86,0.84,0.81,0.86,0.86,0.86,0.86,0.86,0.85,-1.01,-1.12,0.86,0.86,0.86,0.86,0.86,0.86,0.86,0.86,-1.01,0.86,0.86,0.85,0.86,0.86,0.86,0.86,0.86,-1.02,0.86,0.86,0.86,0.86,0.85,0.86,0.84,0.86,0.86,0.8,0.86,0.86,0.86,0.86,0.75,0.86,0.86,0.86,0.86,0.86,0.86,0.86,0.86,0.86,0.86,0.85,0.86,0.86,0.86,0.79,0.86,0.86,0.86,0.86,0.84,0.86,0.86,0.85,0.86,0.86,0.86,0.86,0.84,0.71,0.86,0.86,0.86,0.86,0.84,0.86,0.86,0.86,0.86,0.76,0.86,0.86,-1.12,0.86,0.86,0.76,0.86,0.86,0.86,0.86,0.86,0.85,0.84,0.86,0.86,0.86,0.85,0.86,0.86,0.86,0.86,0.86,0.86,0.86,0.85,0.86,0.86,0.85,0.82,0.86,0.86,0.86,-1.12,0.86,0.86,0.86,-1.1,-1.04,0.86,0.86,0.86,0.86,0.86,0.74,0.86,0.86,0.86,0.86,0.86,0.85,0.83,0.86,0.86,0.84,0.86,0.86,0.86,0.86,0.85,0.86,0.86,0.86,0.86,0.86,0.85,0.86,0.86,0.86,0.86,0.86,0.86,-1.12,-1.14,0.86,0.85,0.86,0.86,0.86,0.86,0.86,0.86,0.86,0.86,0.86,0.86,0.86,0.86,0.86,0.86,0.86,0.86,0.86,0.86,0.84,0.86,0.86,0.86,0.86,0.86,0.86,0.85,0.75,0.86,0.86,0.85,0.86,0.86,0.86,0.86,0.86,0.86,0.86,0.86,0.86,0.86,0.86,0.86,0.86,0.85,0.86,0.84,0.85,0.85,0.86,0.86,0.86,0.85,0.86,0.86,0.86,0.86,0.86,0.86,0.86,0.86,0.86,0.85,0.86,0.85,0.86,0.85,0.86,0.86,0.86,0.86,0.86,0.86,0.86,0.86,0.86,0.86,0.86,-1.09,0.86,-1.14,0.86,0.86,0.86,0.86,0.86,0.86,0.86,0.86,0.84,0.85,0.86,0.86,-1.0,0.86,0.86,0.86,0.86,0.85,0.86,-1.11,-1.09,0.85,0.85,0.85,0.86,0.86,0.85,0.86,0.86,0.83,0.86,0.86,0.86,0.86,0.86,0.86,0.86,0.86,0.86,0.69,0.84,0.86,0.85,0.86,0.85,0.86,0.84,0.86,0.86,0.86,0.85,-1.01,0.83,0.86,0.85,0.86,0.86,0.83,0.86,0.86,0.86,0.86,0.86,0.86,0.84,0.86,0.84,0.86,0.86,0.86,0.86,0.86,0.86,0.86,0.86,0.85,0.86,0.86,0.85,0.86,0.66,0.86,0.86,0.86,0.85,0.86,0.84,0.86,0.86,0.86,0.86,0.86,0.86,0.86,0.86,0.86,0.86,0.82,0.85,0.86,0.86,0.86,0.86,0.86,0.83,0.86,0.86,0.86,0.86,0.86,0.86,0.86,-1.05,0.86,0.86,0.86,0.86,0.81,0.86,0.85,0.86,0.86,0.86,0.78,0.86,0.86,0.86,0.86,0.84,0.86,0.84,0.86,0.86,0.86,0.86,0.84,0.86,0.86,0.86,0.86,0.86,0.86,0.86,0.86,0.86,0.86,0.86,0.86,0.86,0.86,0.84,-1.01,0.85,0.86,0.86,0.86,0.86,0.86,0.86,0.86,0.86,0.86,0.86,0.86,0.86,0.85,0.86,0.86,0.86,0.86,0.86,0.86,0.86,0.86,0.84,0.86,0.74,0.86,0.8,0.86,0.86,-1.01,0.85,0.86,0.86,0.85,-1.05,0.85,-1.12,0.86,0.86,0.86,0.86,0.86,0.86,0.86,0.86,0.85,0.79,0.86,0.84,0.86,0.84,0.86,0.86,0.75,0.86,0.86,0.79,0.86,0.86,0.81,0.86,0.85,-1.14,0.85,0.85,0.86,0.85,0.84,0.86,0.86,0.86,0.86,0.86,0.85,0.86,0.86,0.86,0.86,0.86,0.86,0.86,0.86,0.86,0.86,0.86,0.85,0.86,0.86,0.86,-1.07,0.84,0.86,0.86,0.85,0.85,0.86,0.86,0.85,0.86,-1.07,0.85,-1.09,0.85,0.86,0.86,0.86,0.86,0.84,0.86,0.85,0.86,0.85,0.86,0.86,0.86,0.86,0.84,0.86,0.86,0.86,0.86,0.86,0.86,0.86,0.85,0.86,0.86,0.86,0.86,0.76,-1.03,-1.02,0.84,0.86,0.86,0.86,0.86,0.86,0.86,-1.03,-1.04,0.85,0.86,0.86,0.86,0.86,0.85,0.82,0.86,0.86,0.84,0.86,-1.15,0.85,0.86,0.85,0.86,0.86,0.84,0.86,0.86,0.86,0.86,-1.0,0.86,0.86,0.82,0.86,0.85,0.86,0.86,0.86,0.85,0.86,0.86,0.86,0.86,-1.07,0.86,0.86,0.86,0.86,-1.02,0.84,0.86,0.86,0.86,-1.01,0.86,0.85,0.86,0.86,0.86,-1.1,0.86,0.86,0.85,0.86,0.85,0.85,0.86,0.86,0.86,0.86,0.84,0.85,0.86,0.86,0.86,0.86,0.62,0.86,0.86,0.86,0.86,0.85,0.86,0.85,0.84,0.86,0.86,0.85,0.86,0.85,0.84,0.86,0.86,0.85,-1.03,0.86,0.86,-1.06,0.85,-1.07,0.86,0.86,0.86,0.83,0.86,0.86,0.86,0.86,0.84,0.86,0.86,0.84,0.86,0.86,0.86,-1.05,0.72,0.86,0.86,0.86,0.86,0.86,0.86,0.86,0.85,0.86,0.84,0.86,0.85,0.86,0.86,0.86,0.86,0.86,0.86,0.83,0.86,0.86,0.84,0.86,0.85,-1.04,0.86,0.86,0.86,0.86,0.86,0.86,0.86,0.82,0.83,0.86,0.86,0.85,0.86,0.85,0.86,0.86,0.86,0.86,0.79,0.86,0.86,0.86,0.84,0.86,0.86,0.86,0.86,0.86,0.84,0.86,0.85,0.86,0.86,0.85,-1.07,0.84,0.86,-1.05,-1.14,0.71,-1.04,0.86,0.86,0.86,0.85,0.74,0.85,0.86,0.86,0.7,0.86,0.85,0.86,0.86,0.86,-1.13,0.86,0.86,-1.09,0.84,0.85,0.86,0.86,0.7,0.85,0.86,0.86,0.86,0.86,0.84,-1.0,0.86,0.86,0.86,0.86,0.86,0.85,0.86,0.86,0.86,0.86,0.86,0.86,0.71,0.86,0.75,0.86,0.86,0.86,0.86,0.86,0.86,0.85,0.86,0.84,0.86,0.86,0.86,0.84,0.82,0.86,0.86,0.72,0.86,0.84,0.86,0.84,0.86,0.86,0.86,0.76,0.86,-1.03,0.71,0.86,-1.03,0.85,0.86,0.86,0.86,0.86,0.79,0.86,0.86,0.86,0.86,0.8,0.86,0.86,0.86,0.84,0.86,0.86,0.86,0.85,-1.12,0.85,0.86,0.86,0.86,0.85,0.86,0.86,0.86,0.86,0.86,0.86,0.84,0.86,0.86,0.86,0.77,0.86,0.86,-1.03,0.86,-1.17,0.86,0.86,0.85,0.85,0.86,0.86,0.86,-1.02,0.85,0.86,0.86,0.86,0.86,0.86,0.86,0.83,0.84,0.86,0.86,0.79,0.83,0.86,0.86,0.84,0.86,0.72,0.86,0.86,0.86,0.86,0.86,0.85,0.86,0.86,0.86,0.86,0.72,0.86,0.86,0.77,0.86,0.86,0.85,0.86,0.86,0.86,0.86,0.86,0.85,0.86,0.83,-1.13,0.85,0.85,0.86,0.84,0.85,0.86,0.86,0.86,0.86,0.86,-1.0,0.86,0.86,0.85,0.85,0.86,0.85,0.86,0.86,0.86,0.84,0.86,0.86,0.83,0.86,-1.0,0.86,0.86,0.74,0.86,0.86,0.86,-1.05,0.86,0.86,0.85,0.86,0.86,0.86,0.86,-1.03,0.86,0.86,0.86,-1.0,0.86,0.86,0.86,0.86,0.86,0.86,-1.13,0.86,0.83,-1.03,0.85,0.86,0.86,-1.04,0.86,-1.08,0.86,0.86,0.86,0.85,0.86,0.86,0.86,-1.08,0.85,0.85,0.85,0.86,0.75,0.86,0.85,0.86,0.86,0.86,0.86,0.75,0.86,0.86,0.86,0.86,0.86,0.86,0.86,0.86,0.86,0.85,0.86,0.86,0.85,0.86,0.86,0.86,0.86,0.86,0.86,0.86,0.86,0.86,0.86,0.86,0.86,0.86,0.86,0.86,0.85,0.86,0.86,0.83,0.86,0.85,0.8,0.86,-1.06,0.82,0.86,0.86,0.85,0.85,0.86,0.85,0.86,0.86,0.86,0.86,0.86,0.86,0.84,0.86,0.86,0.83,0.86,0.86,0.84,-1.03,0.85,0.84,0.86,0.86,0.86,0.86,0.85,0.86,0.64,0.85,0.86,0.86,0.86,0.86,0.86,0.86,0.86,0.86,0.86,0.86,0.86,0.86,-1.0,0.86,0.84,0.86,0.78,0.86,0.86,0.86,0.86,0.86,0.86,-1.09,-1.08,0.8,0.84,0.86,0.86,0.86,-1.0,0.85,0.86,0.86,0.86,0.86,0.86,0.84,0.86,0.86,0.85,0.84,0.86,0.86,0.84,0.84,0.86,0.85,0.86,0.86,0.86,0.86,0.83,-1.1,0.86,0.86,-1.02,0.86,0.86,0.86,-1.05,0.86,0.85,0.86,0.84,0.86,0.86,0.86,0.86,0.86,0.85,0.86,0.86,0.86,0.84,-1.16,0.86,0.86,0.86,-1.13,0.86,0.86,0.86,0.86,0.86,0.86,0.86,0.86,0.84,0.85,0.84,0.86,0.86,0.86,0.86,0.86,0.86,-1.09,0.84,0.86,0.83,0.86,0.86,0.86,0.86,0.86,0.84,-1.14,0.86,0.86,0.86,0.86,0.86,0.86,0.86,0.86,0.86,0.86,0.86,0.86,0.86,0.86,0.84,0.86,0.86,0.86,0.86,0.86,0.86,0.86,0.86,0.86,0.86,0.86,0.84,0.86,0.86,0.86,0.85,0.86,0.86,0.85,0.86,-1.1,0.86,0.86,0.86,0.86,0.86,0.86,0.86,0.86,0.86,0.86,0.86,0.86,-1.12,0.84,0.85,0.86,0.83,0.86,0.83,-1.13,-1.14,0.85,0.86,0.86,0.83,0.86,0.86,0.84,0.86,0.84,0.85,0.82,0.84,0.86,0.84,-1.2,0.86,0.85,0.85,0.84,0.86,0.85,0.86,0.86,0.86,0.86,0.86,0.86,0.83,0.86,0.84,0.86,0.86,0.86,0.86,0.86,0.86,0.86,0.86,0.86,0.86,0.86,0.86,0.86,0.86,0.86,0.86,0.86,0.84,0.86,0.86,0.72,0.85,0.86,0.86,0.86,0.86,0.86,0.86,0.86,0.86,0.86,0.86,-1.0,0.86,0.85,0.85,0.86,-1.03,0.83,0.74,0.86,0.86,0.73,0.86,0.86,0.86,0.86,0.86,0.86,0.86,0.84,0.86,0.84,-1.02,0.86,0.85,0.86,0.86,0.86,0.86,0.86,0.86,0.86,0.85,0.86,0.86,0.86,0.86,0.86,0.86,0.86,0.86,0.86,0.86,0.86,0.84,0.82,0.86,0.86,0.86,0.86,0.86,0.84,0.86,0.86,0.86,0.86,0.86,0.86,0.8,0.86,-1.14,0.85,0.86,0.86,0.86,0.86,0.86,0.85,0.86,0.86,0.86,0.86,0.85,0.86,0.86,0.86,0.85,0.86,-1.06,0.86,0.78,0.86,0.85,0.86,0.86,0.86,0.82,0.86,0.86,0.86,0.8,0.86,0.84,0.86,0.86,0.85,0.86,0.86,0.86,0.86,0.86,0.86,0.86,0.86,0.86,-1.13,0.86,0.86,0.86,0.86,0.86,0.86,0.83,0.86,-1.06,0.86,0.86,0.86,0.86,0.86,0.86,0.84,0.86,0.86,0.86,0.86,0.86,0.86,0.77,0.86,0.86,0.86,0.86,-1.13,0.85,0.86,0.86,0.86,0.86,0.86,0.86,0.86,0.86,0.86,0.85,0.86,0.86,0.86,0.86,0.85,0.86,-1.12,0.86,0.86,0.86,-1.02,0.83,0.86,0.84,0.86,0.84,0.86,0.85,0.86,0.85,0.85,0.86,0.86,0.86,0.86,0.86,0.86,0.86,0.86,0.85,0.84,0.71,0.86,0.86,0.86,0.86,0.85,0.86,0.86,0.86,0.86,0.86,0.86,0.84,0.84,0.86,0.86,0.86,0.84,0.77,0.86,0.86,0.85,0.85,0.84,0.86,0.86,0.86,-1.01,-1.01,0.86,0.86,0.82,0.86,0.86,0.84,0.86,0.84,0.86,0.86,0.86,0.86,0.86,0.86,0.86,0.86,0.85,0.84,0.85,0.86,0.86,0.86,0.86,0.74,0.86,0.86,0.86,0.86,0.86,-1.12,0.84,0.86,0.86,-1.02,0.85,0.86,0.85,0.86,0.84,0.86,-1.07,0.86,0.86,0.86,0.86,-1.07,0.86,0.86,0.86,0.84,0.84,0.86,0.86,0.86,-1.05,0.85,0.86,0.86,0.83,0.85,0.86,0.86,0.85,0.85,0.86,0.84,0.86,0.86,0.86,0.86,0.83,0.86,0.86,0.86,0.86,-1.16,0.85,-1.14,0.86,0.86,0.86,0.86,0.83,0.7,0.86,0.86,0.85,0.86,0.86,0.86,0.86,0.86,0.86,-1.11,0.85,0.84,0.86,0.86,0.86,0.86,0.86,-1.03,0.86,0.86,0.86,0.86,0.86,0.86,0.85,0.86,0.85,0.85,0.85,0.86,0.86,-1.03,0.86,0.86,0.83,0.86,0.86,0.83,0.86,0.86,0.86,0.86,0.84,0.86,0.86,-1.03,0.86,0.86,0.85,0.86,0.86,0.86,0.84,0.86,0.86,0.86,0.86,0.86,0.86,0.85,0.83,0.86,0.86,0.86,0.74,0.86,0.86,0.86,0.86,0.86,0.84,0.85,0.86,0.86,-1.15,0.86,0.86,0.86,0.86,0.86,0.86,0.86,0.86,0.86,0.86,0.86,0.86,0.86,0.86,0.86,0.86,0.86,0.86,0.86,0.86,0.86,0.86,0.86,0.86,0.86,0.86,0.86,0.86,0.86,0.86,0.86,0.86,0.86,0.86,0.79,0.85,0.79,0.86,0.86,0.86,0.86,0.85,0.86,0.86,0.86,-1.03,0.86,0.86,0.86,0.86,0.86,-1.01,0.86,0.86,0.85,0.86,0.86,0.86,0.86,0.86,0.86,0.86,0.86,0.85,0.86,0.86,0.86,-1.02,0.71,0.86,0.84,0.86,0.86,-1.18,0.85,0.86,0.86,0.71,0.86,0.86,0.86,0.86,-1.09,0.85,0.86,0.85,0.86,0.78,0.86,-1.07,-1.17,0.85,0.84,0.85,0.85,0.83,0.86,0.85,0.81,0.86,0.75,0.85,0.86,0.86,0.86,0.81,0.83,0.84,0.85,0.78,0.75,0.86,0.86,0.72,0.85,0.81,-1.12,0.86,0.85,0.86,-1.05,0.86,0.85,0.86,0.86,0.86,0.86,0.86,0.84,0.86,0.86,0.86,-1.03,0.86,0.86,0.81,0.86,0.86,-1.02,0.86,0.85,0.86,0.82,0.86,0.86,0.86,0.85,0.86,0.73,0.86,-1.05,0.86,0.86,0.86,0.86,-1.11,0.86,0.86,0.86,0.86,0.86,0.86,0.86,0.86,0.86,0.86,-1.13,0.86,0.86,0.86,0.86,0.85,0.85,0.86,0.86,-1.01,0.86,0.86,0.84,0.86,0.86,0.86,0.86,0.86,-1.08,0.86,0.86,0.85,0.86,0.86,0.86,0.86,0.86,0.86,0.86,0.86,0.86,0.69,0.85,0.86,0.86,0.86,0.86,-1.03,0.86,0.77,0.86,0.84,0.86,0.85,0.86,0.83,0.81,0.75,0.86,0.86,0.86,-1.01,0.86,0.85,0.86,0.86,0.86,-1.2,0.86,0.86,0.86,0.86,0.86,0.86,0.86,0.86,0.86,0.86,0.86,0.84,0.84,0.86,0.86,0.85,0.86,-1.02,0.85,0.85,0.84,0.86,0.85,0.86,0.86,0.86,0.86,0.86,0.86,0.83,0.86,0.86,0.86,0.84,0.86,0.86,0.86,0.86,0.84,0.86,0.85,0.85,0.86,0.86,0.86,-1.12,0.85,0.86,0.85,0.84,0.86,0.86,0.86,0.86,0.86,0.86,0.83,0.86,-1.14,0.86,0.85,0.86,0.86,0.86,0.86,0.86,0.86,0.86,0.85,0.86,0.85,0.86,0.86,0.86,0.85,0.86,0.86,-1.15,0.86,0.86,0.71,0.86,0.86,0.86,0.86,0.86,0.85,0.86,0.86,0.86
0.85,-1.17,0.67,-1.05,-1.04,-1.02,-1.07,-1.01,0.8,0.84,0.65,0.82,0.81,0.67,0.8,-1.1,0.82,-1.19,0.81,-1.1,-1.13,-1.0,0.78,-1.14,0.74,0.81,0.73,-1.08,0.76,0.8,0.86,0.84,0.82,0.84,0.84,0.86,0.84,0.74,0.82,0.84,0.72,-1.09,-1.04,-1.01,0.79,-1.06,0.85,0.85,-1.12,0.86,0.77,0.86,0.84,-1.1,0.86,0.86,0.86,0.86,0.86,0.86,0.86,0.86,0.86,0.86,0.85,0.86,0.86,-1.05,0.71,-1.04,0.86,0.86,0.86,0.86,0.86,0.86,0.86,-1.21,0.84,0.86,0.86,0.86,0.77,0.86,0.86,0.86,0.83,0.81,0.86,0.86,0.86,0.8,0.86,0.86,0.86,0.86,0.86,0.86,0.86,0.86,0.86,0.86,0.85,0.86,0.86,0.85,0.86,0.86,0.86,0.86,0.85,0.85,0.76,0.84,-1.05,0.86,0.86,0.84,0.86,0.86,0.86,0.86,0.84,0.86,0.86,0.86,0.86,0.86,0.86,0.86,0.86,0.86,0.86,0.86,0.86,-1.15,0.84,0.86,0.85,0.84,0.86,-1.03,0.86,0.85,0.86,0.86,0.86,0.86,0.84,0.86,0.86,0.86,0.85,0.84,0.86,0.86,0.86,0.83,0.84,0.86,0.77,0.86,0.86,0.85,0.86,0.86,-1.1,0.85,0.86,0.86,0.86,0.86,0.86,0.86,0.86,0.86,0.86,0.74,0.86,0.78,-1.04,0.86,0.86,0.84,0.86,0.86,0.86,0.86,0.86,0.84,0.83,0.86,0.86,0.86,0.86,0.86,0.86,0.86,0.86,0.86,0.84,0.85,0.86,0.86,0.86,0.86,0.86,0.81,0.86,0.86,-1.07,0.86,-1.02,0.86,0.86,0.86,0.86,0.86,0.86,0.84,0.86,0.86,0.86,0.86,0.86,0.86,0.86,0.78,0.86,0.86,0.86,-1.05,0.86,0.85,-1.04,0.86,0.86,0.86,0.86,-1.17,0.86,0.86,0.86,0.86,0.85,0.86,0.86,0.86,0.86,0.86,0.86,0.86,0.85,0.86,0.86,0.86,0.86,0.86,0.86,0.86,0.86,0.86,0.86,0.86,0.86,0.84,0.86,0.83,0.86,0.85,0.86,0.74,0.86,0.86,0.86,0.86,-1.1,0.86,0.86,0.86,0.86,0.86,-1.14,0.84,0.86,0.86,0.77,-1.12,0.86,0.86,0.86,0.86,0.86,0.86,-1.13,-1.15,0.85,-1.15,-1.13,0.86,0.86,0.86,0.86,0.84,0.86,0.86,0.86,0.86,0.81,0.84,0.86,0.86,0.86,0.85,0.61,0.86,0.86,0.86,0.86,0.86,0.86,0.86,0.86,0.86,0.86,0.86,0.86,0.83,-1.1,-1.11,0.86,0.85,0.86,-1.11,0.86,0.86,0.86,0.86,0.86,0.85,-1.03,0.86,0.86,0.84,0.86,0.86,0.82,-1.13,0.86,0.86,0.71,0.86,0.86,0.86,0.86,0.86,0.84,0.83,0.86,-1.09,0.86,0.86,0.86,0.81,0.86,0.86,0.86,0.86,-1.0,0.86,0.86,0.86,0.86,0.86,0.8,0.86,0.86,0.84,0.86,0.86,0.86,0.75,0.71,0.86,0.86,0.85,0.85,0.86,0.86,0.8,-1.13,0.71,0.86,-1.13,0.86,0.86,0.86,0.86,-1.07,0.86,0.85,0.85,0.85,-1.05,0.85,0.86,0.86,-1.07,0.86,0.86,0.86,0.86,0.86,0.86,0.86,0.86,0.85,0.86,0.84,0.86,0.86,0.86,0.85,0.86,0.84,0.86,0.86,0.86,0.86,0.86,0.86,0.86,0.85,0.86,0.86,0.86,0.81,0.84,0.73,0.86,0.86,0.86,0.86,0.84,-1.02,0.71,0.86,-1.02,0.86,0.81,0.86,0.86,0.86,0.86,0.86,0.85,-1.09,0.86,0.86,-1.19,0.86,0.86,0.86,0.86,0.86,0.86,0.73,0.86,0.85,0.85,0.86,0.86,0.86,0.84,0.86,0.83,-1.01,0.86,0.85,0.86,0.86,0.86,0.83,0.86,0.72,0.86,0.86,0.86,0.86,0.85,0.86,0.86,0.86,0.86,0.86,0.86,0.86,-1.1,0.86,0.86,0.86,0.86,0.86,0.85,0.86,0.86,0.86,0.86,0.86,-1.06,0.85,0.86,-1.11,0.86,0.86,0.86,0.86,0.86,0.86,0.86,0.86,0.86,0.86,0.86,0.73,-1.08,0.86,0.86,0.84,0.86,0.76,0.86,0.84,0.84,0.75,0.86,0.86,0.86,0.86,0.86,0.86,0.86,0.86,0.86,0.86,0.86,0.86,0.86,0.86,0.86,0.86,0.86,0.86,0.86,-1.05,0.86,0.86,0.83,0.86,0.86,0.86,0.86,0.86,-1.13,0.86,0.77,0.86,0.86,0.86,0.86,0.84,0.86,0.86,0.86,0.86,0.86,0.86,-1.04,0.84,0.83,-1.0,0.77,0.86,0.86,0.86,0.86,0.86,0.86,0.86,-1.07,0.86,0.84,0.86,0.86,0.86,0.86,0.86,0.86,-1.02,0.74,0.86,0.86,0.86,-1.09,0.81,-1.11,0.78,0.85,0.84,0.86,0.86,0.86,0.86,0.86,0.84,0.86,0.85,0.86,0.86,0.86,0.85,0.86,0.86,0.86,0.86,0.84,0.86,0.84,0.86,0.84,0.86,0.86,0.86,0.86,0.86,0.84,0.86,0.86,0.86,0.86,0.86,0.86,0.71,0.86,0.85,0.86,0.86,0.86,0.86,0.82,0.84,0.86,0.86,0.86,0.85,0.78,0.86,0.86,0.86,0.86,-1.11,0.86,0.86,0.86,0.86,0.85,0.86,0.84,0.86,0.86,0.86,0.86,-1.07,0.86,0.86,0.86,0.86,0.86,0.86,0.85,0.86,0.86,0.84,0.86,0.86,0.71,0.86,0.85,0.86,-1.01,0.86,0.86,0.85,0.86,0.86,0.86,0.86,0.86,0.86,0.86,0.86,0.86,0.86,0.86,0.86,0.86,0.86,0.84,0.86,0.86,0.86,0.86,0.86,0.86,0.86,-1.14,0.86,0.86,0.86,-1.15,0.86,0.86,0.86,0.86,0.85,0.86,0.86,0.86,0.86,0.86,0.86,0.86,0.86,0.86,0.86,0.86,0.86,0.86,0.86,0.86,0.86,0.86,0.86,0.86,0.86,0.86,0.84,0.86,0.86,0.86,0.86,0.86,0.86,-1.03,0.86,0.86,0.84,0.86,0.86,0.86,0.86,-1.05,0.84,0.86,0.81,0.86,0.86,0.86,0.86,0.86,0.86,0.86,-1.13,0.86,0.86,0.86,0.84,0.86,0.86,0.85,0.86,0.86,0.86,0.86,0.86,0.86,0.84,0.86,0.74,0.86,0.86,0.86,0.86,0.86,0.86,0.86,0.86,0.86,0.82,0.86,0.86,0.86,0.86,0.79,0.86,0.86,0.84,0.86,0.83,0.83,0.86,0.85,0.85,0.86,0.77,0.86,0.86,0.83,0.86,0.86,0.86,0.86,0.86,0.86,0.86,0.86,0.86,0.86,0.86,0.74,0.86,0.86,0.86,0.86,0.86,0.86,0.86,0.86,0.86,0.86,0.86,0.86,0.86,0.86,0.86,0.86,0.85,0.86,0.86,0.86,0.86,0.86,0.86,0.86,0.84,0.86,0.86,0.84,0.86,0.84,0.86,0.85,0.85,0.86,0.86,0.86,0.86,0.86,0.86,0.86,0.86,0.86,0.86,0.86,0.77,0.86,0.86,0.85,0.86,0.86,0.86,0.86,0.86,0.86,0.86,0.84,0.86,0.86,0.86,0.86,0.86,0.86,0.86,0.86,-1.01,0.86,0.85,0.86,0.86,-1.1,0.83,0.86,0.85,0.86,0.86,0.86,0.86,0.86,0.86,0.86,0.86,0.86,0.86,0.86,0.86,0.86,0.85,0.86,0.86,0.86,0.86,0.86,0.86,0.86,0.86,-1.08,-1.05,-1.0,0.84,0.85,0.86,0.86,0.86,0.86,0.86,0.86,0.86,0.86,0.86,0.86,0.86,0.76,0.86,0.86,0.86,0.86,0.86,0.86,0.86,0.85,0.86,-1.02,0.86,0.86,0.85,0.86,0.84,0.86,0.86,0.86,0.86,-1.02,0.86,0.81,0.85,0.86,0.86,0.85,0.86,0.86,0.86,0.81,0.85,0.83,0.86,0.86,0.86,0.86,0.86,0.86,0.86,0.86,0.86,0.86,0.86,0.86,-1.02,0.86,0.86,0.85,0.86,0.86,0.86,0.86,0.85,-1.03,0.86,0.86,0.86,0.86,0.86,0.86,-1.01,0.85,0.86,0.86,0.86,0.86,0.86,0.86,0.86,0.85,0.86,0.86,0.86,0.86,0.86,0.86,0.86,0.86,0.85,0.86,-1.03,0.86,-1.09,0.86,0.85,0.84,0.84,0.81,0.86,0.84,0.86,0.86,0.86,0.86,0.86,0.86,0.8,0.85,0.86,0.85,0.84,0.86,-1.14,0.82,-1.04,0.86,0.86,0.71,0.76,0.86,0.8,0.86,0.86,0.86,0.86,0.86,0.86,0.86,0.84,0.85,0.86,0.86,0.86,-1.11,0.84,0.83,0.85,0.85,0.85,0.86,-1.03,0.86,0.85,0.86,0.86,0.86,0.86,0.86,0.83,0.82,0.86,0.86,0.86,0.79,0.86,0.86,0.86,0.86,0.86,0.86,0.86,0.86,0.86,-1.1,0.86,0.86,-1.16,0.85,0.84,0.86,0.86,0.86,0.84,-1.1,0.86,-1.02,0.84,0.86,0.86,0.86,0.86,0.86,0.86,0.86,0.86,-1.01,0.86,0.86,0.85,0.84,0.86,0.86,0.86,0.84,0.86,0.86,0.86,0.86,0.86,0.84,0.86,-1.0,0.86,0.86,0.85,0.85,0.85,0.85,0.81,0.85,0.86,0.86,0.85,0.86,0.86,0.86,0.86,0.86,-1.09,-1.01,0.86,0.86,0.86,0.86,0.86,-1.02,0.86,0.84,0.86,0.85,0.86,0.86,0.86,0.84,0.86,0.86,0.86,0.86,0.85,0.85,0.86,0.86,0.86,-1.1,0.86,0.85,0.86,0.86,0.86,0.86,0.86,0.86,0.86,0.86,0.86,0.86,0.81,0.86,0.86,0.86,0.86,0.86,0.86,0.85,0.86,0.86,0.85,0.84,0.85,0.86,0.86,0.85,0.86,0.86,0.86,0.86,0.86,0.86,0.86,0.86,0.86,0.86,0.86,0.86,-1.07,0.86,0.86,-1.15,0.86,0.85,-1.0,0.86,0.84,0.86,0.86,0.86,-1.11,0.86,0.86,0.85,0.86,0.86,0.85,0.86,0.86,0.86,0.85,0.86,0.84,0.78,0.86,0.85,0.86,-1.11,0.86,0.85,0.86,0.84,0.86,0.86,0.86,0.86,0.86,0.86,0.85,0.86,0.86,0.86,0.82,0.86,0.86,0.85,0.86,0.84,0.84,0.86,0.86,0.86,0.86,0.79,0.86,0.86,0.85,0.86,0.86,0.85,0.85,0.86,0.85,0.86,0.86,0.86,0.86,0.83,0.86,-1.12,0.73,0.85,0.86,0.86,0.86,0.86,0.86,0.86,0.86,0.86,0.86,0.86,0.86,0.86,0.86,0.86,0.86,0.86,0.86,0.86,0.86,0.86,-1.04,0.85,-1.13,0.86,0.86,0.86,0.86,0.86,0.86,0.85,0.84,0.86,0.86,0.86,0.85,-1.02,0.86,0.86,0.84,0.86,0.86,0.86,0.86,0.86,-1.13,0.86,0.86,-1.08,0.86,0.84,0.86,-1.02,0.86,0.85,0.85,0.86,0.86,0.86,0.86,0.85,0.86,0.86,0.85,0.86,0.86,0.86,0.85,0.85,0.86,0.86,0.86,0.84,0.86,0.86,0.86,0.86,0.86,0.86,0.86,0.86,-1.02,0.86,0.84,0.86,-1.07,0.84,0.86,-1.09,0.85,0.86,0.83,-1.14,0.86,0.86,0.86,0.86,0.71,0.86,0.86,0.86,0.86,0.86,0.86,0.86,0.86,0.86,0.86,0.84,0.86,0.86,-1.07,0.85,0.86,0.86,0.86,0.85,0.86,0.84,0.86,0.74,0.86,0.86,0.86,0.86,0.86,0.86,0.86,0.86,0.86,0.86,0.86,0.83,0.86,0.84,0.86,0.86,0.84,0.86,0.86,0.86,0.85,0.86,0.86,0.86,-1.09,0.86,0.86,0.85,0.86,0.86,0.86,0.86,0.86,0.86,0.86,0.86,0.86,0.86,0.86,0.86,0.86,0.85,-1.11,0.86,0.86,0.86,0.76,0.86,0.86,0.86,0.86,0.86,0.86,0.86,0.86,0.86,-1.08,0.85,0.86,0.85,0.86,0.86,0.86,0.84,0.86,0.86,0.86,0.86,0.84,0.86,0.86,0.86,0.79,0.86,0.86,0.86,0.86,0.86,0.77,0.86,0.86,0.86,0.71,0.84,0.86,0.86,0.86,-1.13,0.86,0.86,0.84,-1.1,0.84,0.85,-1.05,0.86,0.86,-1.14,0.86,0.86,0.86,0.86,0.86,0.86,0.86,0.86,0.82,0.84,0.86,0.83,0.86,0.86,0.83,0.86,0.86,0.86,0.84,0.86,0.86,0.86,0.86,0.86,0.86,0.85,0.86,0.84,0.86,0.86,0.83,0.86,0.86,0.86,0.84,0.86,0.86,0.86,0.86,0.86,0.84,0.86,0.86,0.86,0.86,0.86,0.86,0.86,0.86,0.86,-1.02,0.84,0.86,0.86,0.86,0.86,0.86,0.86,0.86,0.86,0.86,0.81,0.86,0.83,0.86,0.86,0.86,0.86,0.86,0.85,0.86,0.86,0.86,0.86,0.86,0.86,0.86,0.85,0.86,0.86,-1.09,0.86,-1.05,0.86,0.86,0.86,0.86,0.86,0.86,0.84,-1.03,0.84,0.85,0.73,0.86,0.86,0.82,0.86,0.86,0.86,0.85,0.86,0.86,0.85,0.86,0.86,0.86,-1.03,-1.12,0.86,0.86,-1.11,0.86,0.86,0.86,0.86,-1.04,0.86,0.86,0.85,0.86,0.86,0.7,0.85,0.86,0.84,0.86,0.86,0.86,0.85,-1.16,0.85,0.86,0.86,0.86,-1.11,0.86,0.86,0.84,0.86,0.86,-1.13,0.84,0.86,0.86,0.86,0.71,0.86,0.86,0.84,-1.1,0.77,0.86,0.84,0.85,0.86,0.85,0.85,0.85,0.86,0.85,0.86,0.86,0.86,0.86,-1.0,0.82,-1.05,0.86,0.84,0.84,-1.12,0.84,0.83,0.85,0.86,0.86,0.85,0.86,0.85,0.86,0.86,0.85,0.86,0.86,0.86,0.86,0.86,0.86,0.86,0.86,0.86,0.86,0.84,0.86,0.86,0.86,0.86,0.86,-1.04,0.86,0.86,0.86,0.86,0.85,0.86,0.86,0.83,0.86,0.86,0.84,0.86,0.86,0.86,0.85,0.71,-1.08,0.86,-1.06,0.86,0.86,0.86,0.86,0.86,0.86,0.86,0.85,0.86,0.86,0.86,0.86,0.86,0.86,0.86,0.86,0.84,-1.1,0.86,0.86,0.86,0.86,0.86,0.86,0.85,0.86,0.86,0.86,0.86,0.85,-1.05,0.86,-1.17,0.84,0.85,0.86,0.86,0.86,-1.12,0.86,0.86,0.86,0.86,0.86,0.86,0.86,0.86,-1.03,-1.01,0.85,0.85,0.83,0.86,0.86,0.86,0.86,0.86,0.86,0.83,0.86,-1.08,0.86,0.86,0.86,0.86,0.86,-1.13,-1.07,0.86,0.85,0.86,0.86,0.84,0.86,0.86,0.86,0.86,0.86,0.83,0.86,0.86,0.86,0.84,0.86,0.86,0.86,-1.11,0.85,0.86,0.86,0.86,0.84,0.86,0.86,0.85,0.86,0.86,0.86,0.86,0.86,-1.02,0.86,0.73,0.84,0.86,0.86,0.86,0.86,0.86,0.86,0.86,0.86,0.86,0.86,0.86,0.86,0.85,0.86,0.86,0.86,0.86,0.86,0.75,0.86,0.86,0.86,0.86,0.64,0.81,0.86,0.86,0.86,0.86,0.83,0.86,0.86,0.86,0.86,0.86,0.86,0.85,0.86,0.86,0.86,0.84,0.86,0.83,0.86,0.86,-1.01,0.86,0.86,0.86,-1.1,0.86,0.86,0.86,0.84,0.86,0.86,0.86,0.7,0.85,0.86,0.85,0.86,0.86,0.85,0.85,0.86,0.86,-1.01,0.86,0.86,0.86,0.86,0.86,0.85,-1.12,0.86,0.86,0.86,0.86,0.85,0.86,0.86,0.86,0.86,0.86,0.84,-1.08,0.86,-1.03,0.86,0.86,0.85,-1.02,0.86,0.86,0.83,-1.12,0.86,0.86,-1.12,0.86,0.86,0.86,0.86,0.86,0.86,0.86,0.83,0.86,0.86,0.85,0.86,0.86,0.86,0.85,0.86,0.86,0.86,0.86,0.86,0.85,0.86,0.85,0.86,0.86,0.86,0.83,0.84,0.86,-1.01,0.86,0.86,0.86,0.86,0.86,0.85,0.86,0.86,0.86,0.86,0.84,0.86,0.85,0.83,0.84,-1.18,0.86,0.86,0.78,0.86,0.86,-1.13,0.83,0.86,-1.05,0.85,0.86,0.86,0.86,0.86,0.86,0.85,0.86,0.84,0.86,0.86,0.86,0.86,0.84,0.86,0.86,0.86,0.86,0.86,0.86,0.85,0.86,0.86,0.86,0.86,0.86,0.86,0.86,0.86,0.86,0.86,0.86,0.86,0.86,0.86,0.85,0.86,0.86,-1.05,0.86,0.85,0.86,0.86,0.86,-1.04,0.86,0.85,0.86,0.77,0.86,-1.03,0.84,0.86,0.76,0.86,0.86,-1.26,0.86,0.86,0.86,0.86,0.86,0.86,0.86,0.86,0.86,0.86,0.86,0.85,0.77,0.86,0.86,0.86,0.86,0.86,0.85,0.86,0.86,0.86,0.86,0.86,0.85,0.86,0.86,0.85,0.86,0.86,0.86,-1.03,-1.06,0.78,0.86,-1.1,0.86,0.86,0.86,0.85,0.86,0.86,0.86,0.86,0.84,-1.08,0.86,0.84,-1.02,-1.08,0.86,0.85,0.86,0.86,0.85,0.86,0.86,0.85,0.86,0.86,0.77,0.86,0.86,0.86,0.85,0.86,0.86,0.84,0.86,0.85,0.86,0.86,0.86,-1.13,0.86,0.86,0.86,0.86,0.84,0.86,0.86,0.86,0.86,0.84,0.85,0.86,0.86,0.71,0.84,0.86,0.86,0.86,0.77,0.86,0.84,0.86,0.86,0.86,0.86,0.86,0.85,0.86,0.86,0.86,0.86,0.86,0.86,0.86,0.86,0.86,0.84,0.86,0.86,0.72,0.86,0.85,0.86,0.86,0.86,0.84,0.84,0.86,0.86,0.86,-1.06,0.86,0.86,0.86,0.86,0.86,0.86,0.86,0.86,0.86,0.86,0.86,0.86,0.84,0.86,0.86,0.86,0.86,0.86,0.86,0.86,0.86,0.86,0.86,0.86,0.86,0.86,0.86,0.86,0.86,0.83,0.86,0.86,0.86,-1.11,0.84,-1.13,-1.13,0.84,-1.15,0.84,0.86,0.86,0.86,0.86,0.86,0.86,0.86,0.84,0.86,0.86,0.86,0.86,0.86,0.86,0.86,0.86,0.86,0.85,0.81,-1.08,0.85,0.83,0.85,0.86,0.86,0.86,-1.03,0.84,0.86,0.86,0.86,0.86,0.85,0.86,0.86,0.86,0.86,0.86,0.85,0.85,0.86,0.83,0.86,0.86,0.81,0.79,0.86,0.86,0.86,0.84,0.86,0.77,-1.03,0.84,0.84,0.84,0.86,0.86,0.86,0.86,0.84,0.86,0.85,0.86,0.86,0.86,0.86,0.86,0.73,0.86,0.86,0.85,0.86,0.84,0.86,0.86,0.71,-1.02,0.84,0.86,0.86,0.81,0.86,0.82,0.86,0.84,0.86,0.86,0.86,0.86,0.72,0.83,0.86,0.86,0.81,0.86,-1.08,0.86,0.75,0.84,0.86,0.86,0.86,0.86,0.86,-1.02,0.86,0.86,0.86,0.86,0.86,0.86,0.86,-1.08,0.86,0.85,0.85,0.85,0.86,-1.03,0.86,0.86,0.84,0.86,0.86,0.86,0.85,0.86,-1.03,0.86,0.84,0.86,0.86,-1.13,0.86,0.86,0.84,0.86,0.86,0.85,0.86,-1.29,0.86,0.86,0.84,0.86,0.86,0.74,0.85,0.85,0.86,0.85,-1.04,0.85,0.86,0.86,0.86,0.86,0.86,0.86,0.86,0.86,0.86,0.86,-1.04,0.83,0.86,0.86,0.86,0.86,0.86,-1.03,0.86,0.86,0.86,0.86,0.85,0.86,0.85,0.86,0.86,0.85,0.86,0.86,0.86,0.86,0.86,0.86,0.86,0.86,0.86,0.86,0.86,-1.09,0.84,0.86,0.86,0.85,-1.01,0.85,0.8,0.86,0.86,0.86,0.86,0.86,0.86,0.86,0.86,0.86,0.86,0.86,0.86,0.86,0.86,0.86,0.85,-1.01,0.85,0.85,0.86,-1.03,0.86,0.86,0.86,0.84,0.86,0.86,0.86,0.86,0.84,-1.0,0.85,0.86,0.86,0.86,0.83,0.84,0.86,0.86,0.86,0.86,0.86,0.86,0.86,0.86,0.86,0.84,0.86,0.86,0.86,0.86,0.86,0.86,-1.08,0.85,0.86,0.86,0.86,0.86,0.84,0.86,0.86,0.86,0.86,0.86,0.86,-1.02,0.85,0.86,0.84,0.86,0.86,0.86,0.86,0.86,0.86,0.86,0.86,0.86,0.86,0.86,0.86,0.84,0.86,0.86,0.86,0.86,0.86,0.86,0.86,0.85,0.86,0.86,0.86,0.86,0.85,0.86,0.86,0.86,0.8,0.86,0.86,0.86,0.85,0.86,0.86,0.86,0.86,0.86,0.86,0.86,0.86,-1.02,0.86,0.86,0.86,0.86,0.86,0.81,0.86,0.86,0.86,0.84,0.86,0.86,-1.02,0.84,0.86,0.85,0.86,0.85,0.86,0.86,0.86,0.86,0.86,-1.09,0.86,0.84,0.85,0.85,0.85,0.84,-1.03,0.86,0.86,0.85,0.86,0.86,0.85,0.86,0.76,0.86,0.86,-1.08,0.86,0.85,0.86,0.84,0.85,0.84,0.86,0.86,0.86,0.71,0.86,0.86,0.86,0.86,-1.14,0.86,0.86,0.86,0.86,0.85,0.86,0.86,0.74,0.73,0.85,0.85,-1.0,0.79,0.86,0.86,-1.06,0.86,0.86,0.86,0.86,0.86,0.84,0.86,0.86,0.86,0.86,0.86,0.86,0.86,0.86,0.86,0.85,0.86,0.86,0.85,0.86,0.86,0.86,0.86,0.86,0.86,0.86,0.86,0.86,0.86,0.86,0.86,0.84,0.86,0.86,-1.04,0.85,0.86,0.86,0.86,0.85,0.86,0.86,-1.01,0.86,-1.0,0.86,0.86,0.86,0.86,0.86,0.86,0.86,0.86,0.85,0.86,-1.15,0.86,0.86,0.86,0.86,-1.14,0.86,0.86,0.85,0.86,0.86,0.86,0.86,0.86,0.86,0.85,0.84,0.86,0.86,0.86,0.86,0.86,0.86,0.86,0.85,0.86,0.86,0.86,0.84,0.85,0.85,0.85,0.86,0.86,0.86,0.86,0.86,0.86,0.86,0.86,0.85,0.86,0.86,0.86,0.86,0.86,0.86,0.86,0.86,0.86,0.86,0.86,0.86,0.86,0.86,0.86,0.86,0.86,0.86,0.86,0.84,0.86,0.83,0.84,0.86,0.86,0.86,0.86,0.86,0.86,-1.12,0.86,0.86,0.86,0.86,0.86,0.86,0.86,0.86,0.86,0.86,0.86,0.86,0.86,-1.02,0.86,0.86,0.86,-1.14,0.86,0.86,-1.03,0.71,-1.0,0.84,0.86,0.77,0.86,0.86,0.86,0.86,0.86,0.86,0.85,0.86,0.86,0.86,0.86,0.86,0.86,0.86,0.86,0.86,0.86,0.86,0.86,0.86,0.86,0.86,0.86,0.85,0.86,0.86,0.86,0.86,0.86,-1.12,0.84,0.83,0.86,0.86,-1.07,0.86,0.86,0.86,0.85,0.86,0.86,0.86,0.86,-1.01,0.86,0.85,0.86,0.84,0.86,0.86,0.86,0.86,0.86,0.86,0.86,0.74,0.86,0.85,0.86,0.86,0.86,0.86,0.86,0.86,0.86,0.86,0.86,0.86,0.86,0.86,0.86,0.86,0.85,0.85,0.84,0.86,0.86,-1.13,0.85,0.85,0.86,0.84,0.86,0.84,0.75,0.86,0.84,0.86,0.86,0.86,0.86,0.86,0.86,0.86,0.86,0.86,0.86,0.86,0.85,-1.23,0.86,0.85,0.86,0.86,0.86,0.83,0.86,0.86,0.85,0.86,0.84,0.85,0.84,0.86,0.86,0.86,0.85,0.86,-1.1,-1.04,0.85,0.83,0.86,0.84,0.86,0.86,0.86,0.86,0.86,0.86,0.86,0.81,0.86,-1.02,0.86,0.86,0.85,0.82,0.85,0.86,0.85,0.86,0.86,0.84,0.84,0.85,0.86,0.86,0.82,0.86,0.85,-1.02,0.84,0.86,-1.1,0.82,0.85,0.85,0.86,0.86,0.86,0.86,0.86,0.86,0.86,0.86,0.86,-1.13,0.86,0.86,-1.01,0.85,0.86,0.83,0.86,0.86,0.85,0.86,0.86,0.86,0.86,0.86,0.86,0.86,0.86,0.86,0.86,0.86,0.86,0.86,0.86,0.86,0.86,0.86,0.86,0.86,0.86,0.86,0.86,0.84,0.73,0.69,0.86,0.86,0.86,0.86,0.86,0.86,0.86,0.86,0.86,0.86,0.86,0.85,0.86,0.86,0.86,0.84,0.86,0.86,0.86,0.84,0.86,0.86,0.84,0.86,-1.04,0.86,0.86,0.86,0.86,0.82,0.85,0.84,0.86,0.86,0.85,0.83,0.86,0.86,0.86,0.86,0.84,0.86,-1.1,-1.13,0.84,0.86,0.86,0.86,0.85,0.84,0.86
0.82,-1.04,-1.01,-1.02,-1.03,0.77,-1.03,0.79,0.64,-1.0,-1.09,-1.17,-1.33,-1.26,-1.02,0.84,0.71,0.82,-1.6,0.85,0.69,-1.09,0.82,0.84,0.82,0.84,0.84,0.86,-1.09,0.75,-1.08,-1.02,0.7,0.78,0.86,0.83,0.86,0.65,0.74,0.79,0.75,-1.08,-1.03,0.84,0.68,0.86,0.85,0.86,0.86,0.84,0.85,0.84,0.86,0.85,0.77,0.86,0.86,0.85,0.86,0.86,0.86,0.86,0.86,0.76,-1.14,0.85,0.86,0.86,0.86,0.86,0.85,0.86,0.85,-1.0,0.86,0.86,-1.04,0.86,0.85,0.86,0.86,0.86,-1.03,-1.13,0.82,0.86,0.86,0.86,0.86,0.84,0.86,0.84,0.86,0.85,0.85,0.86,0.86,0.86,0.86,-1.13,0.86,0.84,0.86,0.86,0.86,0.86,0.86,0.8,0.83,0.85,0.86,0.86,0.86,0.86,0.86,0.85,0.86,0.86,0.86,0.86,0.86,0.86,0.86,0.86,0.86,0.86,0.86,0.86,0.86,0.86,0.86,0.86,0.86,-1.1,0.86,0.86,0.86,0.86,0.86,0.86,0.84,0.86,0.86,0.86,0.85,0.86,0.86,0.86,0.86,0.86,-1.04,0.86,0.85,0.84,0.8,0.76,0.86,0.71,0.86,0.86,0.84,0.86,0.86,0.86,0.86,0.86,0.86,0.68,0.86,-1.11,0.86,0.84,0.86,0.86,0.84,0.86,-1.14,0.86,0.86,0.86,0.86,0.85,0.83,0.86,0.86,-1.13,0.86,0.86,0.86,0.82,0.86,-1.04,0.86,0.86,0.86,0.86,0.86,0.86,0.86,0.86,0.86,0.86,-1.04,0.86,0.86,0.86,0.86,0.86,0.86,0.86,-1.13,0.86,0.86,0.86,0.86,0.85,0.86,0.86,0.84,-1.03,0.86,0.86,0.86,0.86,0.86,0.86,0.86,0.85,0.85,0.86,0.86,0.86,0.86,0.86,0.85,0.86,0.86,0.86,0.86,0.73,0.85,0.85,0.86,0.86,0.86,0.86,0.86,0.86,0.85,0.86,0.85,0.72,0.86,0.84,0.86,0.86,-1.08,0.86,0.84,0.86,0.86,0.86,0.86,0.86,0.86,-1.14,0.85,0.86,0.86,0.86,0.85,0.86,0.86,0.86,0.86,-1.13,0.78,0.84,0.86,0.86,0.82,0.86,0.86,0.86,0.85,0.86,0.72,0.86,0.86,0.85,0.86,0.86,0.84,0.86,0.86,0.86,0.86,0.86,0.85,0.86,0.86,0.86,0.86,0.86,0.86,0.86,0.86,0.86,0.86,0.86,0.84,0.85,-1.01,0.86,0.86,0.85,0.86,0.86,0.86,0.86,0.86,0.76,0.85,-1.13,-1.09,0.84,-1.07,0.86,0.86,0.85,0.86,0.86,0.84,0.85,0.86,0.86,0.86,0.84,0.86,0.86,0.85,0.86,0.86,0.86,0.84,-1.03,0.86,0.86,0.86,0.86,0.85,0.86,0.86,0.86,0.84,0.86,0.86,0.86,0.84,0.82,0.85,0.86,0.86,0.79,0.86,0.85,0.86,0.86,0.86,0.86,0.86,0.86,0.86,0.86,0.86,0.86,0.86,0.86,0.85,0.85,0.86,0.86,0.86,0.86,0.86,0.85,-1.12,0.86,0.82,-1.1,0.86,0.86,0.86,0.86,0.86,0.86,0.86,0.86,0.86,0.85,0.86,0.86,0.86,0.86,-1.13,0.7,0.85,0.86,0.86,0.86,0.86,0.86,0.86,0.86,0.86,0.86,0.84,-1.07,0.85,0.86,0.86,0.84,0.86,0.86,0.86,0.86,0.76,0.86,0.84,0.84,0.84,0.86,0.86,0.86,0.86,0.86,0.86,0.77,-1.13,0.84,0.86,0.86,0.86,0.85,0.86,0.86,0.84,0.86,0.86,0.86,0.85,-1.02,0.86,0.86,0.85,0.86,0.86,0.86,-1.14,0.86,0.86,0.86,0.73,0.86,0.86,0.86,0.85,0.86,0.86,0.86,0.86,0.86,0.85,0.86,0.86,0.86,0.86,0.86,0.86,0.86,0.86,-1.12,0.86,0.86,-1.04,-1.13,0.86,0.86,0.86,0.86,0.86,0.86,0.86,0.85,0.86,0.86,0.86,0.86,0.86,0.84,0.86,0.86,0.86,0.86,0.86,0.85,0.86,0.86,0.86,0.86,-1.06,0.76,0.86,-1.14,0.86,0.75,0.86,0.85,0.86,0.84,0.84,0.86,0.86,0.86,0.86,0.86,0.86,0.86,0.86,0.86,0.86,0.71,0.86,0.86,0.86,0.86,0.86,0.86,0.86,0.86,0.86,0.86,0.86,0.86,0.86,0.86,0.86,0.86,0.75,0.86,0.85,0.86,0.86,0.85,-1.02,0.86,0.86,0.86,0.86,0.86,0.86,0.86,0.86,0.86,0.86,0.84,0.86,0.85,0.86,0.86,0.86,0.86,0.86,0.85,0.86,0.86,0.81,0.72,0.86,0.86,0.86,0.86,0.86,0.74,0.84,0.86,0.86,0.86,0.86,0.86,0.86,0.86,0.85,0.86,0.86,0.86,0.86,0.84,0.86,0.86,0.86,0.86,0.86,0.86,0.86,-1.03,0.86,0.86,0.86,0.86,0.86,0.85,0.86,0.85,0.86,0.82,0.64,0.86,0.86,-1.29,0.86,0.86,0.86,0.85,0.86,0.86,0.86,0.86,0.86,-1.13,0.86,0.86,0.85,0.86,0.85,0.86,0.86,-1.05,0.86,0.86,0.86,0.86,0.86,0.86,0.86,0.84,0.86,0.84,0.85,0.86,0.84,-1.03,0.86,0.86,0.86,0.86,0.86,-1.13,0.86,0.86,0.86,0.85,0.86,0.84,0.86,0.86,0.86,0.86,0.86,0.86,0.86,0.86,0.85,0.86,0.86,0.86,0.86,-1.11,0.86,0.86,0.86,0.78,0.86,0.86,0.78,0.86,0.86,0.74,-1.01,0.86,0.86,0.83,-1.1,0.85,0.86,0.83,0.83,0.86,0.86,0.86,0.86,0.86,0.85,0.86,0.86,-1.14,0.83,0.86,0.86,0.85,0.86,0.86,0.86,0.86,-1.04,0.86,0.86,0.86,0.84,0.86,0.79,0.86,0.86,0.86,0.86,0.86,0.86,0.86,0.86,0.86,0.85,0.86,0.84,-1.1,0.86,0.86,0.86,0.86,0.86,0.86,0.86,0.86,0.86,0.84,0.86,0.86,0.86,0.83,0.86,0.86,0.86,0.86,0.86,0.86,0.84,0.86,0.86,0.86,0.86,0.84,0.86,0.86,-1.12,0.86,0.84,0.86,0.86,0.86,0.86,0.86,0.86,0.86,-1.12,0.86,0.86,0.86,0.86,0.79,-1.12,0.86,0.86,0.77,0.86,0.86,0.86,0.86,0.86,0.86,0.86,0.86,-1.04,0.86,0.86,0.86,0.86,0.84,0.86,0.86,0.86,0.83,-1.0,0.86,0.83,0.86,0.86,0.86,0.86,0.86,0.86,0.86,0.85,0.86,0.85,0.86,0.86,0.85,0.86,0.86,0.84,0.85,0.84,0.86,0.85,0.86,0.84,0.86,0.86,-1.0,0.86,0.86,0.85,0.86,0.86,0.86,0.86,0.86,0.86,0.86,-1.03,-1.01,0.85,-1.06,0.86,0.86,0.86,0.86,0.86,0.86,0.86,0.86,0.86,0.84,0.84,0.84,0.86,0.86,0.86,0.86,0.86,0.86,0.86,0.86,0.86,-1.02,0.85,0.86,0.86,0.85,0.86,0.85,0.86,-1.12,0.86,0.86,0.86,0.86,-1.02,0.86,-1.12,0.86,0.86,0.86,0.86,0.85,0.86,0.86,0.86,0.86,0.86,0.86,0.78,0.86,0.86,0.86,0.86,0.84,0.86,0.86,0.86,0.86,0.86,0.86,0.86,0.86,0.86,0.86,0.86,0.86,0.86,0.86,0.86,-1.07,0.85,-1.04,0.84,0.86,0.86,0.86,0.86,0.86,0.86,-1.06,0.85,0.86,-1.11,0.85,0.85,0.79,0.86,0.75,0.84,0.86,0.86,0.86,0.86,0.86,0.75,0.86,0.86,0.83,0.86,-1.09,0.86,0.84,0.84,0.86,-1.13,0.84,0.84,0.86,0.86,0.86,0.86,0.73,0.86,0.86,-1.03,0.84,0.76,0.83,0.86,0.86,0.84,0.86,0.86,0.86,0.86,0.84,-1.17,0.86,0.86,0.86,0.86,0.86,0.84,0.84,0.86,0.84,0.86,0.84,0.86,0.86,0.86,0.86,0.85,0.86,0.86,0.86,0.86,0.86,-1.09,0.86,0.81,0.86,0.84,0.86,0.86,0.86,0.86,0.86,0.86,0.86,0.84,0.86,0.86,0.76,0.86,0.86,0.86,0.86,0.86,0.86,0.86,0.86,0.85,0.86,0.84,0.86,0.86,0.86,0.86,0.86,0.86,0.85,0.86,0.86,0.86,0.86,0.86,0.79,0.86,0.86,0.86,0.86,0.86,0.86,0.86,0.71,0.86,0.86,0.86,0.86,0.86,0.86,0.86,0.86,0.86,0.86,0.86,0.86,0.86,0.86,0.85,0.86,0.85,0.86,0.86,0.85,0.85,0.86,0.86,0.86,0.84,0.86,0.86,0.86,0.86,0.86,0.86,0.86,0.86,0.86,0.86,-1.07,0.86,0.86,0.8,0.86,0.83,0.86,0.86,0.86,0.86,0.86,0.86,0.86,0.86,0.86,0.86,0.85,-1.06,0.86,0.86,0.86,-1.1,0.86,0.86,0.83,0.84,0.86,0.86,0.86,0.86,0.86,0.86,0.86,0.85,0.86,0.84,0.85,0.85,0.86,0.86,0.86,0.86,0.86,0.86,0.84,0.86,0.86,0.86,0.86,0.86,0.86,0.86,0.86,-1.01,0.86,0.84,0.86,0.86,0.68,0.85,0.86,0.86,0.86,0.86,0.86,-1.12,0.86,0.86,-1.0,0.86,0.86,0.86,0.86,0.86,0.86,0.86,0.86,0.86,0.86,0.86,0.84,0.86,-1.05,0.86,0.82,0.86,0.85,0.86,0.86,0.86,-1.0,0.86,0.85,0.86,0.86,0.86,0.86,0.86,0.86,0.85,0.84,0.86,0.86,0.86,0.85,0.86,0.86,0.86,0.86,0.86,0.86,0.86,0.81,0.85,0.85,0.86,0.86,0.86,0.86,0.86,0.86,0.84,0.84,0.86,0.86,0.86,0.81,0.86,0.86,0.86,0.86,0.86,0.86,0.86,0.86,0.85,0.86,0.86,0.85,0.86,0.85,0.86,0.86,0.86,0.86,0.86,0.86,0.86,0.85,0.86,0.82,0.86,0.85,0.81,0.86,0.86,0.86,0.86,0.86,0.84,0.86,-1.03,0.86,0.86,0.86,0.86,0.86,0.86,0.86,0.86,0.86,0.86,0.86,0.86,0.86,0.86,0.86,0.86,0.86,0.86,0.86,0.86,0.86,0.86,0.86,0.86,0.86,0.86,0.86,0.86,0.86,-1.08,0.86,0.84,0.86,0.86,0.86,0.86,0.86,-1.1,0.85,0.84,0.85,0.86,0.86,0.84,0.86,0.84,0.84,0.86,0.86,-1.09,-1.0,0.86,0.86,0.86,0.86,0.86,0.86,0.86,0.86,0.86,0.86,0.86,0.85,0.86,0.84,0.86,0.85,0.86,0.86,-1.07,0.85,0.86,0.86,0.86,0.85,0.86,-1.05,0.86,0.86,0.86,0.86,0.86,0.86,0.86,0.86,0.86,0.86,0.86,0.86,0.86,0.86,0.86,0.84,0.86,0.86,0.86,0.86,0.75,0.86,0.84,0.85,0.86,0.86,0.85,0.86,0.84,0.86,0.86,0.86,0.86,0.86,0.86,0.86,0.86,0.85,0.84,0.86,0.86,-1.08,-1.01,0.85,0.86,0.86,0.86,0.86,0.86,0.86,0.86,0.86,-1.11,0.85,0.81,0.86,0.86,0.85,0.86,0.73,0.86,0.86,0.79,-1.04,0.84,0.86,0.86,0.86,-1.09,0.85,0.84,0.86,0.86,0.84,0.72,0.86,0.86,0.86,-1.05,0.84,0.69,0.86,-1.01,0.86,0.85,0.86,0.81,0.86,0.85,0.85,0.86,0.86,0.86,0.86,0.86,0.86,0.85,0.86,0.86,0.86,0.84,0.86,0.83,0.85,0.86,0.86,0.86,0.86,0.83,0.86,0.81,0.72,0.86,0.86,0.86,0.85,0.86,0.84,0.85,-1.11,0.78,0.84,0.86,0.86,0.86,0.86,0.86,0.86,0.86,0.86,0.86,0.86,0.86,0.86,0.86,0.86,0.86,0.86,0.86,0.85,0.86,0.86,0.86,0.79,0.86,0.84,0.86,0.86,0.86,0.7,0.86,0.86,0.86,0.86,0.86,0.86,0.86,0.86,0.84,0.86,0.85,0.86,0.86,0.86,0.86,0.86,0.86,0.86,0.86,0.86,0.86,0.86,0.86,0.81,0.86,0.86,0.85,0.86,0.86,0.86,0.86,0.86,0.86,0.86,0.86,0.86,0.84,0.86,0.85,0.86,0.86,0.86,-1.12,0.86,0.86,0.85,0.85,0.86,0.85,0.86,0.86,0.86,0.77,0.85,0.86,0.86,0.86,0.86,0.86,0.85,0.86,0.86,0.86,0.85,0.86,0.86,0.86,0.86,0.86,0.86,0.84,0.86,0.83,0.84,0.86,0.86,0.86,0.86,0.86,0.84,0.7,0.85,0.84,0.86,0.86,0.86,0.86,0.86,0.86,0.86,0.86,0.86,0.85,0.8,0.86,0.85,0.86,0.86,0.86,0.86,0.86,0.83,0.86,0.82,0.86,0.86,0.86,0.86,0.86,0.86,0.86,0.84,0.86,0.72,0.84,0.86,0.86,0.86,0.84,0.86,0.86,0.86,-1.13,0.86,0.86,0.86,0.86,0.86,0.86,0.86,0.86,0.86,0.86,0.86,0.86,0.86,0.86,0.86,0.86,0.86,0.86,0.84,0.86,0.8,0.86,0.85,0.84,0.86,0.86,0.86,0.86,0.86,0.86,0.85,0.86,0.86,0.86,0.83,0.86,0.86,0.86,0.84,0.86,0.86,0.86,0.86,0.86,0.86,0.86,0.86,0.86,0.86,0.86,0.85,0.86,-1.12,-1.16,0.85,0.86,0.86,0.85,0.86,0.86,0.86,0.86,0.86,0.86,0.85,0.86,0.78,0.86,0.86,-1.13,0.84,0.86,0.86,0.86,0.81,0.86,0.86,0.86,0.85,-1.03,0.86,0.86,0.85,0.86,0.86,0.86,0.86,0.86,0.84,0.84,-1.02,0.86,0.86,0.86,0.86,0.86,0.86,0.86,0.85,0.86,0.86,0.86,0.86,0.86,0.85,0.84,0.86,0.86,0.86,0.86,0.84,0.86,0.86,0.86,0.86,0.83,0.85,0.86,0.86,0.86,0.86,0.86,0.86,0.86,0.85,0.86,0.86,0.86,0.86,0.86,0.86,0.86,0.86,0.86,0.86,0.86,0.86,0.86,0.86,0.86,0.86,0.86,0.86,0.86,-1.15,0.86,0.86,0.86,0.86,0.83,0.86,0.86,0.86,0.86,0.86,0.85,0.84,0.86,0.86,0.85,-1.13,0.83,-1.0,0.84,0.86,0.84,0.86,0.86,0.86,0.85,0.86,0.86,0.86,0.86,0.86,-1.03,-1.0,0.86,0.86,0.85,0.86,0.86,0.84,0.86,0.86,0.86,0.86,0.84,0.85,0.86,0.86,0.86,0.86,0.86,0.86,0.84,0.86,0.86,0.82,0.86,0.85,0.86,0.86,0.86,0.86,-1.21,0.86,0.86,0.86,0.86,0.86,0.86,0.86,0.86,0.86,0.86,0.86,-1.02,0.85,0.86,0.86,0.86,0.86,0.86,0.86,0.86,0.86,0.83,0.86,0.78,0.86,0.86,0.86,0.86,0.86,0.86,0.86,0.86,0.86,0.85,0.85,0.86,0.86,-1.12,0.81,0.86,0.86,0.86,0.86,0.86,0.86,0.86,0.86,0.86,0.86,0.86,0.86,0.86,0.86,0.84,0.86,0.86,0.85,-1.07,0.81,0.83,0.86,0.72,0.86,0.86,-1.01,0.86,0.83,0.86,0.85,0.8,0.86,0.86,0.84,0.86,0.86,0.86,0.86,0.86,0.86,0.86,0.86,0.86,0.82,0.85,0.85,0.86,0.86,0.86,0.86,0.86,0.86,0.86,0.86,0.86,-1.03,0.86,-1.04,0.86,0.86,0.86,0.86,0.85,0.86,0.86,0.86,0.85,-1.03,0.86,0.86,0.84,0.86,0.86,0.86,0.86,0.86,0.86,0.86,0.84,0.85,0.86,0.71,0.86,0.85,0.84,0.86,0.86,0.86,0.86,0.64,0.86,0.86,0.85,0.85,0.86,0.77,0.86,0.86,0.86,0.84,-1.01,0.86,-1.13,0.86,0.84,0.86,0.86,0.85,0.86,0.86,0.86,0.84,0.86,0.86,0.86,0.86,0.86,0.86,0.85,0.86,0.85,0.85,0.86,0.86,0.85,0.86,0.86,0.86,0.86,0.86,0.86,0.86,0.86,0.86,0.86,0.86,0.86,0.86,0.86,0.86,0.86,0.86,0.8,0.84,0.86,0.77,0.86,0.86,0.86,0.86,0.86,0.86,0.86,0.86,0.86,0.86,0.86,0.86,0.86,0.86,0.86,0.86,0.86,0.86,0.86,0.86,0.86,0.85,0.86,0.86,0.84,0.86,0.86,0.85,0.86,0.86,0.86,0.86,0.86,0.85,0.86,0.86,0.86,0.85,0.86,-1.03,0.86,0.86,0.86,0.86,-1.12,0.77,0.86,0.86,0.85,0.86,0.86,0.86,0.85,0.86,0.86,0.86,0.86,-1.02,0.83,0.85,0.86,0.86,0.86,0.86,0.86,0.86,-1.06,0.86,0.86,0.86,0.84,0.86,0.86,0.8,0.86,0.86,0.86,0.86,0.86,0.86,0.82,-1.02,0.86,0.86,0.85,0.72,0.85,0.86,0.86,0.86,0.86,0.86,0.86,0.86,0.86,-1.14,0.85,0.86,0.86,0.86,0.86,0.86,0.86,0.86,0.86,0.86,0.73,0.86,0.84,0.86,0.86,0.86,0.86,0.85,0.86,0.81,0.86,0.86,0.84,0.86,0.86,0.84,0.86,0.86,0.86,0.86,0.86,-1.13,-1.12,0.84,0.86,0.86,0.86,0.86,0.86,0.85,0.86,0.86,0.74,0.85,0.86,0.86,0.86,0.86,0.86,0.86,0.86,0.86,0.85,0.86,0.86,0.86,0.86,0.84,-1.02,0.84,0.85,0.85,0.84,0.86,0.86,0.85,-1.02,0.86,0.85,0.83,0.86,0.86,0.86,0.84,0.86,0.85,0.85,0.86,0.86,0.86,0.86,0.74,0.86,0.86,0.86,0.86,0.84,-1.03,0.86,0.86,0.86,0.86,0.85,0.86,0.86,0.86,0.84,0.86,0.86,-1.12,-1.14,-1.03,0.84,0.86,0.86,0.86,0.86,0.84,0.86,0.85,0.86,0.86,0.86,0.86,0.85,0.86,0.86,0.86,0.86,0.86,0.86,0.86,0.84,0.86,0.86,-1.13,0.84,-1.15,0.85,-1.03,0.85,0.86,0.86,0.86,0.86,0.86,0.86,0.86,0.86,0.86,0.86,0.85,0.85,0.85,0.86,0.83,0.83,0.86,0.86,-1.0,0.86,-1.14,0.86,0.86,0.85,0.84,0.86,0.86,0.86,0.86,0.86,0.85,0.85,0.85,0.86,0.86,0.86,-1.08,0.85,0.84,0.86,0.86,0.86,0.86,0.85,0.86,0.86,0.86,0.86,-1.13,0.84,0.84,0.86,0.85,0.86,0.86,0.86,0.86,0.86,-1.09,0.86,0.86,0.86,0.83,0.86,0.86,0.86,0.86,0.86,0.86,0.86,0.86,0.73,0.85,0.86,0.84,0.86,-1.02,0.86,0.86,0.86,0.86,0.86,0.86,0.86,-1.06,0.86,0.86,0.86,0.85,0.86,0.86,-1.11,0.84,0.86,0.86,0.82,0.86,0.86,0.86,0.85,0.86,0.85,0.86,0.86,0.86,-1.12,0.83,0.86,0.85,-1.04,0.86,0.86,0.72,0.84,0.84,0.86,0.86,0.85,0.86,0.86,0.84,0.86,0.85,0.86,0.86,0.86,0.86,0.85,0.86,0.86,0.86,0.86,0.86,0.86,0.86,0.86,0.84,0.86,0.86,0.85,0.86,0.86,0.86,0.79,-1.13,0.86,0.85,0.86,0.86,0.84,-1.09,-1.03,0.85,0.86,0.85,0.85,0.86,0.71,0.86,0.86,0.86,0.84,0.86,0.86,0.86,0.75,0.86,0.85,0.84,0.86,0.83,0.86,0.85,0.83,0.86,0.86,-1.13,0.85,0.86,-1.13,0.86,0.86,0.86,0.85,0.73,0.85,0.86,0.86,-1.02,0.85,0.85,0.85,0.83,0.86,0.86,0.86,0.86,-1.06,0.86,-1.02,0.86,0.85,0.86,0.85,0.86,0.86,0.86,0.86,0.86,0.86,0.79,0.86,-1.13,0.86,0.81,0.86,-1.11,0.86,0.85,0.86,0.76,0.86,0.86,0.86,0.86,0.86,0.86,0.86,0.86,0.86,0.86,0.86,0.85,0.86,0.86,0.84,0.86,-1.02,0.85,0.85,0.85,0.86,0.84,0.86,0.86,0.86,0.86,0.86,-1.12,-1.09,0.86,0.85,-1.08,0.85,0.86,0.86,0.85,0.85,0.85,0.86,0.86,0.85,0.86,0.84,0.86,0.86,0.86,-1.07,0.86,0.86,0.84,0.86,0.86,0.85,0.86,0.85,0.86,0.79,0.86,0.86,0.85,0.86,0.67,0.86,0.86,0.86,0.86,-1.16,0.86,0.73,0.85,0.86,0.86,-1.06,0.83,0.86,0.86,0.86,0.86,0.85,0.86,0.86,0.86,0.86,0.72,0.85,0.84,0.86,0.86,-1.03,0.84,0.86,0.86,0.86,0.86,0.86,0.86,0.84,0.86,0.86,0.86,0.86,0.86,0.85,0.72,0.86,0.86,0.86,0.84,-1.09,0.86,0.82,0.86,0.86,0.86,0.86,0.86,0.86,0.86,-1.11,0.86,0.86,0.86,0.74,0.86,0.86,0.72,0.86,0.74,-1.02,0.85,-1.02,0.86,0.86,0.85,0.86,0.85,0.86,-1.03,0.86,0.86,0.86,0.86,0.7,0.86,-1.13,0.86,0.86,0.85,0.86,0.78,0.86,0.83,0.84,0.86,0.85,0.85,-1.03,0.86,0.86,0.85,0.85,-1.11,0.85,0.86,0.86,0.86,0.86,0.85,0.86,0.84,0.86,0.86,-1.06,0.86,0.85,0.86,0.86,0.81,0.86,0.86,0.86,0.86,0.86,0.82,0.84,0.85,0.86,0.86,0.86,0.86,0.83,0.86,0.86,0.86,0.85,0.86,0.86,0.86,0.86,0.71,0.86,0.86,-1.03,0.81,0.83,0.85,0.86,0.86,0.86,0.86,0.86,0.86,0.86,0.86,0.86,0.86,0.85,0.86,0.86,0.75,0.86,0.86,0.86,0.86,0.86,0.86,0.86,0.86,0.86,0.86,0.86,0.86,0.86,0.86,0.86,0.86,0.86,-1.08,-1.09,0.86,0.86,0.86,-1.11,0.85,0.86,0.86,0.84,0.86,0.86,0.86,0.86,0.86,0.85,0.86,0.83,0.86,0.86,0.86,0.86,0.86,0.85,0.86,0.86,0.86,0.86,0.86,0.84,0.86,0.86,0.86,0.86,-1.02,0.86,0.86,0.85,0.86,0.86,-1.02,0.86,0.86,0.86,0.85,0.85,0.84,0.86,0.86,0.86,0.86,0.86,0.86,0.86,0.86,0.86,-1.06,0.86,0.86,0.85,-1.08,0.86,0.85,0.86,0.86,0.86,0.85,0.86,-1.04,0.86,0.84,0.85,0.86,0.86,0.86,0.74,0.86,0.86,0.84,0.86,0.86,0.86,0.86,0.86,0.86,0.86,0.84,-1.13,0.85,0.86,0.86,0.86,0.86,0.86,0.86,0.85,0.86,0.86,0.84,0.86,0.86,0.86,0.86,0.86,0.86,0.82,0.86,0.86,0.86,0.85,0.86,0.86,0.86,0.86,0.85,0.86,0.73,0.85,0.86,0.86,0.86,0.85,0.85,0.84,-1.01,0.84,0.84,0.84,0.86,0.86,0.86,0.86,0.86,0.86,0.8,0.86,0.86,0.86,0.86,0.86,0.86,0.86,0.86,0.86,0.86,0.86,0.86,0.86,0.86,0.86,0.86,0.86,0.86,0.86,0.79,0.86,0.86,0.85,-1.04,0.84,0.85,0.86,0.86,0.85,0.86,0.85,0.86,0.86,0.86,0.86,0.84,0.86,-1.1,0.85,0.86,0.85,-1.06,0.74,0.84,0.85,0.86,0.86,0.86,0.86,0.77,0.86,0.85,-1.13,-1.03,0.85,0.86,0.86,0.84,0.86,0.86,0.86,0.86,0.74,0.86,0.86,0.84,0.83,0.86,0.86,0.86,0.86,0.77,0.86,0.86,0.86,0.84,0.84,0.85,0.86,0.86,0.86,0.86,0.86,0.84,0.72,0.85,0.86,0.86,0.86,0.86,0.86,0.86,0.86,0.85,-1.0,0.83,0.86,0.84,-1.19,0.86,0.84,0.86,0.85,0.83,0.85,0.86,0.86,0.86,0.86,0.86,0.86,0.86,0.86,0.86,0.85,0.86,0.86,-1.13,-1.1,0.86,0.86,0.86,0.86,0.86,0.86,0.86,-1.12,0.85,0.85,0.85,0.86,-1.01,0.85,0.83,0.86,0.84,0.86,0.86,0.86,0.86,0.86,0.86,0.86,0.8,0.86,0.86,0.86,0.86,0.86,0.86,0.86,0.86,0.83,0.85,0.86,0.86,0.86,0.86,0.85,0.86,0.86,0.84,-1.08,0.84,0.84,0.86,0.83,0.86,0.86,0.86,0.86,0.85,0.86,0.86,0.86,0.86,0.86,0.86,0.86,0.85,0.83,0.86,0.86,0.84,0.86,0.86,0.86,-1.1,0.84,0.86,-1.12,0.77,0.86,0.85,0.86,0.86,0.86,0.84,0.86,0.86,0.86,0.86,0.86,0.86
-1.0,0.86,-1.13,0.84,0.68,0.79,-1.01,-1.13,-1.16,0.77,-1.14,0.5,0.86,0.83,0.85,0.8,-1.03,-1.02,-1.11,-1.13,-1.02,-1.03,-1.08,-1.2,-1.03,0.81,0.78,0.72,0.86,-1.05,0.85,0.81,-1.18,0.79,-1.16,0.74,-1.06,0.84,0.83,0.79,0.77,0.76,0.82,0.83,0.71,0.78,0.82,0.67,0.83,-1.09,0.86,0.86,0.82,0.86,0.86,0.83,0.86,0.86,0.86,0.84,0.86,0.86,0.86,-1.13,0.86,0.86,0.86,0.85,0.86,0.86,0.86,0.86,0.86,0.86,0.82,0.86,0.86,0.84,0.85,0.86,0.86,0.86,0.86,0.86,0.86,0.86,0.86,0.86,-1.01,0.86,0.86,0.86,0.72,0.85,0.86,0.86,0.86,0.86,0.72,0.84,0.86,0.86,0.84,0.86,0.86,0.86,0.86,0.86,0.86,0.86,0.83,0.86,0.86,0.86,0.86,0.86,0.86,0.86,0.73,0.86,0.86,0.86,0.86,0.86,0.86,0.86,0.86,0.86,0.86,0.85,-1.06,0.86,-1.14,-1.13,0.85,0.86,0.86,-1.12,0.85,0.86,0.86,0.86,0.86,0.84,0.86,0.86,0.86,0.86,0.86,0.86,0.86,0.86,0.86,0.86,0.86,-1.01,0.86,0.85,0.86,0.86,0.86,0.86,0.86,0.86,0.84,0.86,0.83,0.86,-1.09,0.86,0.86,0.86,0.86,-1.0,0.86,0.72,0.84,0.86,0.86,0.86,0.86,0.85,0.86,0.86,0.86,0.84,-1.12,0.86,0.84,0.85,0.86,0.84,0.86,0.86,0.86,0.86,0.86,0.86,0.86,0.84,0.86,0.86,0.86,-1.13,0.86,-1.11,0.86,0.86,0.86,0.86,-1.15,0.86,0.86,0.84,0.86,0.86,0.78,0.86,-1.02,0.86,0.72,0.86,0.86,-1.07,0.86,0.86,0.84,0.85,0.86,0.86,0.86,0.77,0.86,0.85,0.86,0.86,0.84,0.86,0.86,0.86,0.86,0.86,0.86,0.86,0.86,0.86,0.86,0.86,0.86,0.86,0.86,0.86,0.84,0.86,0.86,0.86,0.86,0.86,0.86,-1.13,0.86,0.86,0.86,0.86,0.86,0.86,0.86,0.86,0.86,0.85,0.79,0.82,0.86,0.86,-1.13,0.85,0.86,0.86,0.85,-1.15,0.86,0.86,0.86,0.86,0.79,0.86,0.86,0.86,0.86,0.86,0.86,0.77,0.86,0.86,0.82,0.85,0.86,0.86,0.86,0.86,0.86,0.86,0.83,0.82,0.86,0.86,0.86,-1.13,0.75,-1.01,0.86,0.86,0.86,0.86,0.86,0.86,0.86,-1.0,0.86,0.86,0.86,0.86,-1.14,0.86,0.86,0.86,0.86,0.86,0.85,0.86,0.86,-1.1,0.84,0.86,0.86,0.86,0.86,0.86,0.86,0.86,0.86,0.84,0.86,0.86,-1.09,0.85,0.86,0.86,0.86,-1.1,0.86,0.86,0.86,0.84,0.85,-1.13,0.86,0.86,0.86,0.86,0.84,0.86,0.84,0.86,0.86,0.86,0.86,0.76,0.76,-1.03,0.86,0.86,0.86,0.86,0.86,0.86,0.86,-1.06,0.86,0.85,0.86,0.84,0.84,0.86,0.84,0.86,0.86,0.86,0.86,0.86,0.86,0.86,0.86,0.84,0.86,0.71,0.86,0.86,0.86,0.86,-1.04,0.86,0.85,0.86,0.77,0.86,0.86,0.86,0.86,0.86,0.86,0.86,0.86,0.86,0.86,0.85,0.86,0.86,0.84,0.84,0.86,0.86,0.82,0.86,0.86,0.86,0.86,0.86,0.86,0.86,0.86,0.84,0.85,0.86,0.86,0.7,0.85,0.86,0.85,0.86,0.86,0.71,0.86,0.86,0.86,0.86,0.85,0.84,0.71,0.86,0.74,0.86,0.86,0.86,0.82,0.86,0.84,-1.05,0.86,-1.23,0.86,0.86,0.86,0.86,0.86,0.86,0.86,0.82,0.86,0.86,0.86,0.86,0.85,0.86,0.86,0.86,0.84,0.86,0.86,-1.06,0.86,-1.12,0.86,0.86,0.86,0.86,0.86,0.86,0.86,0.86,0.86,0.74,0.83,0.86,0.86,0.86,0.86,0.86,0.86,0.86,0.86,0.85,0.86,0.85,0.86,0.8,0.86,0.86,0.83,0.86,0.86,-1.15,0.84,0.86,-1.0,0.86,-1.13,0.85,0.85,0.85,0.85,0.86,-1.07,0.86,-1.01,0.86,0.86,-1.13,-1.13,0.86,0.86,0.86,0.86,0.86,0.86,0.86,0.86,0.86,0.86,0.86,0.86,0.86,0.84,0.85,0.86,0.86,0.85,0.86,-1.14,0.86,0.86,0.86,0.86,0.86,0.86,0.86,0.86,0.86,0.86,0.85,0.86,0.84,0.86,0.86,0.85,0.86,0.86,0.86,0.85,0.86,0.86,0.86,0.84,0.86,0.85,0.86,0.86,0.86,0.86,0.86,0.86,0.86,0.86,0.84,0.86,0.86,0.86,-1.03,0.86,0.86,0.86,0.86,-1.11,0.86,-1.03,0.86,-1.1,0.86,0.84,0.85,0.84,0.85,0.85,0.85,0.86,0.86,0.86,0.86,-1.12,0.86,0.86,0.86,-1.03,0.86,0.86,0.86,0.86,0.86,0.86,0.86,0.86,0.84,0.86,0.86,0.86,0.86,0.86,0.84,0.86,-1.08,0.78,0.85,0.86,-1.11,0.86,0.86,0.86,0.86,0.85,0.86,0.86,0.86,-1.01,0.86,0.86,0.86,0.86,0.86,0.86,0.86,0.75,0.85,0.86,0.86,0.84,0.86,0.86,0.85,0.86,0.86,0.86,0.86,0.86,0.85,0.86,0.84,0.86,-1.03,0.85,0.82,0.85,0.86,0.86,0.86,0.84,0.86,0.86,0.86,0.86,0.86,0.84,0.85,0.86,0.86,0.86,0.86,0.78,0.86,0.86,0.86,0.86,0.85,0.86,0.86,0.86,0.86,0.86,0.85,0.84,0.86,0.86,0.86,0.86,0.86,0.86,0.86,0.86,0.86,0.86,0.86,0.86,0.82,0.86,0.86,0.86,0.86,0.86,0.86,0.84,0.86,0.86,0.86,0.86,0.86,0.86,0.86,0.86,0.86,0.86,0.85,0.86,0.86,0.86,0.86,0.86,-1.13,0.86,0.84,0.86,0.86,0.86,0.86,0.86,0.84,0.86,-1.08,0.86,0.86,0.86,0.86,0.86,0.85,0.86,0.86,-1.12,0.86,0.84,0.86,0.86,-1.15,0.84,0.86,0.86,0.86,0.86,0.86,0.86,0.86,0.83,0.86,0.86,0.85,0.86,0.79,0.86,0.86,0.86,0.86,0.86,0.84,0.86,-1.06,0.86,0.86,0.86,0.86,0.86,-1.08,0.84,0.86,0.86,0.86,0.86,0.86,0.86,0.86,0.86,0.85,0.86,0.86,0.84,0.86,0.86,0.86,-1.02,0.86,0.86,0.86,0.85,0.86,0.86,0.86,0.86,0.86,0.86,0.86,0.86,0.86,0.86,0.85,0.83,0.86,0.83,0.86,0.86,0.86,0.86,0.86,0.86,0.86,0.86,-1.11,0.86,0.86,0.86,0.86,0.86,0.86,-1.13,0.86,0.85,0.86,0.86,0.83,0.86,0.86,0.86,0.86,0.86,0.86,0.86,0.86,0.86,0.86,0.86,0.86,-1.13,0.86,0.86,0.86,0.86,0.84,0.86,0.85,0.86,0.86,-1.04,0.85,0.86,0.86,0.86,0.86,0.86,0.86,0.86,0.84,0.86,0.86,0.86,0.86,0.86,0.85,0.86,0.86,0.84,0.86,0.86,0.86,-1.13,0.86,-1.13,0.77,0.86,-1.01,0.86,0.86,0.86,0.86,0.86,0.86,0.86,0.86,0.86,0.86,0.86,0.86,0.85,0.86,0.84,0.86,0.86,0.86,0.84,0.86,-1.12,0.86,0.86,0.86,0.86,0.86,0.86,0.86,0.86,0.85,0.86,-1.02,0.86,0.86,0.86,0.86,0.85,0.86,0.86,0.86,-1.03,0.83,0.82,0.86,0.72,-1.02,0.86,0.85,0.83,0.85,-1.13,0.86,0.85,0.84,-1.03,0.86,0.86,0.86,-1.0,0.85,0.86,0.86,0.86,-1.11,0.84,0.84,0.86,0.86,0.84,0.86,0.85,-1.12,0.84,0.86,0.84,0.86,0.86,0.86,0.85,0.86,0.86,0.86,0.86,0.86,0.86,0.86,0.86,0.86,0.86,0.86,0.86,0.86,0.86,0.74,0.86,0.8,0.84,0.86,0.86,0.86,0.82,0.86,0.86,0.86,0.84,0.86,0.85,0.86,0.86,0.86,0.86,0.86,0.86,0.86,0.85,0.86,0.86,0.86,0.86,0.86,0.86,0.86,0.86,0.86,0.86,0.85,0.86,0.84,0.86,0.86,0.86,0.86,0.86,0.86,0.85,0.86,0.86,-1.04,0.86,-1.09,0.84,0.86,0.86,-1.07,0.86,0.86,0.86,0.86,0.86,0.86,0.86,0.86,0.85,0.71,0.85,0.86,0.86,0.86,0.86,0.83,0.86,0.86,0.86,0.86,0.84,0.81,-1.0,0.86,0.86,0.86,0.84,0.86,0.86,0.86,0.86,0.86,0.84,0.86,-1.04,0.85,0.86,0.86,0.86,0.86,0.86,0.86,0.86,0.86,0.86,-1.13,0.86,0.85,0.86,-1.11,0.86,0.86,0.86,0.86,0.86,0.86,0.86,0.86,0.86,0.85,0.77,0.86,0.86,0.85,0.86,0.86,0.86,0.86,0.86,0.86,-1.05,0.85,0.86,0.86,0.86,0.86,0.86,0.86,0.86,0.84,0.86,0.84,-1.11,0.86,0.86,0.86,0.86,0.86,0.86,0.86,0.85,0.86,0.86,0.86,-1.01,0.86,0.86,-1.06,0.86,0.86,0.86,0.86,0.85,0.86,0.86,0.86,-1.03,0.86,0.86,0.85,0.86,0.86,0.85,0.86,0.86,0.86,0.86,0.86,0.86,0.86,0.86,0.86,0.86,0.86,0.86,0.86,0.86,0.86,0.86,0.86,0.84,0.86,0.86,0.86,0.84,0.86,0.86,0.86,0.85,0.86,0.86,0.86,0.86,0.86,0.86,0.86,0.83,0.86,0.86,0.86,0.86,0.86,0.86,-1.09,0.86,0.83,0.86,0.86,0.86,0.86,0.84,-1.09,0.86,0.85,-1.02,0.86,0.86,0.86,0.86,0.85,0.86,0.84,0.84,0.86,0.86,0.85,0.86,0.86,-1.14,0.86,-1.07,-1.13,0.86,0.86,0.86,0.86,0.86,0.86,0.85,0.86,0.86,0.86,0.86,0.86,0.86,0.86,0.75,0.86,0.73,0.86,0.86,0.86,0.86,0.84,0.86,0.76,0.86,0.86,0.85,0.86,0.86,0.86,0.86,0.86,0.84,0.86,0.86,0.86,0.86,0.86,0.86,0.86,0.86,0.71,0.85,0.86,0.83,0.85,0.86,-1.12,0.86,0.86,-1.08,0.84,0.86,0.86,0.84,0.86,0.84,-1.13,0.85,-1.08,0.84,0.86,0.85,0.84,0.72,0.86,0.86,0.86,0.71,0.85,0.86,0.86,0.86,0.86,0.86,0.86,0.83,0.85,0.86,0.86,0.86,0.86,0.86,0.85,0.86,0.86,0.86,0.86,-1.13,0.86,0.82,0.86,0.86,0.86,0.85,0.86,0.86,0.86,0.86,0.86,0.86,0.86,0.86,0.86,0.86,0.86,0.86,0.86,-1.12,0.71,0.85,-1.07,0.85,0.86,0.83,0.86,0.86,0.86,0.86,0.86,0.75,0.86,0.86,0.86,0.86,0.86,0.86,0.86,0.86,0.86,0.86,0.86,0.86,0.86,0.79,0.86,0.85,0.86,-1.07,0.86,0.85,0.86,0.86,-1.13,0.86,0.86,0.86,0.84,-1.13,0.85,0.86,0.86,0.86,0.86,0.86,0.86,0.85,0.86,0.86,0.86,0.84,0.86,0.86,0.85,0.84,0.86,0.86,0.85,0.86,0.85,0.86,0.85,0.71,0.86,0.86,0.86,-1.02,0.86,0.72,0.86,0.86,0.86,0.86,0.86,0.86,0.86,0.86,0.86,0.85,0.86,0.86,0.86,0.86,0.86,0.85,-1.08,0.86,0.86,0.86,0.86,0.86,0.83,0.86,0.86,0.86,0.84,0.86,0.86,0.86,0.86,0.85,0.86,0.86,0.85,0.86,0.86,0.85,0.86,0.86,0.86,0.86,0.86,0.86,0.85,0.85,0.86,0.85,0.86,0.86,0.86,0.86,0.86,-1.05,0.86,0.86,0.86,0.86,0.86,0.86,0.86,0.86,0.86,0.84,0.86,0.86,0.84,0.86,-1.03,-1.12,0.86,0.83,0.86,0.86,0.84,0.86,0.86,0.85,0.86,0.84,0.86,0.86,0.86,0.86,0.86,0.86,0.86,0.86,0.86,0.86,0.84,0.86,0.86,0.86,0.84,0.8,0.86,0.84,-1.08,-1.09,0.7,0.86,0.86,0.84,0.86,0.86,0.86,0.86,0.86,0.86,0.86,0.86,0.86,0.86,0.86,0.86,0.86,0.86,0.86,0.86,-1.03,0.86,-1.05,0.71,0.86,0.85,0.84,0.86,0.86,0.86,0.86,0.85,0.84,0.86,0.85,0.85,0.86,0.86,0.86,-1.16,0.86,-1.0,0.86,0.86,0.86,0.8,0.86,0.86,0.86,0.86,0.86,0.86,0.86,0.86,0.86,0.85,0.86,0.86,0.86,0.86,0.86,0.86,0.86,0.86,0.85,0.86,0.86,0.84,-1.09,0.86,0.86,0.86,0.85,0.86,0.86,-1.01,0.86,0.86,0.86,0.86,0.86,0.84,0.86,0.85,0.86,0.86,0.86,0.86,0.86,0.85,0.86,0.84,0.84,-1.05,0.86,0.86,0.86,0.86,0.84,0.86,0.86,0.85,0.86,0.86,0.85,0.86,0.86,0.86,0.86,0.86,0.86,0.86,0.86,0.84,0.85,0.86,0.85,0.86,0.86,0.83,0.86,0.86,0.86,0.86,0.86,0.86,0.86,0.86,0.86,0.86,0.86,-1.06,0.86,0.86,0.86,0.86,0.86,0.86,-1.04,0.86,0.85,0.85,0.86,0.86,0.86,0.86,0.86,0.86,0.86,0.86,0.86,0.8,0.83,0.86,0.84,0.86,0.86,0.86,-1.03,0.86,0.86,0.85,0.85,0.79,0.86,0.86,0.86,0.86,0.85,0.86,0.86,0.86,0.84,0.86,0.85,0.86,0.84,0.86,0.86,-1.08,0.86,0.86,-1.12,0.86,0.85,0.85,0.86,0.86,0.85,0.8,0.86,0.86,0.85,0.86,0.82,-1.02,0.86,0.86,0.86,0.82,0.86,0.86,-1.12,0.86,0.83,0.86,0.86,0.86,0.86,0.86,0.86,0.85,-1.14,0.85,0.86,0.86,0.86,0.86,0.84,0.86,0.86,0.86,0.74,0.85,0.86,0.86,-1.09,0.86,0.86,0.86,0.85,0.86,-1.12,0.86,0.86,0.73,0.86,0.86,0.86,0.86,0.86,0.86,0.85,0.86,0.86,0.86,0.86,0.86,0.86,0.86,0.86,0.72,0.86,0.86,0.83,0.86,0.86,-1.12,0.81,0.86,0.86,0.86,0.86,0.86,0.86,0.86,0.86,0.86,0.86,0.86,0.86,0.86,0.86,0.84,0.85,0.86,0.86,0.86,-1.03,0.86,0.86,0.86,0.86,0.85,0.86,0.86,0.86,0.86,0.86,0.86,0.86,0.86,0.86,0.86,0.86,0.84,0.86,0.86,-1.09,-1.13,0.86,0.84,0.65,0.86,0.85,0.86,0.86,0.86,0.86,0.84,0.86,0.86,0.86,0.86,0.85,0.86,0.86,0.86,0.86,0.86,0.86,0.86,0.86,0.86,0.86,0.86,0.85,0.86,0.86,0.85,0.85,0.86,-1.0,0.86,-1.08,0.86,0.84,0.86,0.86,0.85,0.86,0.85,0.86,0.86,0.86,0.86,0.76,-1.1,0.86,0.86,0.86,0.86,0.81,0.85,0.86,0.86,0.86,0.77,0.86,0.86,0.86,0.86,0.86,0.86,0.85,0.85,0.86,0.83,0.86,0.86,0.83,0.84,0.85,0.69,0.86,0.86,0.85,0.75,0.85,0.86,0.86,0.86,0.85,0.86,0.86,0.86,0.86,0.86,0.86,0.86,-1.01,0.86,0.86,-1.12,0.86,0.86,0.86,0.86,-1.09,0.86,0.82,0.86,0.86,0.85,0.86,0.86,0.82,0.86,0.86,0.86,0.86,0.86,0.86,0.86,0.84,0.86,-1.23,0.85,0.83,0.83,0.85,0.86,0.85,0.86,0.86,0.86,0.86,0.83,0.86,0.84,0.85,0.86,-1.06,0.86,0.86,0.84,0.86,0.86,0.86,-1.0,0.86,0.86,0.86,0.85,0.86,0.86,0.86,0.86,0.85,0.86,0.86,0.84,0.8,0.86,0.86,0.86,0.86,0.86,0.86,0.86,0.86,0.86,0.86,-1.06,0.86,-1.14,0.86,0.86,0.86,0.86,0.86,0.86,0.86,0.84,0.86,0.86,0.72,0.86,0.86,0.86,-1.12,0.86,0.86,0.84,0.84,0.86,0.85,0.86,0.86,0.86,0.86,0.86,0.86,0.86,0.86,0.86,0.85,0.86,-1.07,0.85,0.86,-1.13,-1.03,0.86,0.85,0.76,0.86,0.86,0.86,0.84,0.86,0.85,0.86,0.86,0.86,0.86,0.86,0.86,0.85,0.86,0.86,0.85,0.86,0.86,0.86,0.86,0.86,0.85,0.86,0.85,0.86,0.86,-1.03,0.86,0.86,0.86,0.86,0.86,0.86,0.86,-1.01,0.85,0.86,0.86,0.86,0.86,0.86,0.86,0.86,0.86,-1.12,0.86,0.86,0.86,0.86,0.86,0.84,0.85,0.86,0.86,0.86,0.86,0.86,0.81,0.86,0.86,0.86,-1.01,0.86,0.86,0.86,0.86,0.86,0.86,0.86,0.86,0.86,0.86,0.86,0.86,0.86,0.85,0.85,0.85,0.85,0.86,0.85,0.86,0.86,0.86,0.86,0.86,0.71,0.86,0.79,0.86,0.86,0.86,0.86,0.83,0.86,0.86,0.86,0.85,0.86,0.86,0.85,0.86,0.86,0.86,-1.15,0.86,0.86,0.86,0.86,0.86,0.86,0.86,0.86,0.86,0.86,0.86,0.86,-1.12,0.85,0.84,0.86,0.85,0.86,0.86,0.86,0.86,0.86,0.86,0.86,-1.05,0.84,0.84,0.86,0.86,0.86,0.86,0.86,0.86,0.86,0.86,0.86,0.86,0.86,0.86,0.86,0.86,0.86,0.86,-1.16,-1.01,0.85,-1.13,0.86,0.86,0.86,0.86,0.86,0.86,0.86,0.86,0.86,0.86,0.86,0.86,0.86,-1.11,0.85,0.86,0.85,0.86,0.86,0.86,0.84,0.85,0.86,0.86,0.86,-1.03,0.85,0.86,0.85,0.83,0.86,0.86,0.86,0.83,0.86,0.86,0.86,0.86,0.86,0.86,0.84,0.86,0.83,0.82,0.86,0.86,0.86,0.86,-1.12,0.86,0.86,0.86,0.86,0.84,0.85,0.84,0.86,0.86,0.86,0.86,-1.12,0.77,0.86,-1.14,0.86,-1.14,0.86,0.86,0.86,0.86,0.86,0.86,0.86,0.85,0.83,0.85,0.86,0.86,0.85,0.86,0.86,0.86,0.86,0.86,0.86,0.86,0.86,-1.12,0.86,0.86,0.8,0.85,0.85,-1.11,0.86,0.86,0.86,0.86,0.77,0.84,0.86,0.86,0.86,0.86,0.84,0.85,0.86,0.86,0.84,0.86,0.86,0.86,0.86,0.86,0.86,0.86,0.86,0.75,0.86,0.86,0.86,0.85,0.86,0.86,0.85,0.86,0.86,0.86,0.86,0.86,0.86,0.86,0.86,0.86,0.84,-1.08,0.86,0.86,0.86,0.86,0.86,0.85,0.86,0.86,0.86,0.86,0.85,0.86,0.86,0.86,-1.12,0.85,0.86,0.84,0.86,0.84,0.86,0.86,0.82,0.86,0.86,0.86,0.86,0.86,0.86,0.82,0.86,0.86,0.85,0.73,0.86,0.86,0.85,-1.03,0.84,0.86,0.86,0.85,-1.09,0.86,0.86,0.86,-1.12,0.86,0.86,0.86,0.85,0.86,0.86,0.86,0.86,0.86,0.86,0.86,0.86,-1.18,-1.13,0.86,0.86,0.85,0.86,0.86,0.86,0.86,0.86,0.86,0.86,0.86,0.86,0.86,0.86,0.86,0.86,-1.15,0.76,0.86,0.86,0.86,0.72,0.83,0.85,0.86,0.86,0.86,0.86,0.86,0.85,0.86,0.85,0.86,0.86,0.86,0.86,0.86,0.86,0.86,0.85,0.86,0.86,-1.01,0.86,0.86,0.86,0.86,0.86,0.86,0.86,0.86,0.86,0.81,0.86,0.86,0.86,0.86,0.86,0.86,0.86,0.86,0.86,0.86,0.86,0.86,0.86,0.86,-1.03,0.86,0.86,0.86,0.85,0.86,0.82,0.86,0.85,0.86,0.86,0.86,0.86,0.86,0.86,0.86,0.86,-1.07,0.86,-1.0,0.86,0.86,0.85,0.86,0.84,0.84,0.86,0.86,0.86,0.86,0.86,-1.13,0.86,0.86,0.72,0.85,0.85,0.86,0.86,-1.06,0.75,0.86,-1.12,0.84,0.86,0.86,-1.11,0.84,0.86,-1.16,0.84,0.86,0.86,0.86,0.86,0.86,0.86,0.86,0.86,0.85,0.86,0.86,0.86,0.85,0.86,0.86,0.68,0.84,0.79,0.86,0.86,0.85,0.86,0.86,0.86,0.86,0.85,0.86,-1.17,0.78,0.85,0.86,0.85,0.86,0.8,0.86,0.86,0.86,0.86,0.83,0.86,0.86,0.86,0.84,0.84,0.86,0.86,0.86,0.84,0.86,0.86,0.83,0.86,0.86,0.86,0.86,0.86,0.86,0.86,0.86,0.86,0.86,0.86,0.84,0.72,0.86,0.86,0.85,0.86,0.86,0.86,0.86,0.84,0.86,0.86,0.85,0.86,0.86,0.86,0.82,0.86,0.86,0.86,0.86,0.86,0.86,0.86,0.86,0.86,0.86,0.86,0.86,0.86,0.86,0.85,0.86,0.86,0.86,0.85,-1.14,0.86,0.86,0.86,0.86,0.86,0.86,0.86,0.86,0.86,0.86,0.86,0.86,-1.11,0.86,0.85,0.86,0.86,0.86,0.8,0.86,0.86,-1.11,0.86,0.86,0.86,0.84,0.85,0.86,0.86,0.86,0.86,0.82,-1.12,0.85,0.86,0.86,0.86,0.86,0.86,0.84,-1.07,0.86,0.86,0.86,0.86,0.86,0.86,0.86,0.86,0.86,0.85,0.86,0.86,0.86,0.86,0.85,0.85,0.86,0.86,0.86,0.86,0.86,0.86,0.86,0.86,0.86,0.78,0.86,0.85,0.85,0.86,0.86,0.86,0.86,0.86,0.86,0.86,0.86,0.86,0.86,0.86,0.86,-1.03,0.84,0.86,0.84,0.86,0.86,-1.01,0.78,0.84,0.86,0.82,0.86,0.86,0.86,0.86,0.86,0.86,0.85,0.86,0.86,0.86,0.86,0.86,0.85,0.85,0.86,0.86,0.85,0.86,0.86,0.86,0.86,0.86,0.84,0.86,0.86,0.86,0.85,0.86,-1.08,0.86,-1.02,0.84,0.84,0.86,0.85,0.86,0.86,0.86,-1.11,0.85,0.86,0.84,0.86,0.86,0.86,0.86,0.86,0.86,0.86,0.86,0.86,0.86,0.84,0.86,0.86,0.86,0.85,0.86,0.86,0.86,0.79,0.86,0.86,0.86,0.84,0.86,-1.04,0.86,-1.1,0.86,0.86,0.86,0.86,0.86,0.7,0.85,0.86,0.85,0.83,0.86,0.86,0.86,0.86,0.86,0.86,0.86,0.86,0.86,0.86,-1.03,0.86,-1.02,0.85,0.85,0.86,0.86,0.85,0.86,0.81,0.86,0.86,0.86,0.84,0.86,0.85,0.84,0.86,0.81,0.86,0.85,-1.05,0.86,0.86,0.86,0.86,0.86,0.86,0.86,0.85,0.86,0.86,0.85,0.86,0.86,0.86,0.86,0.86,0.86,0.86,0.84,0.86,0.86,0.86,0.86,0.86,0.86,0.86,0.84,0.73,0.84,0.86,0.86,-1.13,0.84,0.86,0.86,0.85,0.86,-1.06,0.85,0.86,0.86,0.75,0.85,0.86,0.86,0.84,0.86,0.84,0.86,0.86,0.86,0.86,-1.08,0.85,0.86,0.86,0.84,0.85,0.86,0.86,0.84,0.83,0.86,0.86,0.86,0.86,0.86,0.86,0.85,0.85,0.86,0.86,0.85,0.86,0.86,-1.03,0.86,0.86,0.86,0.85,0.86,0.86,0.86,0.86,0.85,0.86,0.86,0.86,0.86,0.86,0.86,0.86,0.86,0.86,0.86,0.86,0.86,-1.01,0.85,0.86,0.86,0.86,-1.1,0.86,0.86,0.86,-1.05,0.86,0.86,0.86,0.85,0.86,0.86,0.86,0.86,0.86,0.86,0.86,0.86,0.75,0.86,0.86,-1.13,0.85,0.86,-1.06,0.86,0.86,-1.12,0.83,0.84,0.85,0.81,0.85,0.85,0.86,0.86,0.86,0.86,0.83,0.86,0.86,-1.14,0.86,0.86,0.73,0.86,0.86,0.86,0.86,0.86,0.86,0.86,0.78,0.86,-1.13,-1.16,0.86,-1.1,0.86,0.86,0.85,0.85,0.86,0.85,0.85,0.86,0.85,0.83,0.86,0.86,0.86,0.86,0.85,0.75,0.86,0.85,0.86,-1.12,0.86,0.86,0.83,0.86,0.86,0.86,0.86,0.83,-1.03,0.84,0.83,0.86,0.85,0.85,0.86,0.85,0.86,0.86,0.84,0.86,0.86,0.86,0.86,0.86,0.85,0.86,0.86,0.86,0.86,0.85,0.86,0.84,0.86,0.85,0.81,0.86,-1.13,0.86,0.85,0.86,0.84,0.86,0.86,0.86,-1.12,0.86
-1.1,0.85,0.85,0.81,-1.09,-1.12,-1.01,-1.1,0.82,-1.0,-1.05,0.84,0.68,-1.14,-1.13,-1.19,-1.26,-1.04,0.7,0.78,-1.24,-1.02,0.82,0.85,0.79,0.76,-1.13,-1.05,-1.08,-1.01,0.83,0.85,0.83,-1.09,-1.08,0.8,0.75,0.68,0.84,0.84,0.84,0.79,0.63,0.81,0.84,-1.03,0.8,-1.02,0.8,-1.02,0.85,0.86,-1.12,0.86,0.82,0.84,0.84,0.86,0.86,0.85,0.86,0.79,0.86,0.86,0.84,0.86,0.86,0.86,0.86,0.86,0.86,-1.13,0.84,-1.07,0.86,0.86,0.86,0.86,0.86,0.86,-1.11,0.86,0.86,0.84,0.86,0.86,0.86,0.86,0.86,0.86,0.74,0.86,0.86,0.86,0.85,0.86,0.86,0.86,0.86,0.86,-1.02,0.86,0.86,0.86,0.86,0.86,0.85,0.85,0.86,0.86,0.86,0.86,0.85,0.86,0.86,0.86,0.86,0.86,0.85,0.86,0.84,0.86,0.85,0.86,0.85,0.86,0.86,0.86,0.71,0.86,0.84,0.86,0.85,0.86,0.85,0.86,0.86,0.84,0.86,0.86,0.85,0.86,0.86,0.86,0.86,0.84,0.86,0.86,0.86,0.86,-1.0,0.86,0.86,0.85,0.86,0.86,0.86,0.85,0.74,0.86,0.85,0.86,0.68,0.86,0.85,0.86,0.86,0.86,0.85,0.85,0.86,0.86,0.86,0.85,0.86,0.86,0.86,0.84,0.86,0.86,0.86,0.86,0.86,-1.03,0.86,0.86,0.86,0.86,0.77,0.86,0.86,0.86,-1.02,-1.04,0.86,0.86,0.86,0.73,0.86,0.84,0.86,0.85,0.86,0.86,0.86,0.86,0.86,0.86,0.86,0.84,0.86,0.86,0.86,0.86,0.86,0.86,0.86,0.86,0.86,0.86,0.73,0.86,0.86,0.86,0.86,0.86,0.86,0.85,0.86,0.85,-1.12,0.86,-1.07,0.86,0.86,0.84,0.86,0.86,0.86,0.85,0.86,0.84,0.86,0.86,0.86,0.86,0.86,0.86,0.86,0.84,0.84,0.86,0.86,0.86,0.86,-1.09,0.86,0.86,0.86,0.85,0.86,0.86,0.86,0.86,0.86,0.85,-1.05,0.86,0.86,0.86,0.82,-1.12,0.86,0.86,0.86,0.86,0.86,0.86,0.86,0.86,0.86,0.86,0.86,0.84,0.86,0.86,0.86,0.86,0.86,0.85,0.86,-1.05,0.86,0.86,0.86,0.86,0.86,0.79,0.86,0.85,0.86,0.86,0.86,0.86,0.86,0.86,0.86,0.81,0.85,0.86,0.86,-1.11,0.85,0.86,0.86,0.86,0.86,0.86,0.86,0.86,0.86,0.86,0.84,0.86,0.86,0.86,0.86,0.86,-1.08,0.86,-1.12,0.86,0.86,0.86,0.86,0.84,0.86,0.86,0.86,0.86,0.84,0.85,0.86,0.86,0.85,0.86,0.86,0.86,0.86,0.86,-1.02,0.85,0.86,0.86,0.79,0.86,0.86,0.86,0.84,0.86,0.85,-1.07,0.86,0.86,-1.01,0.86,0.86,-1.03,-1.27,0.86,0.86,0.85,0.86,0.86,0.85,0.86,0.86,-1.03,0.84,0.84,0.86,0.86,0.86,0.7,0.86,-1.1,0.86,0.86,0.86,0.86,0.86,0.86,0.86,0.86,0.86,0.86,0.86,0.86,0.86,0.86,0.86,0.85,0.86,0.86,-1.04,0.86,0.86,0.86,0.83,0.86,0.86,0.86,0.86,0.86,-1.09,0.84,0.86,-1.13,0.86,0.86,0.86,0.86,0.86,0.86,0.86,0.86,-1.0,0.86,0.86,0.86,0.85,0.86,0.86,0.84,0.86,0.86,0.86,0.86,0.86,0.86,0.86,0.86,-1.02,0.84,0.86,0.86,0.86,0.86,0.86,-1.1,0.85,0.86,0.86,0.86,-1.0,0.86,-1.01,0.86,0.86,0.86,0.85,0.84,0.86,-1.06,-1.13,0.86,0.86,0.86,-1.02,0.86,-1.0,0.86,0.86,0.85,0.86,0.86,0.86,0.85,0.86,0.86,0.86,0.81,0.84,0.86,0.73,0.86,-1.1,0.86,0.86,0.86,0.86,0.84,0.86,0.85,0.86,0.86,0.86,0.86,0.86,0.86,0.86,0.85,0.86,0.86,0.86,0.86,0.86,0.84,0.85,0.86,0.8,0.86,0.86,0.86,0.86,0.84,0.86,0.86,-1.02,0.85,0.86,0.86,0.86,0.86,0.86,0.86,0.86,0.86,0.86,0.85,0.86,0.86,0.85,0.86,0.86,0.86,0.86,0.82,0.86,0.86,0.84,0.86,0.78,0.86,0.86,0.86,0.86,0.86,0.86,0.86,0.85,-1.04,0.86,0.86,-1.07,0.86,0.86,0.74,0.86,0.86,0.86,0.8,0.86,0.86,0.86,0.84,0.86,0.86,0.83,0.86,0.86,0.86,0.74,0.86,0.86,0.78,0.86,-1.02,0.86,0.86,0.86,0.86,0.86,0.86,0.86,-1.12,0.86,0.86,0.86,0.71,0.86,0.86,0.85,0.86,0.86,0.86,0.86,0.86,-1.1,0.85,0.86,0.86,0.86,0.86,0.86,0.86,0.86,-1.02,0.86,0.83,0.86,0.84,0.86,0.86,0.86,0.85,0.86,0.84,0.86,0.86,0.86,0.86,0.86,0.86,0.86,0.86,0.85,0.86,0.86,0.84,0.84,0.86,0.86,-1.0,0.86,-1.14,0.86,0.84,0.86,0.85,0.86,-1.09,0.86,0.86,0.86,0.86,0.85,0.86,0.86,-1.0,0.86,0.85,0.84,0.76,0.86,0.85,0.86,0.86,0.86,0.86,0.84,0.84,0.86,0.79,0.85,0.84,0.86,0.72,0.86,0.86,0.86,0.86,-1.15,0.86,0.86,0.86,0.86,0.85,0.73,0.86,0.86,0.86,0.8,0.86,0.86,0.85,0.72,0.86,0.86,0.86,0.86,0.86,0.86,0.86,0.86,0.86,0.65,0.86,0.86,0.84,0.86,0.86,0.86,0.86,0.86,0.86,0.86,0.85,0.86,0.86,0.86,0.86,0.7,0.86,0.84,-1.09,0.86,0.86,0.86,0.86,0.86,0.86,0.86,0.84,-1.09,0.86,0.86,0.86,-1.13,0.86,0.86,0.86,0.86,0.86,0.86,-1.09,0.86,0.86,0.86,0.86,0.86,0.86,0.78,0.85,0.86,0.86,0.86,0.86,0.86,0.86,0.86,0.86,0.86,0.86,0.86,0.86,0.86,0.86,0.84,0.77,0.86,0.84,0.86,0.84,0.78,0.83,0.86,0.86,0.86,0.86,0.86,0.85,0.86,0.86,0.86,-1.14,0.86,-1.05,0.82,-1.01,0.86,0.86,0.86,0.86,0.84,0.85,0.86,0.86,0.86,0.86,0.86,0.86,0.86,0.86,0.85,0.86,0.85,-1.03,0.86,0.86,0.86,0.86,-1.1,0.84,0.86,0.86,0.86,0.86,0.86,0.86,0.86,0.86,0.86,0.86,0.86,0.73,0.85,0.86,0.86,0.86,-1.1,0.86,0.86,0.86,0.86,0.86,0.86,0.86,0.85,0.86,0.86,0.86,0.86,0.84,0.86,-1.13,0.86,0.86,0.86,0.86,0.86,0.86,0.86,0.86,0.86,0.86,0.86,0.86,0.86,0.86,0.86,0.85,0.86,0.86,0.86,0.86,0.86,0.75,0.85,0.86,-1.03,0.84,0.86,0.86,0.84,0.86,0.84,0.86,0.86,0.86,0.86,0.86,0.86,0.86,0.86,0.85,0.86,0.86,0.86,0.86,0.86,0.86,0.86,0.86,0.85,0.86,0.86,0.84,0.85,0.83,0.82,0.86,0.86,0.86,0.86,0.86,0.86,0.86,0.86,0.86,-1.02,0.86,0.86,0.86,0.86,0.86,0.86,0.86,0.85,0.86,0.86,0.86,0.86,0.85,0.85,0.86,0.85,0.85,0.85,0.86,-1.0,0.86,0.85,0.85,0.85,-1.07,0.84,0.86,0.86,0.85,0.86,0.84,0.86,0.86,0.86,0.86,0.86,0.86,0.86,0.86,0.86,-1.21,0.85,0.86,0.86,0.86,0.86,0.86,0.86,0.86,0.86,0.86,0.86,0.81,0.84,0.86,0.85,0.86,0.86,0.86,0.86,0.86,0.86,0.86,0.86,0.86,0.86,0.86,0.86,0.86,0.86,0.86,0.86,0.86,0.86,0.72,0.86,0.86,0.86,0.86,0.86,0.86,0.86,0.86,0.86,0.86,0.86,0.86,0.86,0.86,0.86,0.86,0.86,0.86,0.85,0.86,0.86,0.86,0.86,0.86,0.83,0.85,0.86,0.86,0.86,0.86,0.85,0.86,0.86,0.86,0.86,0.86,0.86,0.85,0.86,0.86,0.86,0.86,0.86,0.85,0.86,0.86,0.86,0.86,0.75,0.86,0.86,0.86,0.86,-1.13,0.86,0.86,0.86,0.86,0.86,0.86,0.86,0.86,0.86,0.86,0.86,-1.14,0.86,0.86,0.86,0.86,0.86,0.84,0.86,0.86,-1.12,0.84,0.86,0.86,0.86,0.86,0.86,0.86,0.86,0.86,0.86,-1.11,0.86,0.86,0.86,0.86,0.86,0.86,0.86,0.86,-1.12,0.86,0.86,0.86,0.86,0.86,0.86,0.86,0.86,0.86,0.86,0.84,0.86,0.86,-1.13,0.86,0.86,0.86,0.86,0.86,0.86,0.86,0.86,0.85,0.84,0.86,0.86,0.85,0.86,0.86,0.86,0.86,0.86,0.86,0.86,0.86,0.86,0.86,0.86,0.86,0.86,0.84,0.86,0.86,0.86,0.86,-1.07,0.84,0.86,0.86,0.86,0.86,0.86,0.86,0.84,0.86,0.86,0.86,0.85,0.86,0.71,0.86,0.85,0.86,0.86,0.76,-1.1,0.86,0.85,0.86,0.86,0.86,0.86,0.86,0.86,0.86,0.86,-1.06,0.86,0.86,0.86,0.72,0.86,0.86,0.86,0.86,0.85,0.84,0.85,0.86,0.86,0.86,0.86,0.81,0.84,0.86,0.86,0.86,0.86,0.86,0.86,0.86,0.86,0.86,0.86,0.86,0.84,0.86,0.86,-1.01,0.85,0.86,0.78,0.86,0.86,0.84,0.74,0.84,-1.14,0.86,0.86,0.86,0.84,0.69,0.86,0.86,0.86,0.86,0.86,0.85,0.86,0.86,0.86,0.86,0.85,0.86,0.86,0.86,0.86,0.86,0.84,0.86,0.86,0.86,0.84,0.86,0.83,0.86,0.86,0.86,0.86,0.86,0.84,0.86,0.86,0.86,0.86,0.86,0.86,0.86,0.86,0.86,0.86,0.86,0.78,0.86,0.86,-1.03,0.86,0.73,0.85,0.73,0.86,0.71,0.86,0.86,0.86,0.86,0.86,0.86,0.86,0.86,-1.02,0.86,0.86,0.86,0.86,0.84,0.86,0.86,0.84,0.86,0.86,0.84,0.86,0.86,0.86,0.85,0.86,0.86,0.86,0.86,0.86,0.86,0.86,0.83,0.86,0.86,0.84,0.86,0.86,0.86,0.71,0.84,-1.0,0.86,0.86,0.79,0.85,-1.04,0.85,0.86,0.86,0.84,0.86,-1.02,0.86,0.86,0.84,0.86,0.86,0.86,0.86,0.86,0.8,0.86,0.86,0.85,-1.13,0.85,0.86,0.83,0.86,0.86,0.85,0.86,0.86,0.86,0.84,-1.08,0.86,0.85,0.86,0.86,0.86,0.84,0.86,0.86,0.85,0.86,0.86,0.85,-1.1,0.86,0.85,0.86,0.86,0.85,-1.01,0.86,0.86,0.86,0.86,0.86,0.85,0.86,0.86,0.85,0.86,0.85,0.86,0.86,0.86,0.86,0.86,0.86,-1.1,0.86,-1.13,0.86,0.85,0.86,0.85,0.86,0.86,0.82,0.86,0.86,-1.05,0.84,0.86,0.85,0.85,0.86,0.86,0.86,0.86,0.86,0.83,0.85,0.84,0.86,0.85,0.86,0.84,0.83,0.84,-1.14,0.83,0.86,-1.06,0.86,0.85,0.85,0.86,0.86,0.86,0.86,0.86,0.86,0.86,0.73,0.86,0.86,0.86,0.86,0.86,0.85,0.86,0.85,0.86,0.85,0.86,0.86,0.86,0.85,-1.07,0.86,0.86,0.86,0.85,0.83,0.86,-1.0,0.85,0.84,0.86,0.86,0.82,0.85,0.86,-1.13,0.85,0.86,0.86,0.86,0.86,0.86,0.86,0.86,0.86,0.85,0.86,0.86,0.85,0.86,0.86,0.86,0.84,0.86,0.85,-1.09,0.85,0.86,0.86,0.84,0.84,0.86,0.86,0.86,0.85,0.86,0.86,0.86,0.85,0.86,0.86,0.86,0.86,0.86,0.86,0.84,0.85,0.86,0.86,0.86,0.86,0.86,0.86,0.86,0.86,0.86,0.86,0.86,0.86,0.86,0.86,0.83,0.86,0.84,0.86,0.85,0.86,0.86,0.86,0.86,0.86,0.86,0.86,0.86,0.86,0.86,0.86,0.74,0.86,0.86,0.84,0.85,0.86,0.84,0.86,-1.05,0.86,0.86,0.83,0.86,0.83,0.86,-1.0,0.86,0.71,0.84,0.86,0.86,0.79,0.86,0.86,0.86,-1.11,-1.12,0.86,0.86,0.86,0.82,0.86,0.84,0.86,-1.12,0.85,0.86,0.84,0.86,0.86,0.86,0.85,0.86,0.86,0.69,0.86,0.85,0.84,0.86,0.84,0.82,0.86,0.86,0.86,0.86,0.86,0.86,0.86,0.85,0.86,0.86,0.86,0.84,0.84,0.85,0.85,0.85,0.86,0.86,0.86,0.86,0.86,0.86,0.86,0.86,0.86,0.86,0.86,0.85,0.78,0.86,-1.06,0.81,0.86,0.86,0.86,0.86,0.86,0.86,0.86,0.84,0.86,0.86,0.82,0.86,0.86,0.83,0.78,0.86,0.86,0.85,0.86,0.86,0.86,0.85,0.86,0.86,0.86,-1.02,0.85,0.84,-1.11,0.86,0.86,0.86,0.86,0.86,0.86,0.86,-1.03,0.86,0.86,0.86,-1.08,0.86,0.86,0.86,0.86,0.86,0.86,0.75,0.86,0.86,0.86,0.86,0.86,0.86,0.86,0.86,0.86,0.86,0.86,0.86,0.86,0.85,0.86,0.86,0.86,-1.02,0.86,0.86,0.83,-1.12,0.85,0.85,0.83,0.86,0.85,0.86,0.85,0.86,0.86,0.86,0.86,0.86,0.86,0.79,0.85,0.86,0.86,0.86,0.71,0.86,0.84,0.85,-1.02,0.84,0.86,0.86,0.86,0.86,0.85,0.85,0.86,0.86,0.86,0.86,-1.23,0.85,0.86,0.86,0.86,0.83,0.84,0.81,0.85,0.72,0.82,0.85,0.86,0.85,0.86,0.86,0.86,0.86,0.86,0.86,0.86,0.86,0.86,0.85,0.86,0.86,0.86,0.86,0.86,0.86,0.86,0.86,0.86,0.86,0.86,0.86,0.86,0.86,0.86,-1.02,0.86,0.86,0.86,-1.15,0.84,0.83,0.86,0.86,0.73,0.86,0.85,0.86,0.86,0.86,0.85,0.86,0.86,-1.04,0.86,0.86,0.86,0.72,0.85,0.86,0.86,0.86,0.86,0.86,0.86,0.85,0.86,0.85,0.86,0.86,0.86,0.83,0.86,0.86,0.86,0.85,0.86,0.86,0.85,0.86,0.86,0.86,0.78,0.86,0.86,0.86,0.86,0.86,0.84,-1.06,0.86,0.84,0.86,0.86,0.84,0.85,0.86,-1.13,0.84,0.85,-1.0,-1.04,0.86,0.85,0.86,0.85,0.86,0.86,0.86,0.86,0.86,0.86,0.86,0.86,0.84,0.85,0.8,0.86,0.86,0.86,0.85,0.86,0.84,0.86,0.86,0.83,0.84,0.86,0.86,0.86,0.86,0.86,0.85,0.83,0.86,0.86,0.86,0.83,0.85,0.86,0.86,0.86,0.86,0.86,0.84,0.86,0.84,0.86,0.86,0.71,0.84,0.86,0.86,0.86,0.86,0.86,0.86,0.86,0.86,0.86,0.86,0.86,0.85,0.86,0.86,0.85,0.86,0.86,0.79,0.86,0.86,0.86,0.86,0.86,0.86,0.86,0.86,0.86,0.86,0.84,0.86,0.86,0.86,0.86,0.86,0.86,0.84,0.86,0.84,0.86,0.85,0.86,0.86,0.86,0.86,0.86,0.86,0.85,0.86,0.86,0.86,0.84,0.86,0.86,0.86,-1.12,0.86,0.85,0.86,0.85,0.86,0.86,0.84,0.84,0.86,0.77,0.86,-1.01,0.86,0.85,0.86,-1.14,0.86,0.85,0.86,0.86,0.85,0.86,0.86,0.75,0.86,0.86,0.86,0.86,0.86,0.86,0.86,0.86,0.86,0.86,0.68,0.86,0.86,0.85,0.86,-1.04,0.84,0.76,0.86,-1.05,-1.04,0.86,0.85,0.84,-1.14,0.85,0.86,0.86,0.86,0.84,0.86,0.86,0.86,0.85,0.86,0.86,0.86,0.86,0.85,0.85,0.86,0.86,0.86,0.86,0.86,0.85,0.86,0.86,0.86,-1.12,0.86,0.86,0.84,0.86,0.86,0.84,0.86,0.86,0.85,0.86,0.85,0.86,0.84,0.86,0.85,0.71,-1.12,0.86,0.85,0.84,0.86,0.78,0.86,0.86,0.85,0.86,0.86,0.86,0.82,0.71,0.83,0.86,0.86,0.86,0.86,0.84,-1.09,0.86,0.86,0.86,0.86,-1.12,0.86,0.85,0.86,-1.07,0.85,0.85,0.86,0.86,0.86,0.86,0.86,0.86,0.86,0.85,0.86,-1.03,0.86,0.85,0.86,0.84,0.86,0.85,0.86,0.86,0.85,0.8,0.86,0.85,0.86,-1.11,0.86,0.84,0.86,0.85,0.86,0.85,0.86,0.86,-1.03,0.86,0.86,0.86,0.86,-1.03,0.86,-1.14,0.86,0.86,0.86,0.86,0.85,-1.12,0.85,0.86,0.86,0.86,0.84,0.86,0.86,0.86,0.86,0.86,0.86,0.86,0.86,0.71,0.86,0.86,0.86,0.86,0.85,0.86,0.86,0.86,-1.13,0.86,0.86,0.86,0.86,0.85,-1.03,0.86,-1.03,0.86,0.85,0.85,0.86,0.85,0.86,0.86,0.76,0.86,-1.12,0.86,0.86,0.86,0.86,0.86,0.86,0.86,0.86,0.86,0.86,0.86,0.86,0.86,0.86,0.86,0.86,0.84,0.86,0.86,0.86,0.86,0.86,0.86,0.86,0.86,0.86,0.86,0.86,0.84,0.86,0.86,0.86,0.86,-1.03,0.85,0.86,0.86,0.86,-1.06,0.86,-1.04,0.86,-1.06,0.85,0.86,0.86,0.86,0.86,0.84,-1.02,0.86,0.85,0.86,0.85,0.86,0.86,0.84,0.85,0.86,-1.06,0.86,0.86,0.86,0.86,0.85,0.86,0.85,0.86,0.86,0.86,0.86,0.86,0.86,0.86,0.86,0.86,0.72,0.86,0.84,0.76,-1.06,0.86,0.86,0.86,0.86,0.86,0.86,0.83,0.86,0.86,0.86,0.77,0.86,0.86,0.86,0.86,0.86,0.86,0.84,0.85,0.85,0.84,0.85,0.86,0.86,0.86,0.74,0.86,0.86,-1.12,0.86,0.86,0.86,0.86,0.86,0.86,0.86,0.85,0.86,0.86,0.86,0.86,0.86,0.86,0.86,0.86,0.83,0.86,0.84,0.86,0.86,0.86,0.86,0.86,0.85,0.86,0.85,0.86,0.86,0.86,0.86,0.86,0.84,0.86,0.86,0.86,0.86,0.86,0.86,0.86,0.86,0.86,0.86,0.86,0.84,0.86,0.86,-1.08,0.86,0.85,0.86,0.85,0.86,0.86,0.86,0.86,0.86,0.84,0.86,0.86,0.86,0.86,0.86,0.86,0.86,0.84,0.86,0.86,0.86,0.86,0.86,0.86,0.86,0.85,0.86,0.84,0.86,0.85,0.86,-1.04,0.86,0.86,0.86,0.85,0.86,0.86,0.86,0.86,0.86,0.86,0.86,0.86,0.86,0.86,0.86,-1.03,0.74,0.86,0.86,0.86,0.86,0.86,-1.03,0.85,0.86,0.85,0.86,0.84,0.86,0.85,0.84,0.85,0.86,0.86,0.86,-1.05,0.86,-1.14,0.86,0.86,0.85,-1.03,0.86,0.86,0.86,0.86,0.86,0.86,0.85,0.86,0.79,0.86,0.86,0.86,-1.02,0.86,0.85,0.85,0.83,0.86,0.86,0.86,0.86,0.86,0.86,0.83,0.84,0.86,0.86,-1.05,0.85,0.86,0.86,0.84,0.86,0.86,0.85,0.86,0.86,0.86,0.86,0.75,0.86,0.86,0.85,0.86,0.86,0.86,0.86,0.86,0.86,0.82,0.86,0.84,0.86,0.86,-1.04,0.86,0.77,0.86,0.86,0.86,0.86,0.86,0.86,0.86,0.86,0.86,0.86,0.86,0.86,0.86,0.86,0.86,0.86,0.85,-1.13,0.86,0.86,0.86,0.86,0.85,0.86,0.86,0.86,0.86,0.86,0.86,0.86,-1.05,0.86,0.86,0.85,0.82,0.86,0.86,0.86,0.85,0.86,0.86,0.86,0.8,-1.07,0.86,0.85,0.86,0.86,0.85,0.71,0.85,-1.12,0.85,0.84,0.72,0.86,0.76,0.86,0.86,0.85,-1.12,0.85,0.86,0.86,0.85,0.86,0.86,0.86,0.85,0.86,0.86,0.86,0.86,-1.11,0.86,0.86,0.85,0.83,0.86,0.86,-1.02,0.86,-1.08,0.86,0.84,0.85,0.86,0.86,0.86,0.86,0.86,0.84,-1.05,0.85,0.84,0.85,0.86,0.86,0.86,0.86,0.86,0.86,0.73,-1.05,0.85,0.86,0.86,-1.1,0.85,0.86,0.86,0.86,0.86,0.86,0.84,0.86,0.86,0.84,0.86,-1.03,0.86,0.83,0.86,0.86,0.86,0.86,0.86,0.86,0.86,0.86,0.85,0.85,0.86,0.86,-1.11,0.86,0.84,0.86,0.86,0.86,0.86,-1.02,0.86,0.86,0.85,0.86,0.86,0.86,0.86,0.86,0.86,0.86,0.86,0.86,0.86,0.86,0.86,0.86,0.86,0.86,0.86,0.85,0.86,0.86,0.85,0.86,0.86,0.86,0.86,0.86,0.86,0.84,0.77,0.86,0.86,0.7,0.86,0.86,0.86,0.86,0.86,0.85,0.86,0.86,0.86,0.86,-1.13,0.86,0.86,0.86,0.84,0.86,0.86,0.86,0.86,0.84,0.85,0.86,0.86,0.85,0.86,0.76,0.86,0.86,0.84,0.86,0.8,0.86,0.85,0.86,0.86,0.85,0.86,0.86,0.86,0.85,0.86,0.86,0.86,0.86,0.85,0.86,0.85,0.86,0.86,0.86,0.86,-1.01,0.86,0.85,0.86,0.86,0.86,0.86,-1.13,0.82,0.84,0.83,0.86,0.85,0.85,0.85,0.86,-1.04,0.86,0.85,0.86,0.86,0.86,-1.02,0.85,0.84,0.86,0.85,0.86,0.85,-1.02,0.86,0.86,0.86,0.86,0.86,0.86,0.86,0.86,0.85,0.86,0.86,0.86,0.86,0.86,0.75,0.82,0.86,0.86,0.86,0.86,0.86,0.85,0.78,0.86,0.86,0.86,0.86,0.86,0.86,0.85,0.86,0.86,0.86,0.84,0.86,0.84,0.86,0.84,0.86,-1.12,0.86,0.72,0.85,0.86,0.84,0.86,0.86,0.85,0.86,0.86,0.86,-1.03,0.86,0.86,0.86,0.86,0.86,0.86,0.86,0.86,0.86,0.86,0.86,0.86,0.85,0.86,0.86,0.86,0.85,0.86,0.83,0.86,0.85,0.85,0.86,0.86,0.85,-1.12,0.86,0.85,0.86,0.85,0.86,0.86,0.85,0.86,0.84,0.86,0.86,0.86,0.86,0.86,0.86,0.86,0.86,0.84,0.86,0.86,0.86,0.86,0.86,0.84,0.83,0.86,0.86,0.85,0.85,0.85,-1.13,0.84,0.86,0.86,0.86,0.86,0.86,0.86,0.86,0.86,0.86,0.86,-1.06,0.86,0.86,0.86,0.86,0.72,0.85,0.86,0.86,0.86,0.86,0.86,0.86,0.86,0.84,0.86,-1.06,-1.27,-1.03,0.86,0.86,0.84,0.84,0.84,0.86,0.83,-1.03,0.75,0.86,0.85,0.86,0.82,0.82,-1.06,-1.0,-1.13,0.85,0.86,0.86,0.86,0.84,0.86,0.86,0.82,0.79,0.86,0.86,0.86,0.86,0.86,0.86,0.86,0.86,-1.05,0.83,-1.14,0.86,0.85,0.79,0.86,0.85,0.85,0.86,0.67,0.84,0.85,0.85,0.85,0.83,0.86,0.86,0.86,0.86,0.86,0.86,0.86,0.85,0.86,0.86,0.84,0.86,0.86,0.86,0.75,0.86,0.86,0.84,0.77,0.85,0.85,0.86,0.85,0.86,0.86,0.85,0.86,0.85,0.86,0.86,0.84,0.85,0.85,0.86,0.85,0.86,0.86,0.86,0.86,0.86,0.85,0.86,0.86,0.86,0.86,0.86,-1.07,0.86,0.86,0.86,0.86,0.86,0.86,0.86,0.86,0.86,0.84,0.85,0.86,0.86,0.84,-1.01,0.86,0.86,0.85,-1.14,0.86,0.82,0.86,0.86,0.86,0.86,0.86,0.85,0.86,0.86,0.79,0.86,0.85,0.86,0.85,0.86,0.86,0.86,0.86,0.85,0.86,0.86,0.85,0.84,0.86,0.85,0.86,0.86,0.86,-1.14,0.83,0.85,0.86,0.86,0.85,0.75,0.86,0.85,0.86,0.86,0.86,0.86,0.86,0.86,0.86,0.86,0.86,0.85,0.86,-1.11,0.8,0.86,0.86,0.86,0.86,0.86,0.86,0.86,0.7,0.86,-1.18,0.85,0.86,0.85,0.86,0.84,-1.13,0.86,0.86,0.85,-1.07,0.86,0.86,0.85,0.85,0.86,0.85,0.86,0.84,0.86,0.86,0.86,0.86,0.86,0.86,0.86,0.86,0.84,0.86,0.86
-1.15,-1.19,0.66,0.83,0.84,-1.03,0.69,-1.03,-1.04,-1.08,-1.21,-1.11,0.78,-1.02,-1.18,0.83,-1.08,-1.01,-1.04,-1.07,0.7,0.82,0.85,-1.15,-1.11,0.77,0.79,0.85,0.71,0.8,-1.05,-1.31,-1.03,0.78,0.8,-1.03,0.84,0.72,-1.07,0.8,0.76,0.82,0.82,0.85,-1.03,0.82,0.82,-1.25,0.81,0.86,0.82,0.86,0.83,0.84,0.85,0.82,0.85,0.85,-1.13,0.84,0.86,0.86,0.86,0.86,-1.09,0.84,0.86,0.83,0.86,0.86,0.86,0.86,0.83,0.85,0.86,0.86,0.86,0.86,0.86,0.86,0.84,0.85,0.86,0.86,0.86,0.86,0.85,0.86,0.83,0.86,-1.12,0.86,0.86,0.86,0.86,0.83,0.84,0.86,0.86,0.86,0.86,0.86,0.86,0.86,0.86,0.86,0.86,0.86,0.86,0.86,0.86,0.86,0.86,0.86,-1.02,-1.1,0.86,0.86,0.86,0.86,0.86,0.86,0.84,0.84,0.86,0.84,0.85,0.86,0.86,0.86,0.84,0.83,0.86,0.86,0.86,0.84,0.85,0.86,0.83,0.86,0.86,-1.13,0.86,0.8,0.82,0.86,0.82,0.86,0.86,0.72,0.86,0.86,0.86,0.86,0.75,0.86,0.86,0.86,0.86,0.86,0.86,0.86,0.86,0.86,0.86,0.86,0.84,0.86,-1.0,0.86,0.86,0.85,0.86,0.86,0.84,0.86,0.86,0.86,0.71,0.86,0.86,0.86,0.86,0.86,-1.12,0.86,0.85,0.86,0.86,-1.05,0.86,-1.12,0.84,0.86,0.86,0.86,0.86,-1.12,0.86,0.85,0.84,0.85,0.86,0.86,0.84,0.86,0.72,0.86,0.86,0.86,0.86,0.86,0.86,0.85,0.86,0.86,0.86,0.86,0.86,0.86,0.86,0.86,0.86,-1.06,0.85,0.86,0.84,0.86,0.86,0.86,0.86,0.85,0.86,0.86,0.86,0.84,0.85,0.86,-1.04,0.86,-1.03,0.86,0.86,0.86,0.84,0.86,0.86,0.86,0.86,0.86,0.86,0.86,0.85,0.86,0.86,0.86,0.85,0.83,0.84,0.86,0.86,0.86,0.86,0.85,0.86,0.84,0.86,0.86,0.86,0.86,0.86,0.77,0.86,0.86,0.86,0.86,0.86,0.86,0.86,0.86,0.85,0.83,0.84,0.86,0.77,0.86,0.86,0.86,0.86,0.86,0.86,0.86,-1.11,0.86,0.86,0.86,0.86,0.86,0.86,0.86,0.86,0.86,0.86,0.86,0.86,0.85,0.86,0.86,0.84,0.86,0.86,0.86,0.83,0.86,0.81,0.86,-1.13,0.86,0.86,0.86,0.85,0.86,0.86,0.85,0.86,0.86,0.85,-1.22,0.86,0.86,0.86,0.86,0.85,0.86,-1.12,0.86,0.86,0.86,0.86,0.86,0.86,0.85,0.84,0.86,0.86,0.86,-1.03,0.84,0.81,0.85,0.86,0.86,0.85,0.86,0.85,0.86,0.86,0.86,0.86,0.85,0.86,0.85,0.86,0.86,0.86,0.86,0.86,0.86,0.85,0.86,0.86,0.83,0.86,0.86,0.86,0.84,0.84,0.85,0.86,0.85,-1.11,0.86,0.86,0.86,0.86,0.86,0.86,0.86,0.86,0.86,0.86,0.86,0.86,0.86,0.86,0.86,0.86,0.85,0.86,-1.06,0.85,0.86,0.86,0.86,0.85,0.86,0.86,0.83,0.86,0.86,0.86,0.86,0.86,0.86,0.84,0.86,0.86,0.86,0.83,0.86,0.86,0.86,0.86,0.84,0.86,0.86,0.78,0.86,0.74,0.86,0.86,0.86,0.86,0.85,0.86,0.86,0.83,0.84,0.86,0.86,0.86,0.86,0.86,0.82,0.86,0.86,0.86,0.86,0.85,0.84,0.86,0.86,0.85,0.86,0.86,0.86,0.86,0.86,0.85,0.86,0.86,0.86,0.86,0.86,0.86,0.86,0.86,0.85,0.86,0.86,0.85,0.86,0.85,0.86,0.82,0.86,0.86,0.83,0.86,0.86,0.86,0.86,0.86,0.86,0.86,0.86,-1.03,0.86,0.86,0.78,0.86,0.86,0.84,0.86,0.86,0.86,0.85,0.86,0.86,-1.12,0.85,0.86,0.86,-1.14,0.86,0.78,0.86,0.86,0.62,0.85,0.86,0.84,0.86,0.86,0.86,0.77,0.86,0.86,0.86,0.86,0.86,0.86,0.86,0.86,0.86,0.86,0.86,0.86,0.86,0.86,0.86,0.86,0.86,0.86,-1.08,0.86,0.86,0.86,0.86,0.86,0.86,-1.14,0.86,0.86,0.86,0.85,0.86,0.86,0.86,-1.03,0.86,-1.09,0.86,0.86,0.84,0.86,0.86,0.85,0.86,0.86,0.86,0.72,0.86,-1.02,0.86,0.86,0.86,0.86,0.86,0.83,0.86,0.86,0.86,0.86,0.86,0.86,-1.09,0.86,0.86,0.86,0.73,0.86,0.84,0.86,0.86,0.86,0.85,0.86,0.86,0.86,0.86,0.82,0.86,-1.04,0.86,0.86,0.86,0.85,0.84,0.86,0.86,0.86,0.86,0.86,0.69,0.86,0.86,0.86,0.86,0.84,0.86,0.86,0.86,0.85,0.86,0.85,0.83,0.84,-1.11,-1.13,0.86,0.86,0.86,0.86,0.82,0.86,0.86,0.86,0.86,0.85,0.86,0.85,0.86,0.86,0.86,0.86,0.86,0.86,0.86,0.84,0.86,0.86,0.84,0.86,0.86,0.86,0.86,0.86,0.86,0.86,0.86,0.86,0.85,0.86,0.84,0.86,0.84,0.86,0.86,0.83,0.86,0.86,0.86,0.85,0.86,0.85,0.86,0.86,0.86,0.85,0.86,0.86,0.86,0.86,0.86,0.86,0.85,0.86,0.86,0.86,0.86,0.53,0.86,0.85,0.86,0.84,0.86,0.84,0.86,0.86,0.86,0.86,0.86,0.84,0.84,0.86,0.86,0.85,0.86,0.86,0.84,0.86,0.86,0.86,-1.02,0.85,0.86,0.84,0.84,0.85,-1.06,0.86,0.86,0.86,0.86,0.86,0.86,0.86,0.86,0.86,0.84,0.86,0.86,0.77,0.84,0.77,0.85,0.86,0.86,0.86,0.86,0.86,0.86,0.86,0.86,0.86,0.85,0.85,0.86,0.86,0.86,0.86,0.86,0.86,0.86,0.86,0.86,0.86,0.83,0.86,0.86,0.86,0.84,0.86,0.86,0.86,0.86,0.86,0.82,0.86,0.86,0.86,0.86,0.86,0.84,0.86,0.86,0.86,0.86,0.75,0.86,0.86,0.77,0.86,0.85,0.86,0.86,0.84,0.86,0.86,0.86,0.84,0.86,0.86,0.86,0.86,0.86,0.86,0.86,0.85,0.86,0.84,0.82,0.86,0.86,0.86,0.86,0.86,0.86,0.86,0.76,0.86,0.86,0.86,0.86,0.86,0.86,0.85,0.86,0.86,0.86,-1.11,0.86,0.86,0.86,0.86,0.86,0.84,0.86,0.86,0.86,0.86,0.86,0.86,0.84,0.81,0.78,0.86,0.86,0.86,0.86,0.85,-1.09,0.86,0.86,0.86,0.86,0.76,0.86,0.86,0.86,0.86,0.86,0.86,0.86,0.86,0.86,0.86,0.83,0.86,-1.05,0.86,0.86,0.86,0.86,0.84,0.86,0.83,0.86,0.86,0.85,0.86,0.86,0.86,0.86,0.84,0.86,0.86,0.86,-1.15,0.86,0.85,0.85,0.85,0.86,0.86,0.86,0.86,0.86,0.86,0.86,0.84,0.84,0.86,0.86,0.86,0.84,0.86,0.86,0.86,0.84,0.86,0.86,0.83,-1.03,0.84,0.83,0.85,-1.07,0.86,0.86,0.83,0.86,0.86,0.86,0.86,0.86,0.85,0.86,0.86,0.86,0.86,0.86,0.86,0.86,0.86,0.86,0.86,0.86,0.86,0.86,0.86,0.86,0.86,0.86,0.86,0.86,-1.05,0.86,0.85,0.73,-1.13,0.86,0.86,0.85,0.85,0.86,0.84,0.86,0.86,0.86,0.86,0.86,0.84,0.85,0.86,0.86,0.84,0.86,0.86,0.86,0.86,0.86,0.85,0.86,-1.03,0.85,0.84,0.86,0.86,0.84,0.86,0.86,0.86,0.86,0.85,0.85,0.86,-1.11,0.85,0.85,0.86,0.7,0.86,0.7,-1.03,0.85,0.86,0.86,0.86,0.86,0.86,0.86,0.85,0.85,0.86,0.86,0.86,0.86,0.86,0.86,0.86,0.86,0.85,0.85,0.86,0.86,0.84,0.86,0.86,0.86,0.86,0.86,0.86,0.86,-1.02,-1.04,0.86,0.86,0.86,0.85,0.84,0.85,0.86,0.86,0.85,0.85,0.86,0.85,0.86,0.86,0.86,0.86,0.86,0.86,0.86,0.86,0.78,0.86,0.86,0.86,0.84,0.86,0.86,0.86,0.86,0.86,-1.06,0.86,0.86,0.86,0.86,0.86,0.86,0.86,0.86,0.86,-1.13,0.86,0.86,0.84,0.84,0.86,0.84,0.84,0.86,0.86,0.86,0.86,0.86,0.85,0.86,0.86,0.86,0.85,0.86,0.85,0.86,0.85,-1.07,0.85,0.86,0.86,0.86,0.85,0.86,0.86,0.8,0.86,0.86,0.85,0.86,0.86,0.86,0.85,0.85,0.85,0.86,0.86,0.86,-1.04,0.86,0.86,0.86,0.86,0.86,0.86,0.86,0.79,0.86,0.86,0.86,0.86,0.86,0.86,0.86,0.86,0.86,0.85,0.86,0.86,0.86,0.86,0.86,0.86,0.85,0.86,-1.03,0.86,0.83,0.84,0.86,0.86,0.86,0.86,0.86,0.86,0.86,0.85,0.86,0.86,0.86,0.86,-1.03,0.86,0.86,0.86,0.85,0.86,0.86,0.86,0.86,0.84,0.86,0.86,0.86,0.86,0.86,0.86,0.73,0.85,0.86,0.86,0.86,0.76,0.86,0.86,-1.04,0.86,0.86,0.86,0.82,0.86,0.86,0.84,0.86,0.86,0.86,0.86,0.86,0.86,0.86,0.85,0.86,0.86,0.86,0.86,0.85,0.86,0.86,0.85,0.86,0.86,0.86,0.86,0.86,0.86,0.83,0.86,0.86,0.86,0.86,0.86,0.83,0.86,0.84,0.86,0.86,0.86,0.85,0.86,0.86,0.86,0.86,0.85,0.85,0.83,0.84,-1.05,0.72,0.86,0.86,0.77,0.85,0.86,0.86,0.82,0.86,0.86,0.86,0.84,0.86,0.86,0.86,-1.07,0.86,0.86,0.86,0.86,0.86,0.86,0.86,0.86,0.86,0.86,0.86,0.83,-1.11,0.86,0.86,0.86,0.86,0.86,-1.1,0.85,0.86,0.86,0.86,0.86,0.85,-1.01,0.86,0.86,0.86,0.86,0.86,0.86,0.86,-1.02,0.84,0.86,0.86,0.86,0.84,0.86,0.86,0.86,0.86,0.86,0.86,0.86,0.86,0.86,0.86,0.86,0.86,0.86,0.86,0.86,0.82,0.86,-1.14,0.86,0.85,0.86,0.86,0.86,0.86,0.86,-1.13,0.75,0.86,0.86,-1.05,0.86,0.86,0.86,-1.13,0.85,0.86,0.86,0.86,0.86,0.86,0.86,0.86,0.86,0.86,0.86,0.85,0.85,0.86,0.86,-1.03,0.74,0.86,0.86,0.86,0.86,0.86,0.73,0.86,0.85,0.86,0.84,0.86,0.86,0.76,0.84,0.86,0.86,0.86,-1.01,0.86,-1.07,0.86,-1.03,0.86,0.86,0.85,0.86,0.86,0.83,0.86,0.86,0.8,0.85,0.86,0.86,0.86,0.86,0.86,0.86,0.84,0.85,0.85,0.86,0.86,0.86,0.84,0.86,0.86,0.85,0.86,0.86,0.86,-1.1,0.86,0.84,0.86,0.86,0.86,0.86,0.86,0.86,0.86,0.86,0.86,0.86,0.86,0.86,0.86,0.86,0.86,0.86,0.86,0.86,0.86,0.86,0.86,0.86,0.86,0.85,0.86,0.86,0.86,0.86,0.8,0.86,0.86,0.83,0.86,0.86,-1.09,0.84,0.86,0.86,0.86,0.85,0.86,0.86,0.86,0.86,0.86,0.86,0.86,0.86,0.85,0.86,0.86,0.85,0.86,0.86,0.86,0.86,0.73,0.86,0.86,0.86,0.86,0.86,0.86,0.86,0.86,0.86,0.86,0.86,0.84,-1.13,0.86,0.82,0.86,0.86,0.84,0.86,0.86,0.86,0.86,0.86,0.86,0.86,0.85,0.86,0.86,0.86,0.85,0.85,-1.08,0.84,0.86,0.86,0.86,-1.02,0.86,0.86,0.86,0.86,0.86,0.85,-1.08,0.85,0.86,0.72,0.86,0.86,0.82,0.85,0.85,0.86,0.86,0.86,0.86,0.86,0.86,0.86,0.86,0.86,0.84,0.86,0.86,0.86,-1.03,0.86,0.86,0.84,0.86,0.86,0.85,0.84,-1.12,0.85,0.85,0.86,0.86,0.86,0.85,0.84,0.86,0.86,0.85,0.86,-1.03,0.82,0.83,0.86,0.8,0.86,0.86,0.86,0.86,0.86,0.86,0.86,0.86,0.86,0.86,0.86,0.86,0.86,0.86,0.86,0.86,-1.13,0.86,0.86,0.86,0.84,0.86,0.86,0.86,0.86,0.86,0.86,0.86,0.84,0.86,0.85,0.85,-1.13,-1.06,0.86,0.85,0.86,-1.14,0.86,0.86,0.86,0.86,0.86,0.86,0.86,0.85,0.86,0.86,0.71,0.83,0.86,0.86,-1.06,0.85,0.84,-1.12,0.86,0.86,0.84,0.84,0.86,0.86,0.85,-1.04,0.86,0.84,0.86,0.86,0.86,0.86,0.86,0.86,0.86,0.86,0.84,0.86,0.86,0.86,0.86,0.84,0.86,0.86,0.86,0.86,0.86,0.86,0.86,0.86,0.86,0.85,0.85,0.84,0.86,0.86,0.86,0.86,0.86,0.86,0.86,0.86,0.85,0.86,0.86,0.86,0.86,0.86,0.84,0.86,0.86,0.86,0.86,0.86,0.86,0.74,0.86,0.8,0.86,0.86,0.86,0.86,0.86,0.86,0.86,0.86,0.86,0.86,0.84,0.86,0.85,0.86,0.8,0.86,0.72,-1.14,0.86,0.86,0.86,0.86,0.86,0.86,0.86,0.86,0.86,0.86,0.86,0.84,0.85,0.86,0.86,0.86,-1.05,0.86,0.85,0.86,0.86,0.86,0.85,0.85,0.86,0.86,0.86,0.82,0.86,0.86,0.86,0.86,0.85,0.86,0.86,0.84,0.86,0.86,0.86,0.84,-1.06,0.86,0.86,0.69,0.86,0.86,0.86,0.86,0.86,0.86,0.86,0.86,0.86,0.86,0.86,0.86,0.85,0.86,0.84,0.86,0.84,0.86,0.85,0.86,0.86,0.84,0.86,-1.15,0.85,0.86,0.86,0.86,0.86,0.86,0.84,0.86,0.86,0.85,-1.04,0.85,0.86,0.86,0.86,0.86,0.85,-1.03,0.86,0.84,0.86,0.86,0.86,0.86,0.86,0.86,0.85,0.86,0.84,0.86,0.86,0.86,0.86,0.84,0.77,0.86,0.86,-1.13,-1.1,0.83,0.86,-1.14,0.84,0.85,0.86,0.86,0.85,-1.19,0.84,0.86,0.84,-1.0,0.84,0.75,0.85,0.84,0.85,0.86,0.86,0.85,-1.09,0.86,0.83,0.77,0.86,0.85,0.85,0.85,-1.01,0.85,0.86,0.85,0.85,-1.12,0.86,0.82,0.86,0.86,0.86,0.86,0.86,0.86,0.86,0.86,0.86,0.86,0.84,0.86,0.86,0.86,0.85,0.83,0.86,0.86,0.86,0.84,0.83,0.86,0.86,0.86,0.86,0.86,0.86,0.86,0.86,0.86,0.86,0.84,0.86,0.86,0.86,0.86,0.86,0.86,0.74,0.86,0.86,0.86,0.86,0.86,0.83,0.79,0.86,0.78,0.86,0.86,0.86,0.86,0.82,0.86,0.84,0.86,0.86,0.73,0.86,0.86,0.83,0.86,0.86,0.86,0.86,0.86,0.86,0.86,0.86,0.86,0.86,0.86,0.86,0.86,0.86,0.86,0.84,0.86,0.86,0.84,0.86,0.86,0.83,0.86,0.86,0.86,-1.05,-1.12,0.86,0.86,0.86,0.72,0.86,0.86,0.83,0.86,0.86,0.86,-1.05,0.86,0.85,0.86,0.86,0.86,0.86,0.86,0.86,0.86,0.86,0.86,-1.1,0.83,0.85,0.86,0.86,0.86,0.82,0.85,0.86,0.86,0.86,0.84,0.86,0.86,-1.07,0.86,0.86,0.85,0.86,0.86,0.86,0.86,0.86,0.85,0.85,0.86,0.86,0.86,0.86,0.86,0.86,0.86,0.82,0.85,0.86,0.84,0.86,0.86,0.86,0.84,0.86,0.86,0.84,0.74,0.85,-1.02,0.85,0.86,-1.14,0.86,0.85,0.85,0.86,0.86,0.84,0.86,0.86,0.85,0.84,0.86,0.86,0.86,0.86,0.86,0.86,0.86,0.79,0.85,0.84,0.86,0.86,0.86,0.85,-1.14,0.86,-1.0,0.86,0.86,0.86,-1.03,-1.03,0.86,0.84,0.85,0.86,0.7,0.86,0.84,0.86,0.86,0.86,0.85,0.85,0.86,0.85,0.86,0.86,0.84,0.86,0.85,0.86,0.86,0.85,0.86,0.86,0.85,0.85,0.85,0.86,0.86,0.86,0.86,0.86,0.86,0.86,-1.03,0.81,0.86,-1.01,0.85,0.86,0.85,0.85,0.86,0.86,0.86,-1.07,0.85,0.86,0.85,0.86,-1.11,0.86,0.85,0.85,0.85,0.86,0.86,0.86,0.86,0.86,0.86,0.86,0.86,0.86,0.86,0.86,0.84,0.86,0.86,0.82,0.86,0.86,0.86,0.86,0.86,0.86,0.86,0.84,0.86,0.86,0.86,-1.12,0.86,0.86,0.85,0.86,-1.08,0.86,0.86,0.85,0.86,0.86,0.86,0.86,-1.13,0.86,0.86,0.84,0.86,0.83,0.84,0.86,0.83,0.85,-1.06,-1.11,0.86,0.86,0.85,0.86,0.86,0.86,0.86,0.86,0.86,0.86,0.86,0.69,0.86,0.86,0.85,0.86,0.84,0.86,-1.17,0.86,0.85,0.86,0.86,-1.07,0.86,0.85,0.86,0.84,0.86,0.86,0.86,0.83,0.86,0.86,0.86,0.86,0.77,0.86,0.86,0.86,0.86,0.84,0.86,0.84,0.86,0.86,0.86,0.86,-1.14,0.85,0.86,0.86,0.86,0.86,0.86,-1.07,0.86,0.86,0.86,0.84,0.86,-1.06,0.86,0.85,0.86,0.84,0.86,-1.09,0.86,0.83,0.86,0.86,0.86,0.86,0.86,0.86,0.86,0.86,0.7,-1.1,0.86,0.85,0.86,0.86,0.86,-1.12,0.86,0.85,0.86,0.86,0.86,0.86,0.86,0.86,0.86,0.86,0.86,0.86,0.86,0.85,0.84,0.86,0.86,0.86,0.83,0.86,0.77,0.86,0.85,0.86,0.86,0.71,0.86,0.86,0.86,0.86,-1.07,0.85,0.86,0.86,0.86,0.84,0.85,0.86,0.84,0.85,0.86,0.86,0.86,0.85,0.86,0.86,0.86,0.86,0.86,0.84,0.86,0.86,0.86,0.83,-1.14,0.73,0.86,0.84,0.78,0.86,0.86,0.86,0.86,0.86,0.86,0.86,0.86,0.86,0.86,0.84,0.86,0.86,0.86,0.86,0.86,0.85,0.86,0.8,0.86,0.86,0.86,-1.14,0.86,0.85,0.85,0.86,0.84,0.86,0.8,0.86,0.86,0.84,-1.11,0.85,0.84,0.86,0.86,0.79,0.86,0.85,0.85,0.85,0.86,0.84,0.86,0.86,0.81,0.86,0.86,0.86,0.86,0.84,0.86,-1.11,0.85,0.86,0.86,0.86,0.86,0.86,0.86,0.84,0.85,0.85,0.86,0.86,0.86,0.86,0.86,0.86,0.86,0.84,0.85,0.86,0.86,0.86,-1.11,0.83,0.86,0.84,0.86,-1.01,0.86,0.84,0.84,0.86,0.79,0.86,0.86,0.83,0.85,0.86,0.86,0.86,0.86,0.86,0.86,0.86,0.82,0.86,0.86,0.86,0.85,-1.13,0.85,0.86,0.86,0.86,0.84,0.86,0.86,0.86,0.86,0.85,0.84,0.86,0.86,0.86,0.86,0.84,0.86,0.86,0.86,0.86,0.85,0.86,0.86,-1.09,0.85,0.86,0.86,0.86,0.86,0.84,0.86,0.86,0.86,0.86,0.86,0.86,0.86,0.86,-1.02,0.85,-1.14,0.86,0.86,0.85,0.86,0.86,0.86,0.86,0.86,0.86,0.86,0.86,0.86,0.86,0.86,0.86,0.86,0.72,0.85,0.86,0.85,0.86,0.86,-1.1,0.84,0.86,0.82,0.86,0.86,0.86,0.86,0.84,0.85,0.85,0.86,0.83,0.86,0.86,0.86,0.86,-1.14,0.85,-1.08,0.83,0.85,0.84,0.84,0.86,0.86,0.85,0.84,0.84,0.86,0.86,0.85,0.85,0.76,0.86,0.86,0.86,0.86,0.86,0.82,0.86,0.8,0.86,0.71,0.84,0.86,0.86,0.86,0.86,0.86,0.86,-1.12,-1.1,0.84,-1.09,0.85,0.85,0.85,0.85,0.84,0.85,0.86,0.8,0.85,0.85,0.86,0.86,0.86,0.86,0.85,-1.03,0.86,0.85,0.86,0.86,0.86,-1.07,0.86,0.86,0.86,0.85,0.86,0.86,-1.12,0.86,0.86,-1.1,-1.06,-1.03,0.86,0.86,-1.1,-1.08,0.84,-1.04,0.84,0.83,0.84,0.83,0.85,0.86,0.86,0.85,0.85,0.85,0.85,0.86,0.86,0.84,0.85,0.85,0.85,0.86,0.86,0.86,0.86,0.8,0.86,-1.2,0.86,0.86,0.86,0.86,0.85,0.86,0.86,0.86,0.84,0.86,-1.01,0.86,0.86,0.86,0.75,0.86,0.86,0.85,-1.08,0.84,0.86,0.86,0.86,0.86,0.86,-1.08,0.86,0.86,0.86,0.86,0.85,0.86,0.86,0.86,0.86,0.83,0.86,0.84,0.85,0.86,0.86,0.86,0.86,0.86,0.85,0.86,0.86,0.86,0.86,0.86,0.86,0.86,0.86,0.86,0.86,0.86,0.83,0.86,0.86,0.86,0.86,0.86,0.84,0.86,0.86,0.84,0.86,0.86,0.86,0.86,0.86,0.86,0.86,0.85,0.86,0.86,0.85,0.86,0.85,0.86,0.78,0.86,0.86,0.86,0.86,0.86,0.86,0.86,0.86,0.8,0.86,0.85,0.85,0.83,0.85,0.86,0.86,0.86,0.85,0.86,0.86,0.86,0.86,0.86,0.86,0.85,0.86,0.84,0.85,0.86,0.86,-1.12,0.86,-1.04,0.85,0.86,0.84,0.86,0.86,0.86,0.78,0.85,-1.09,0.86,0.86,0.86,0.86,0.86,0.86,0.86,0.86,0.86,0.71,0.85,0.86,0.86,0.8,0.86,0.86,0.71,0.85,0.84,0.84,-1.0,0.86,0.86,0.86,0.86,0.86,0.86,0.75,0.85,0.86,0.84,0.84,-1.02,0.85,0.86,0.86,0.84,0.86,0.86,0.85,-1.02,0.86,-1.11,0.86,0.86,0.84,0.85,0.86,0.86,0.86,-1.14,0.86,0.85,0.86,0.86,0.86,0.86,0.86,0.83,0.86,0.86,0.84,0.86,0.86,0.86,0.83,0.86,0.86,0.86,0.72,0.86,0.86,0.86,0.86,-1.04,0.85,0.86,0.84,0.85,0.86,0.86,0.85,0.86,0.86,0.86,0.86,0.86,0.86,0.86,0.86,0.86,0.85,-1.02,0.85,0.86,-1.1,0.84,0.85,-1.1,0.86,0.84,0.86,0.85,0.86,0.86,0.86,0.86,0.86,-1.13,0.86,0.85,0.86,0.86,0.86,0.86,0.84,0.86,-1.1,0.85,0.86,0.84,0.85,0.85,0.86,0.86,0.86,-1.07,0.86,0.85,0.86,0.86,0.86,0.84,0.86,0.86,0.86,0.86,0.86,0.86,0.84,0.86,0.86,0.86,0.86,0.84,0.86,0.84,-1.08,0.86,0.86,0.86,0.84,0.86,0.86,0.86,0.86,0.86,0.84,0.78,0.86,0.86,0.86,0.84,0.86,0.84,0.86,0.86,0.86,0.83,0.86,0.86,-1.1,-1.16,-1.02,0.86,0.86,0.84,0.86,0.86,0.86,-1.14,0.84,0.84,0.86,-1.12,0.86,-1.04,0.83,0.86,-1.03,0.86,0.86,0.84,0.78,0.85,0.86,0.85,0.83,0.85,0.86,0.85,0.85,0.86,0.85,-1.13,0.77,0.85,0.85,0.86,0.85,0.86,0.86,0.86,0.86,0.86,0.86,0.86,0.86,0.84,-1.13,0.86,0.86,0.85,0.84,0.86,0.86,0.86,0.85,0.86,0.84,0.85,0.86,0.86,0.84,0.86,0.86,-1.08,0.86,0.86,0.84,0.86,0.86,0.86,0.86,0.86,0.86,0.86,0.84,0.86,0.85,0.85,0.86,0.86,0.85,0.86,0.86,0.85,0.86,0.86,0.86,0.86,0.86,0.86,0.86,0.86,0.86,0.72,0.86,0.86,0.84,0.86,0.86,0.86,0.86,0.86,0.86,0.85,0.86,0.86,0.85,0.86,0.86,0.86,0.86,0.85,0.86,0.86,0.86,0.86,0.86,0.86,0.86,0.86,0.85,0.86,0.85,0.7,0.86,0.86,0.86,0.68,0.86,0.85,0.86,-1.14,0.86,0.86,0.85,0.85,0.85,0.84,0.86,0.85,0.86,0.86,0.86,0.84,0.86,0.84,0.86,0.86,0.86,-1.01,0.78,0.86,-1.0,0.86,0.77,0.86,0.86,0.85,0.86,0.83,0.85,0.85,0.85,0.86,0.86,-1.03,0.84,0.86,0.86,0.85,0.79,0.86,0.85,0.85,0.86,0.86,0.86,0.86,-1.1,-1.12,0.84
-1.0,-1.02,0.79,-1.03,0.82,0.84,-1.11,-1.08,0.81,-1.23,-1.07,-1.05,-1.08,0.71,-1.09,0.85,-1.16,0.55,-1.26,0.86,0.82,0.76,0.82,0.78,0.81,0.74,0.83,0.83,0.86,0.67,-1.12,0.82,0.85,-1.02,0.79,0.82,-1.02,0.84,0.79,0.65,-1.16,-1.17,0.84,0.86,0.86,0.84,0.86,0.83,-1.02,0.86,0.86,0.86,0.85,0.81,-1.11,0.86,0.84,0.86,0.86,0.86,0.86,0.86,0.86,0.84,0.86,0.86,0.86,0.86,0.86,0.86,0.86,0.78,0.85,0.86,0.86,0.75,0.86,0.86,0.86,0.86,0.86,0.86,0.86,0.86,0.86,-1.14,0.86,0.86,0.86,0.86,0.86,0.86,0.85,0.86,0.86,0.86,0.86,0.86,0.86,0.86,0.86,0.86,0.86,0.86,0.86,0.86,0.83,0.86,-1.07,0.85,0.86,0.86,0.84,0.77,0.86,0.86,0.86,0.74,0.86,0.86,0.86,0.86,0.86,0.86,0.86,0.86,-1.06,0.86,0.81,0.86,0.86,0.86,0.86,0.86,0.86,0.86,0.86,0.86,0.85,-1.12,0.82,0.86,0.86,0.86,0.86,0.86,0.86,0.86,0.85,0.86,0.85,0.86,-1.08,0.86,0.86,-1.03,0.86,0.86,0.86,0.86,0.86,0.86,0.86,0.86,0.86,0.86,0.86,0.86,0.86,0.86,0.86,0.86,0.77,0.86,0.86,0.86,0.84,-1.02,0.86,0.84,0.84,0.86,0.86,-1.07,0.86,0.84,-1.01,0.86,0.71,0.86,0.86,0.86,0.84,0.86,0.82,0.68,0.86,0.85,0.86,0.86,0.86,0.85,0.86,0.86,-1.1,0.85,0.86,0.86,0.86,0.86,0.86,0.86,0.83,0.86,0.86,0.84,0.86,0.86,0.86,0.86,-1.03,0.83,0.86,0.86,0.86,0.86,0.85,0.86,0.86,0.86,0.86,0.86,0.86,0.86,0.86,0.86,0.86,0.86,0.86,0.86,0.86,0.86,0.86,0.86,0.85,0.85,0.86,0.86,0.86,0.86,0.86,0.86,0.86,0.86,0.84,-1.14,0.86,0.86,0.86,0.86,0.86,0.86,0.86,0.86,0.86,0.81,0.73,-1.05,0.86,0.85,0.84,0.79,0.86,0.82,0.86,0.86,0.86,0.86,0.85,0.86,0.86,0.86,0.85,-1.14,0.86,0.86,0.85,0.86,0.84,0.78,-1.11,0.86,0.85,0.76,0.85,0.86,0.83,-1.14,0.86,0.86,0.86,0.84,0.86,0.86,0.86,0.86,0.86,0.86,-1.01,0.86,0.86,0.81,0.86,0.85,0.86,0.86,0.86,0.86,0.86,0.84,0.86,0.86,0.85,0.86,0.86,0.86,0.85,0.86,0.86,0.86,0.86,0.86,0.86,0.84,0.85,0.86,0.86,0.86,0.86,-1.0,0.86,0.86,0.86,0.86,0.86,0.86,0.86,0.86,0.84,0.86,0.86,0.86,-1.13,-1.14,0.86,0.86,0.86,0.86,0.85,0.86,0.86,0.71,0.85,0.86,0.86,0.86,-1.1,0.86,0.86,0.86,0.86,0.75,0.86,0.85,0.86,0.86,0.86,0.86,0.86,0.86,0.86,0.86,0.86,0.84,0.83,0.85,0.86,0.86,0.86,0.86,0.86,0.86,0.86,0.86,0.86,0.86,0.86,0.86,0.86,0.86,0.86,0.86,0.86,-1.04,-1.04,0.86,0.86,0.86,0.86,0.83,0.86,0.86,0.86,-1.09,0.86,0.86,0.86,0.86,0.86,0.86,0.86,0.86,-1.07,-1.08,0.86,-1.14,0.86,0.86,0.86,0.83,0.86,0.86,0.86,-1.08,0.86,0.86,-1.08,0.86,0.84,0.86,0.86,0.86,0.86,0.84,0.82,-1.12,0.86,0.84,0.86,0.86,0.86,0.86,0.86,0.86,0.86,0.86,0.86,0.86,0.86,-1.07,0.86,0.86,0.86,0.85,0.86,0.83,0.86,0.86,-1.05,-1.0,0.86,0.86,0.84,0.86,0.86,0.86,0.86,0.86,0.83,0.86,-1.1,0.86,0.84,0.85,-1.1,0.86,0.86,0.86,0.86,0.86,0.84,0.86,0.86,0.86,0.86,0.85,0.86,0.86,0.86,0.86,0.86,0.86,-1.04,0.86,0.83,0.86,0.84,0.86,0.84,-1.03,0.86,0.86,0.86,0.86,0.86,0.86,-1.06,0.86,0.86,0.86,0.86,0.86,0.86,0.86,0.86,0.85,0.86,0.86,0.86,0.86,-1.04,0.86,0.86,0.86,0.86,0.86,0.86,0.85,0.86,0.86,-1.03,0.86,0.86,0.86,0.86,0.86,0.86,0.86,0.86,0.86,0.86,0.85,0.84,0.86,0.86,0.86,-1.05,0.86,0.86,0.84,0.86,0.86,0.86,0.86,-1.06,0.83,0.86,0.86,0.84,-1.03,-1.02,0.77,0.86,0.86,0.86,0.86,0.86,0.86,0.86,0.86,0.86,0.86,0.86,0.86,0.86,0.86,0.86,0.86,0.86,0.86,0.86,-1.12,0.86,0.86,-1.04,0.86,0.86,0.86,0.86,0.86,0.86,0.86,0.86,0.86,-1.01,-1.13,0.86,0.86,-1.13,0.85,0.86,0.86,0.84,0.86,0.86,0.86,0.84,0.86,0.86,0.84,0.85,0.86,0.86,0.86,0.85,0.86,0.85,0.86,0.82,0.86,0.86,0.86,-1.03,0.86,0.86,0.86,0.85,0.84,0.86,0.86,0.86,-1.09,0.86,0.85,0.86,0.86,0.86,0.86,0.86,0.86,0.86,0.86,0.85,0.86,0.86,0.81,0.86,0.85,-1.1,0.86,0.86,0.86,-1.08,0.74,0.86,0.86,0.84,0.85,0.86,0.86,0.86,0.85,0.86,0.86,0.73,0.86,0.86,0.86,0.86,0.84,0.84,0.86,0.86,0.85,0.86,0.86,0.86,0.86,0.86,0.63,0.86,0.86,0.86,0.86,0.86,0.84,0.86,0.86,0.86,0.86,0.86,0.86,0.86,0.86,0.84,0.86,0.86,0.86,0.86,0.86,-1.0,0.86,0.86,0.85,0.86,0.86,0.86,-1.12,0.86,0.85,0.86,0.86,0.86,0.86,-1.09,0.85,0.86,0.86,-1.14,0.86,0.85,-1.0,0.86,0.86,0.86,0.86,0.86,0.86,-1.01,0.86,0.86,0.86,0.86,0.86,0.86,0.86,0.86,0.86,-1.09,0.86,0.86,0.86,0.86,0.48,0.86,-1.14,0.84,0.86,0.86,0.78,-1.1,0.7,0.86,0.86,0.85,0.86,0.86,0.86,-1.01,0.86,-1.06,0.85,0.86,-1.0,0.86,0.86,0.86,0.86,0.86,0.86,0.86,0.86,0.86,0.86,0.86,0.86,0.86,0.85,0.86,0.84,0.86,0.86,0.81,0.86,0.86,0.86,0.86,0.86,0.74,0.86,0.86,0.86,0.84,0.86,0.86,0.86,0.85,0.86,0.86,0.86,0.86,0.86,0.85,0.86,0.86,0.86,0.86,0.86,0.86,-1.1,0.86,0.86,0.86,0.86,0.86,0.86,0.85,0.79,0.86,0.86,0.86,0.86,0.86,0.86,-1.01,0.84,0.86,0.86,0.86,0.85,0.86,0.86,0.86,0.86,-1.03,0.86,0.86,0.84,0.86,0.86,0.85,0.86,0.86,0.86,0.86,0.86,0.86,0.84,0.86,0.86,0.86,-1.12,0.86,0.86,0.86,0.86,0.85,-1.21,0.86,0.86,0.86,0.86,0.84,-1.14,0.84,0.86,0.86,-1.02,0.86,0.85,0.86,0.86,0.85,0.86,0.86,0.86,0.86,0.84,0.86,0.84,-1.11,0.86,0.86,0.86,0.85,0.85,0.86,0.86,0.86,0.86,0.86,0.86,0.84,0.86,0.84,0.85,0.86,0.86,0.86,0.86,0.86,0.85,0.86,0.84,-1.11,0.85,0.86,0.86,0.86,0.83,0.82,0.86,0.86,0.86,-1.1,-1.13,0.85,-1.04,0.81,-1.09,0.86,0.86,0.86,0.86,0.84,0.86,0.85,0.73,0.86,0.86,0.86,0.86,0.84,0.86,0.86,0.71,0.86,0.71,0.86,-1.11,0.85,-1.01,-1.12,0.85,-1.05,0.85,0.86,0.86,0.86,0.86,0.86,0.86,0.75,0.86,0.86,0.85,0.86,0.86,0.86,0.86,0.86,0.86,0.85,0.86,0.85,0.86,0.86,0.85,0.86,0.86,0.86,0.86,0.86,0.86,0.86,0.86,0.86,0.86,0.84,0.86,0.86,0.86,0.86,0.84,0.86,-1.12,0.86,-1.1,0.86,0.86,0.85,0.86,0.86,0.86,0.86,0.86,0.86,0.86,0.86,0.86,0.86,0.86,0.86,-1.11,0.85,0.86,-1.12,0.86,0.86,0.86,0.86,0.86,0.72,0.86,0.83,0.86,0.86,0.85,0.86,0.86,0.85,0.86,0.86,0.84,0.86,0.86,-1.11,0.86,0.86,0.86,0.86,0.86,0.86,0.86,0.86,0.86,0.85,0.86,0.86,0.86,0.85,0.86,0.86,0.73,0.86,0.86,0.86,0.86,0.86,0.78,0.85,0.85,0.85,0.86,0.86,0.86,0.86,0.84,0.86,0.86,0.86,0.84,0.85,0.86,0.86,0.86,0.86,0.86,0.86,0.84,0.86,0.85,0.86,0.86,0.86,0.86,0.86,0.84,0.85,0.86,0.73,0.86,0.86,0.75,0.81,0.86,0.85,0.85,0.72,0.86,0.86,0.86,0.86,0.86,0.86,0.86,0.86,0.86,0.86,-1.13,-1.02,0.86,0.66,0.86,0.86,0.86,0.86,0.86,0.86,0.86,0.86,0.84,0.86,0.84,-1.14,0.86,0.86,-1.05,0.83,0.86,0.86,0.85,0.86,0.86,0.86,0.69,0.78,0.86,0.86,0.81,0.86,0.86,0.86,-1.27,0.86,0.86,0.86,0.82,0.86,0.86,0.86,0.85,0.86,0.86,-1.06,0.85,0.79,0.86,0.86,-1.11,0.86,0.83,0.86,0.86,0.86,0.84,0.85,0.86,0.86,-1.12,0.86,0.84,0.86,0.86,0.86,0.86,-1.03,0.86,0.85,0.86,0.83,0.86,0.86,0.86,0.85,0.86,0.85,0.86,0.86,0.86,0.86,0.86,0.86,0.86,0.86,0.86,0.86,0.86,0.86,0.8,0.86,0.86,0.86,0.86,0.86,0.84,0.86,0.83,0.86,0.86,0.85,0.86,0.86,0.86,0.86,0.86,0.86,0.86,0.86,0.86,0.78,0.86,0.86,-1.07,0.86,0.86,0.86,0.86,0.86,0.86,0.86,0.86,0.86,0.83,0.86,0.86,0.86,0.86,0.86,0.86,0.82,0.72,0.86,0.86,0.86,0.86,0.86,-1.11,0.84,0.85,0.86,0.86,0.86,-1.06,0.85,0.86,0.85,-1.12,0.86,-1.11,0.85,0.86,0.86,0.85,0.86,0.86,0.86,0.85,0.86,0.86,0.86,0.86,-1.01,0.86,0.86,0.86,0.75,-1.04,0.84,-1.0,0.86,0.86,0.86,0.86,0.85,0.86,0.86,0.86,0.86,0.86,0.86,0.86,0.85,-1.03,0.85,0.86,0.86,0.86,0.85,0.79,0.84,0.86,0.68,0.86,0.86,0.85,0.86,0.85,-1.03,0.86,0.86,0.84,0.86,0.86,0.86,0.86,0.86,0.86,0.86,0.86,0.86,0.84,0.86,0.86,0.82,0.86,0.86,0.85,0.86,0.86,-1.07,0.86,0.86,0.86,-1.13,0.84,0.86,0.84,0.86,0.86,0.86,0.86,0.86,0.84,0.86,0.86,0.86,0.86,0.86,0.84,0.84,0.86,0.86,0.84,0.85,0.86,0.86,0.86,0.86,0.85,0.86,0.84,0.86,0.84,0.73,0.86,0.86,0.86,0.85,0.86,0.86,-1.03,0.86,0.84,0.86,0.75,0.84,0.86,0.86,0.86,0.86,0.86,0.85,0.83,0.86,0.86,0.86,0.84,0.86,-1.08,0.86,0.86,0.86,0.86,0.86,0.86,0.86,0.86,0.85,0.86,0.84,-1.05,0.82,0.86,0.86,0.86,0.86,0.86,0.86,0.85,0.86,0.86,0.86,0.71,0.82,0.86,0.86,0.86,0.86,0.85,0.86,0.86,0.86,0.86,0.85,-1.14,0.86,0.85,0.84,0.86,0.86,0.86,0.86,0.86,0.86,0.84,0.86,0.86,0.86,0.86,0.86,-1.09,0.86,0.83,-1.23,0.86,0.86,0.86,0.86,0.86,0.86,0.86,0.83,0.86,0.86,0.86,0.86,0.86,0.86,0.86,0.86,0.85,0.85,0.86,-1.12,-1.02,-1.15,0.85,0.86,0.85,0.86,0.86,0.86,0.86,0.86,0.86,0.74,0.86,0.86,0.86,0.86,0.86,0.86,0.86,0.86,0.86,0.86,0.86,0.86,0.86,0.86,0.86,0.86,0.86,0.86,0.86,0.86,0.78,0.85,0.86,0.83,0.86,0.86,0.86,0.73,0.86,0.85,0.86,-1.08,0.86,0.83,0.86,0.85,0.86,0.86,0.86,0.86,0.86,0.85,0.85,0.86,0.86,0.85,0.86,0.86,0.86,0.86,0.86,0.86,0.86,0.85,0.85,0.82,0.86,0.86,0.86,0.86,0.84,0.86,0.85,0.86,0.86,0.86,0.86,0.86,0.84,0.86,0.86,0.86,0.84,0.84,0.86,0.85,0.86,0.86,0.85,0.85,0.84,0.86,0.86,0.86,0.86,0.85,0.84,0.86,0.86,0.86,0.86,0.86,0.86,0.85,-1.03,0.86,0.86,0.85,0.85,0.86,-1.06,-1.07,0.86,0.86,0.84,0.86,0.84,0.86,0.86,0.84,0.86,-1.02,0.86,0.86,0.86,0.86,0.86,0.86,0.86,0.79,0.72,0.86,-1.08,-1.03,0.86,0.86,0.76,0.86,0.86,0.84,0.86,0.86,0.86,0.86,0.86,0.86,0.86,0.86,0.86,0.86,0.84,0.86,0.86,0.86,0.86,0.85,0.86,0.86,0.86,0.86,0.86,0.86,0.86,0.86,0.86,0.86,0.86,0.86,-1.08,0.86,0.86,0.86,0.86,0.86,0.86,0.86,0.86,-1.09,0.86,0.86,0.85,0.83,0.86,0.86,-1.01,0.86,0.86,0.86,0.86,0.7,0.86,0.86,0.86,0.86,0.86,0.86,0.84,0.86,0.86,0.86,0.86,0.83,-1.14,0.86,0.86,0.86,0.86,0.86,0.86,0.86,0.86,-1.14,0.86,0.86,0.86,0.86,0.86,0.86,0.86,0.86,0.86,0.86,0.86,0.86,0.86,0.86,0.86,0.86,0.86,0.86,0.86,0.86,0.86,0.86,0.86,0.86,-1.05,0.86,-1.02,0.85,0.86,0.86,0.85,0.83,0.86,0.85,0.86,-1.04,0.86,0.86,0.86,0.86,0.73,0.77,0.86,0.84,0.86,0.86,0.86,0.86,0.86,-1.03,0.86,0.85,-1.03,0.86,0.85,0.84,0.86,0.86,0.82,0.84,0.82,0.84,0.86,0.76,-1.1,0.85,0.82,0.84,0.86,0.86,0.85,0.86,0.85,-1.02,0.85,0.85,0.86,0.86,0.77,0.86,0.85,0.86,0.86,0.86,0.86,0.86,0.86,0.86,0.86,0.84,0.85,0.84,0.86,0.86,0.86,0.85,0.86,0.86,0.86,0.86,0.86,0.86,0.86,0.86,0.86,0.86,0.85,0.86,0.86,0.86,0.86,0.86,-1.06,0.83,0.86,0.86,0.86,-1.05,0.85,0.86,0.84,0.79,0.86,0.84,-1.03,0.86,0.85,0.86,0.86,0.86,0.84,0.86,0.86,0.85,0.86,0.86,0.86,0.86,0.86,0.85,-1.1,0.86,0.86,0.86,0.86,0.86,0.85,0.86,-1.11,0.86,0.86,0.86,0.86,0.84,0.86,0.86,0.71,0.86,0.86,0.86,-1.07,0.86,0.86,0.86,0.86,0.86,-1.02,0.83,0.86,0.84,0.84,0.86,0.84,0.72,0.86,0.81,0.86,0.86,0.86,0.86,0.86,0.86,0.84,0.86,0.86,0.86,0.86,0.84,0.86,0.86,0.86,0.84,0.86,-1.04,0.86,0.81,0.86,0.86,0.86,0.86,0.86,0.84,0.86,0.86,0.84,0.86,0.86,0.86,0.86,0.86,0.82,0.86,0.86,-1.09,0.85,0.85,-1.13,0.7,0.83,-1.04,0.85,0.86,0.86,0.84,0.84,0.86,0.77,0.85,0.86,0.86,0.86,0.86,0.85,0.86,0.85,-1.11,0.86,0.82,0.86,0.86,0.85,0.86,0.86,0.83,0.86,0.86,0.86,0.86,-1.0,0.86,0.86,0.86,0.86,0.86,0.86,0.86,0.85,-1.1,0.86,0.86,0.86,0.86,0.86,0.86,0.86,0.86,0.86,0.86,0.86,0.86,0.86,0.86,0.86,-1.15,0.86,0.86,0.86,0.86,0.86,-1.06,0.86,0.85,0.85,0.83,0.86,0.86,0.86,0.86,0.69,-1.13,0.86,0.85,0.86,0.86,0.84,0.86,0.86,0.86,0.86,0.86,0.86,0.86,0.82,0.86,0.86,0.86,0.86,0.86,0.84,0.86,-1.0,0.86,0.86,0.86,0.86,0.85,0.86,0.86,0.84,0.86,0.85,0.86,0.86,0.85,0.75,0.86,0.85,0.86,0.86,-1.12,0.86,0.82,0.86,0.86,0.86,0.86,0.86,0.84,0.86,0.86,0.86,-1.12,0.86,0.86,0.86,0.86,0.86,0.86,0.86,-1.09,0.86,0.84,0.86,0.86,0.84,0.85,0.86,0.86,0.85,0.84,-1.02,0.85,0.86,0.86,-1.12,0.85,0.86,0.86,0.85,0.86,0.86,0.86,0.85,0.84,0.84,0.86,0.86,0.86,0.85,0.86,0.86,0.86,0.85,0.84,0.84,0.86,0.86,0.77,0.86,0.86,0.86,0.86,-1.03,0.86,0.86,0.86,0.86,0.86,0.85,0.86,0.86,0.86,0.86,-1.03,0.86,-1.04,0.86,0.86,0.83,0.86,0.86,0.86,0.86,0.86,0.86,0.83,0.86,0.86,0.86,0.86,0.86,0.86,0.86,0.86,0.86,0.86,0.86,0.86,0.86,0.86,0.86,0.86,0.86,0.85,-1.0,0.86,0.86,0.86,0.86,0.86,0.85,0.86,0.86,-1.03,0.84,0.86,0.86,0.86,0.83,0.85,0.86,0.86,0.85,-1.13,0.84,0.85,0.85,0.85,0.86,-1.13,0.86,0.86,-1.05,0.84,0.86,0.86,0.85,0.86,0.72,0.86,0.84,0.86,0.86,0.84,0.86,0.86,0.86,0.86,0.83,0.85,0.86,0.86,0.86,0.86,0.86,0.86,0.86,0.82,0.86,0.86,0.86,0.86,0.84,0.86,0.86,0.86,0.86,0.86,0.85,0.73,0.84,0.86,0.86,-1.07,0.86,0.85,0.84,0.86,0.86,0.86,0.86,0.82,0.84,0.75,0.86,0.86,0.71,0.85,0.86,0.85,0.86,0.86,0.85,0.86,0.86,0.86,0.86,0.76,0.85,0.86,0.86,0.86,0.86,0.86,0.86,0.75,0.86,0.83,0.86,0.86,0.86,0.86,0.86,0.86,0.86,0.86,0.86,0.86,0.86,0.86,0.86,0.86,0.86,0.86,0.83,0.86,0.86,0.86,0.86,0.86,0.86,0.85,0.85,0.86,0.86,-1.08,0.86,0.86,0.86,0.86,0.86,0.86,0.84,0.86,0.67,0.86,0.86,0.86,0.86,0.86,0.86,0.86,0.86,0.86,0.86,-1.01,0.86,0.86,0.86,0.86,0.86,0.86,-1.03,-1.04,0.86,0.84,0.86,0.86,0.86,0.86,0.85,0.86,0.84,0.86,0.86,0.86,0.86,0.86,0.86,0.86,0.86,-1.14,0.86,0.86,0.86,0.86,0.86,0.86,0.86,0.86,0.85,0.86,0.86,0.85,0.86,0.86,0.86,0.86,0.84,0.86,0.86,0.85,0.86,0.86,0.86,0.86,0.86,0.85,0.86,0.86,0.86,0.86,0.86,0.86,0.86,0.84,0.86,0.85,0.75,0.85,0.86,-1.03,0.84,0.86,0.86,0.85,0.86,0.86,0.84,0.86,0.85,0.86,0.73,0.86,0.86,0.86,0.86,0.85,0.86,0.86,0.86,0.86,0.86,-1.02,0.86,0.86,0.86,-1.07,0.86,-1.09,0.85,0.86,0.85,0.69,0.86,0.86,0.86,0.85,0.86,-1.06,0.86,0.86,0.86,0.86,0.85,0.85,0.86,0.86,0.86,0.86,0.86,0.85,-1.08,0.86,0.86,0.86,0.84,0.86,0.86,-1.13,0.84,0.85,0.86,0.85,0.86,0.85,0.86,0.86,0.86,0.86,0.86,0.86,0.85,0.86,0.86,0.83,0.86,0.86,0.85,0.86,0.86,0.84,0.86,0.86,0.72,0.86,0.86,0.86,0.86,0.86,0.86,0.86,0.86,0.86,0.86,0.86,0.86,0.86,0.86,-1.04,0.86,0.75,-1.07,0.86,0.86,0.86,-1.09,0.86,0.85,0.86,0.85,0.86,0.85,0.86,0.86,0.86,0.79,0.86,0.86,0.86,0.86,0.86,0.86,0.86,0.86,0.86,0.85,0.78,0.86,0.86,0.84,0.86,0.86,0.86,0.86,0.73,0.86,0.86,0.86,0.86,0.86,0.86,0.86,0.86,0.86,0.75,0.86,0.86,0.86,0.86,0.86,0.86,0.86,0.86,0.86,-1.13,0.83,0.86,0.86,0.85,-1.12,0.86,0.85,0.86,0.85,0.86,0.86,0.86,0.86,0.86,0.86,0.86,0.86,0.86,0.78,0.83,0.84,0.86,0.86,0.86,0.84,0.86,0.86,0.86,0.86,0.86,0.86,0.86,0.86,0.86,0.86,0.86,0.85,0.72,0.86,0.86,0.86,0.84,0.86,0.86,0.86,0.86,0.76,0.83,0.86,0.86,0.86,0.86,0.86,0.86,0.86,0.7,0.86,0.86,-1.06,0.86,0.86,0.86,0.86,0.86,0.86,0.86,0.86,0.86,0.86,0.86,0.86,0.86,0.86,0.86,0.86,0.86,0.86,0.86,0.86,0.86,0.86,0.86,0.86,0.86,-1.13,-1.13,0.86,0.86,0.86,0.86,0.86,0.85,0.86,0.86,0.86,0.86,0.86,0.86,0.86,0.86,0.86,0.81,0.84,0.86,0.86,-1.11,-1.01,0.85,0.84,0.86,0.85,-1.13,0.86,0.86,0.86,0.86,0.74,0.86,0.71,0.86,0.86,0.86,0.86,0.86,0.86,0.86,0.86,0.86,0.83,0.86,0.86,0.86,0.86,0.86,0.86,0.86,0.86,0.86,0.86,0.85,0.86,0.73,0.78,0.86,0.84,0.84,0.86,0.86,0.86,0.86,0.86,0.86,0.86,0.86,0.86,0.85,0.86,0.86,0.86,0.86,-1.1,0.86,0.86,0.86,0.72,0.86,0.86,0.86,0.86,0.86,0.86,0.86,0.86,0.86,0.81,0.85,0.86,0.86,0.86,0.86,0.86,0.86,0.86,0.86,0.86,0.86,0.86,0.86,0.86,0.86,0.86,0.84,0.86,0.84,0.86,0.86,0.86,0.86,0.86,-1.14,-1.03,0.85,0.85,0.86,0.86,0.86,0.86,0.86,0.86,-1.0,0.86,0.84,0.86,0.86,0.86,0.86,0.86,0.84,-1.13,0.85,0.86,0.86,0.86,0.86,0.72,0.86,0.86,0.72,0.86,0.86,0.86,0.86,0.86,0.84,0.78,-1.13,0.86,0.86,0.86,0.86,0.86,0.85,0.84,0.86,0.85,-1.12,0.86,0.86,0.86,0.86,0.84,0.85,0.85,0.84,0.86,0.86,0.86,0.86,0.86,0.86,0.86,0.84,0.84,0.86,0.86,0.86,0.86,0.86,0.86,0.86,0.84,0.86,0.86,0.85,0.86,0.86,0.86,0.86,0.86,0.86,0.86,0.86,0.86,0.85,0.86,0.86,0.84,0.74,-1.01,0.82,0.86,0.86,0.86,0.86,0.86,0.86,0.86,0.86,0.73,0.86,0.86,0.85,0.86,0.86,0.78,0.86,0.74,0.86,0.86,0.86,0.85,0.86,0.86,0.86,0.83,0.86,0.86,0.86,0.86,0.85,0.86,0.82,0.86,0.83,0.86,0.86,0.86,0.86,0.86,0.86,0.86,0.85,0.86,0.86,0.86,0.86,0.86,-1.04,0.85,0.86,0.86,0.86,0.86,0.86,0.86,0.86,0.86,0.86,0.86,0.86,0.84,0.86,0.86,0.86,0.86,0.86,0.86,-1.01,0.84,0.86,0.86,0.86,0.86,0.86,0.86,-1.14,0.86,0.85,-1.03,0.86,0.86,0.86,0.84,-1.14,0.86,0.85,0.86,0.86,0.86,0.86,0.86,0.86,0.86,0.86,0.86,0.86,0.86,0.72,0.86,0.86,0.84,0.85,0.86,0.73,0.86,0.86,0.86,0.86,0.86,0.86,0.86,0.86,0.86,0.84,0.86,0.86,0.86,0.86,0.86,0.84,0.86,0.86,0.86,0.86,0.86,0.86,-1.04,0.86,0.86,0.86,0.86,0.86,0.86,0.86,0.8,0.86,0.84,0.84,-1.13,0.85,0.83,0.86,0.86,0.86,0.86,0.86,0.86,0.86,0.86,0.86,0.86,0.86,0.86,0.86,0.86,0.86,0.86,0.77,0.86,0.86,0.86,0.86,0.86,0.86,-1.01,0.84,0.85,0.86,0.86,0.72,0.86,0.86,0.86,0.86,0.86,0.86,0.86,0.85,-1.17,0.74,0.86,0.86,0.86,0.84,0.86,0.85,0.81,0.84,0.84,0.86,0.86,0.86,-1.04,0.86,0.86,0.86,0.86,0.84,0.86,0.86,0.86,-1.02,0.86,0.86,0.85,0.84,0.86,0.85,0.86,0.86,0.85,0.86,0.78,0.86,0.86,0.85,0.84,0.81,-1.04,0.85,0.86,0.86,0.83,0.86,0.86
-1.12,-1.1,0.81,0.63,-1.05,-1.15,-1.07,-1.06,-1.1,-1.04,0.8,-1.19,0.81,-1.03,-1.08,-1.12,-1.01,0.82,-1.22,0.81,-1.06,-1.0,0.56,0.8,0.81,0.76,-1.23,0.84,0.75,0.73,0.84,0.84,-1.05,0.44,0.86,0.83,0.86,0.74,-1.01,-1.15,0.75,0.79,-1.08,0.86,0.84,0.78,0.79,0.85,0.82,0.85,0.86,0.86,0.86,0.83,0.85,0.86,0.86,0.85,0.84,0.83,0.86,0.84,0.86,0.86,0.86,0.86,0.86,0.83,0.86,0.85,0.86,0.86,0.86,0.86,0.84,0.86,-1.13,-1.02,0.86,0.86,0.86,-1.03,-1.11,0.86,0.86,-1.12,0.86,0.86,0.86,-1.03,0.86,0.86,0.86,-1.12,0.86,0.86,0.86,-1.04,0.86,0.86,0.83,0.86,-1.1,-1.1,0.86,0.86,0.86,-1.02,0.76,0.85,-1.14,0.86,0.86,0.85,0.86,-1.11,0.86,0.86,0.86,0.86,0.85,0.86,0.86,0.86,0.86,0.86,0.83,0.86,0.86,0.86,0.82,0.86,0.86,0.78,0.86,0.86,0.86,0.86,-1.03,0.86,0.86,0.86,0.86,-1.0,0.86,0.86,-1.08,0.86,0.86,0.86,0.84,0.84,0.86,0.86,0.86,0.86,0.86,0.84,0.86,0.86,0.81,0.84,0.86,0.85,0.86,0.86,0.86,0.86,0.86,0.72,0.86,-1.1,0.86,0.84,0.86,-1.12,0.86,0.86,0.85,0.86,0.84,0.86,0.86,0.81,0.72,0.86,0.86,0.86,0.86,0.86,0.83,0.86,0.84,0.86,-1.12,0.86,0.86,0.86,0.86,0.86,0.86,0.86,0.86,0.84,0.86,0.86,0.86,0.86,0.86,0.86,0.86,-1.03,0.84,0.86,0.86,0.86,0.86,0.86,0.86,0.86,0.86,0.83,0.86,0.86,-1.12,0.86,0.85,0.86,0.86,0.86,0.86,0.86,0.83,0.85,0.82,0.86,0.83,0.86,0.86,0.86,0.85,0.86,0.86,0.86,0.86,0.86,0.86,0.82,0.86,0.86,0.86,0.85,0.86,0.85,0.85,0.86,0.84,0.86,0.86,0.86,0.86,0.83,0.86,0.79,0.86,0.86,0.81,0.86,-1.02,0.86,0.86,0.86,0.86,0.84,0.86,0.86,0.86,0.78,0.86,0.86,0.86,0.86,0.82,0.86,0.86,0.86,-1.02,0.85,0.86,0.85,0.86,0.86,0.86,0.86,0.86,0.86,0.86,0.85,0.84,0.86,0.74,0.86,0.86,0.86,0.86,0.86,0.86,0.86,0.84,0.86,0.85,0.86,0.85,0.86,0.86,0.86,0.86,0.86,0.86,0.86,0.86,0.85,0.86,0.86,0.86,0.86,-1.04,0.84,0.86,0.86,0.86,0.86,0.84,0.86,0.86,0.85,0.84,0.86,-1.12,0.86,0.85,0.86,0.86,0.86,0.86,0.86,0.86,0.86,0.86,0.85,0.86,0.78,0.84,0.86,0.86,0.86,0.84,0.86,0.86,-1.13,0.85,0.86,0.86,0.86,0.86,-1.08,0.86,0.84,0.86,0.86,0.86,0.86,0.86,0.86,-1.12,0.86,0.86,0.86,0.86,0.86,0.86,0.86,0.85,0.86,0.85,0.86,0.76,0.84,0.86,0.86,0.86,0.86,0.86,0.86,-1.11,0.86,0.86,0.85,0.86,0.86,0.86,0.86,0.86,0.86,0.86,0.86,0.86,0.85,0.86,0.86,0.86,0.83,0.84,0.86,0.86,0.86,-1.02,0.86,0.85,0.86,0.86,0.86,0.86,0.86,-1.07,-1.04,0.86,0.86,0.86,0.86,0.86,0.86,0.86,0.86,0.85,0.86,0.86,0.86,0.86,0.86,0.86,0.86,0.86,0.86,0.86,-1.14,0.86,0.86,0.86,0.85,0.86,0.86,0.7,0.86,0.86,0.86,-1.12,0.85,0.85,0.85,0.85,0.85,0.86,0.86,0.85,0.86,0.86,0.85,-1.02,0.86,0.84,0.86,0.86,0.86,0.85,0.81,0.86,0.86,0.86,0.86,0.86,0.86,0.86,0.86,0.86,0.86,0.86,0.86,0.84,0.84,0.86,0.86,0.86,0.86,0.86,0.86,0.86,0.86,0.86,0.86,0.86,0.86,0.86,0.86,0.86,0.86,-1.15,0.86,0.86,0.86,0.86,0.86,0.86,0.86,0.86,0.86,0.85,0.86,0.84,0.86,0.86,0.86,0.86,0.86,0.86,0.63,-1.02,0.86,0.85,0.85,0.85,0.86,0.86,0.86,0.85,0.86,0.86,0.86,0.74,0.86,0.86,0.84,0.86,0.85,0.86,0.86,0.86,0.86,0.86,0.85,-1.07,0.86,0.86,0.86,0.86,0.86,0.86,0.86,0.86,0.84,0.86,0.86,0.86,0.81,-1.02,0.85,0.86,0.84,0.86,0.86,0.85,0.86,0.86,0.86,0.86,0.83,0.75,0.86,0.86,0.86,0.86,0.86,0.86,-1.08,0.86,0.85,-1.11,0.86,0.85,0.86,0.86,0.85,-1.12,0.86,0.86,0.86,0.84,0.86,0.85,0.85,0.81,0.86,0.86,0.86,0.86,0.86,0.86,0.85,0.86,0.86,0.85,0.86,0.86,0.86,0.86,0.86,0.86,0.86,0.85,0.86,0.86,0.83,0.84,0.86,-1.02,0.85,0.86,-1.13,0.86,0.86,0.86,0.72,0.85,0.86,0.86,0.86,0.86,0.86,0.86,0.86,0.86,-1.04,0.86,0.86,0.86,0.86,0.86,0.86,0.86,0.86,0.86,0.86,0.86,0.86,0.86,0.86,0.86,0.86,-1.06,0.84,0.86,0.86,0.86,0.84,0.86,-1.15,0.86,0.85,0.86,0.8,0.86,0.86,0.86,0.86,0.86,-1.0,-1.14,0.86,-1.02,0.86,0.86,0.85,0.86,0.86,0.86,0.86,0.85,0.86,-1.03,0.86,0.85,0.85,0.85,-1.05,0.84,0.86,0.86,0.86,0.81,0.84,0.86,0.85,0.86,0.86,0.86,0.72,0.86,0.85,0.84,0.86,0.86,0.85,0.86,0.86,0.86,0.85,0.86,0.86,0.86,0.86,0.86,0.86,0.86,0.86,0.86,0.86,0.86,0.86,0.81,0.86,0.86,0.86,0.86,0.85,0.86,0.82,0.86,0.85,0.86,0.86,0.84,-1.17,0.83,0.86,0.86,0.75,0.85,0.86,0.86,0.86,0.86,0.86,0.86,0.86,0.86,0.86,0.86,0.86,0.86,0.86,0.74,0.86,0.85,0.86,-1.13,0.86,0.84,0.86,0.86,-1.08,0.86,0.85,0.86,0.86,0.86,0.86,0.86,0.86,0.86,0.85,0.86,0.74,0.86,0.86,0.86,0.86,0.71,0.86,0.86,0.86,0.86,0.86,0.86,0.86,0.86,0.85,0.84,-1.02,0.86,0.85,-1.16,0.84,0.86,0.86,0.86,0.86,0.86,0.86,0.86,0.86,0.86,-1.13,0.86,0.86,0.86,0.86,0.86,-1.12,0.86,0.86,0.86,0.86,0.86,0.86,0.86,0.86,0.86,0.86,0.86,0.86,-1.15,0.86,0.86,0.86,0.86,0.86,0.86,0.79,0.84,-1.09,0.85,0.86,0.86,0.86,0.86,0.86,-1.15,0.86,0.85,0.86,0.86,0.86,0.86,0.86,0.86,0.86,0.86,0.86,0.84,0.86,0.86,0.86,0.84,0.86,0.86,0.85,0.86,0.86,0.85,-1.1,0.86,0.86,0.86,-1.07,0.86,0.85,0.86,0.86,0.86,0.86,0.86,0.86,0.82,0.86,0.86,0.86,0.86,0.85,0.86,0.86,0.86,0.85,0.86,0.85,0.86,0.86,0.86,0.83,0.86,0.86,0.86,0.84,0.86,0.86,-1.17,0.86,0.86,0.86,0.86,0.86,0.86,0.86,0.71,0.85,0.86,0.86,0.85,-1.02,0.86,0.86,0.86,0.86,0.86,0.86,0.85,0.86,0.86,0.86,0.86,0.86,0.86,0.86,-1.1,0.86,0.84,0.86,0.86,0.86,0.85,0.86,0.86,-1.06,0.83,0.86,0.86,0.86,0.86,0.86,0.86,0.86,0.86,0.86,0.86,0.86,0.85,0.84,0.86,0.85,0.84,-1.09,0.84,0.86,-1.13,0.86,0.86,0.86,0.86,0.86,0.86,0.83,0.86,-1.02,0.86,0.86,0.86,0.86,0.85,0.86,0.86,0.86,0.86,0.78,0.86,0.86,0.86,0.84,0.86,0.86,0.84,0.85,0.85,0.85,-1.24,0.86,0.86,0.86,0.86,0.86,0.86,0.86,0.86,0.86,0.84,0.86,0.86,0.85,0.86,0.86,0.86,0.86,0.86,0.86,0.86,0.86,0.86,0.86,0.85,0.85,-1.01,0.84,0.86,0.86,0.86,0.86,0.84,0.86,0.86,0.81,0.84,0.86,0.86,0.86,0.84,0.86,0.85,0.86,0.86,0.86,-1.06,0.85,0.86,0.86,0.86,0.84,0.86,0.86,0.86,0.85,0.86,0.84,0.86,0.84,0.85,-1.13,0.86,0.86,0.86,0.86,0.84,0.86,0.83,0.86,-1.23,0.86,0.86,0.86,0.86,0.86,0.84,0.86,0.86,0.86,0.85,0.86,0.83,0.86,0.85,-1.14,0.86,0.8,0.86,0.86,0.86,0.84,0.85,0.86,0.86,-1.13,0.86,0.85,0.85,0.86,0.8,0.86,0.86,0.86,0.86,0.86,0.86,0.86,0.86,0.86,0.86,0.86,0.86,0.86,0.86,0.86,0.86,0.86,0.86,0.84,0.86,0.8,0.85,0.86,0.86,0.86,0.86,0.86,0.86,-1.07,0.86,0.84,0.84,0.85,0.86,0.86,0.86,0.85,0.86,0.71,0.77,0.86,0.86,0.86,-1.12,-1.13,0.86,-1.04,0.86,0.85,0.84,-1.13,0.74,0.85,-1.15,0.85,0.85,0.85,0.83,0.86,0.86,0.86,0.84,0.85,-1.08,0.85,0.85,0.85,0.86,0.71,0.86,0.86,0.86,-1.04,0.86,0.86,0.84,0.86,0.86,0.86,0.86,0.84,0.86,0.86,0.86,0.85,0.86,0.86,0.86,0.86,0.84,0.86,0.85,0.86,0.86,0.84,0.86,0.86,0.86,0.86,0.86,0.8,0.86,0.85,0.84,0.85,0.86,0.86,0.86,0.86,0.84,0.85,0.86,0.85,0.86,0.86,0.86,0.86,0.86,0.86,0.86,0.86,0.86,0.85,0.86,0.86,0.86,0.85,0.86,0.84,0.86,0.86,-1.13,0.86,0.86,0.86,-1.05,0.86,0.86,0.86,0.86,0.86,-1.07,0.86,0.86,0.86,0.86,0.86,0.86,0.86,-1.02,0.84,0.86,0.86,-1.12,0.86,0.86,0.86,0.86,0.86,0.85,0.85,0.86,0.86,0.86,0.84,0.86,0.86,0.86,-1.11,0.85,0.84,0.86,-1.08,0.86,0.85,0.85,0.86,0.85,0.85,0.86,0.86,0.86,0.86,-1.06,0.86,0.83,0.86,-1.0,0.86,0.86,0.86,0.86,0.86,0.86,0.86,0.86,0.85,0.86,0.86,0.86,0.86,0.86,0.84,0.84,0.86,0.71,0.86,0.86,0.85,0.86,0.86,0.85,0.86,0.86,0.85,0.86,0.86,0.78,0.86,0.85,0.86,0.85,0.86,0.86,0.85,0.86,0.86,0.86,0.86,-1.07,0.86,0.86,0.86,0.86,0.86,-1.15,0.86,0.85,0.86,0.86,0.86,0.86,0.82,0.86,0.85,0.86,0.86,0.86,0.86,0.86,0.77,-1.13,0.86,0.85,0.86,-1.14,0.86,0.86,0.86,0.86,0.86,0.86,0.86,0.86,0.86,0.86,-1.05,0.86,0.86,0.86,0.86,0.86,0.86,0.86,0.86,0.86,-1.06,0.85,0.86,0.85,0.86,0.86,0.84,0.86,0.84,0.86,0.86,0.8,0.86,0.86,0.86,0.86,0.86,0.86,0.86,-1.02,0.85,0.86,0.86,0.86,0.86,0.86,0.86,0.86,0.86,0.86,0.86,0.86,0.85,0.86,0.86,0.86,0.85,-1.02,0.86,0.84,0.86,0.86,0.86,0.86,0.86,0.86,0.86,0.86,0.84,0.85,0.86,0.85,0.85,0.86,0.86,0.86,0.86,0.86,0.86,0.86,0.86,0.86,0.86,0.83,0.86,0.86,0.86,0.86,-1.07,0.86,0.71,0.85,0.86,0.86,0.86,0.84,0.86,0.86,0.86,0.86,0.81,0.86,0.86,0.85,0.69,-1.02,0.86,0.86,0.86,0.86,0.86,0.86,0.84,0.86,0.74,0.86,0.86,0.86,-1.0,0.86,0.86,0.86,0.86,0.85,0.86,0.86,0.84,0.86,0.86,0.86,0.86,0.86,0.86,0.85,0.85,0.86,0.86,0.86,0.86,0.86,0.86,0.86,0.85,0.86,0.86,0.86,0.84,0.86,0.85,0.86,0.86,0.84,0.86,0.86,0.83,0.86,0.85,0.86,0.86,0.79,0.86,0.86,0.86,0.86,0.86,0.86,0.84,-1.07,0.85,0.84,0.86,0.86,0.85,0.86,0.85,0.75,0.86,0.86,0.86,0.86,0.84,0.86,0.86,0.86,-1.03,0.77,0.86,-1.07,0.86,0.86,0.86,-1.03,0.86,0.86,0.86,0.85,0.83,-1.15,0.84,0.86,0.86,0.73,0.86,0.86,0.86,0.86,0.82,0.85,0.86,0.86,0.86,0.86,0.71,-1.02,0.86,0.85,0.86,0.86,0.86,0.86,0.85,0.86,0.84,0.86,0.86,0.86,0.86,0.85,0.86,0.86,0.84,0.86,0.85,0.86,0.86,0.86,-1.01,0.86,0.86,0.86,0.85,0.86,0.86,0.83,0.86,0.86,0.86,0.86,0.86,0.84,0.86,0.86,0.86,-1.08,0.86,0.86,0.84,0.86,0.86,0.85,0.86,0.86,-1.03,0.84,0.85,0.86,0.86,0.86,0.86,0.86,0.84,0.86,0.75,0.86,0.86,0.86,0.86,0.86,0.84,0.86,0.86,0.86,0.86,0.86,0.86,0.86,0.86,-1.1,0.86,0.86,0.86,0.86,0.86,0.86,0.86,0.86,0.85,0.86,0.86,-1.14,0.86,0.85,0.86,-1.12,0.86,0.77,0.86,0.86,-1.03,0.86,0.86,0.86,0.86,0.84,0.86,0.86,0.86,0.86,0.85,0.85,0.86,0.86,0.86,0.86,0.86,0.84,0.86,0.86,-1.11,0.86,0.86,0.86,0.86,0.86,0.86,0.84,-1.02,-1.11,-1.04,0.86,0.85,0.86,0.86,0.85,0.86,0.86,0.85,0.86,0.86,0.86,0.85,-1.09,0.86,-1.12,0.84,0.84,0.82,0.86,0.86,0.86,0.86,0.81,-1.03,0.86,0.86,0.86,0.86,0.85,0.84,0.86,0.85,0.86,-1.15,0.85,0.86,0.86,0.84,0.85,0.86,0.86,0.85,0.86,0.86,0.84,0.85,0.86,0.86,0.86,0.84,0.86,0.86,0.86,0.84,0.82,0.86,0.86,0.85,0.86,0.83,0.86,0.84,0.86,0.86,0.86,0.86,0.86,0.86,0.86,0.85,0.86,-1.11,0.84,0.86,-1.12,0.86,0.86,0.86,0.86,0.86,0.86,0.83,0.86,0.86,0.86,0.77,0.86,0.85,-1.1,-1.07,0.85,0.85,0.83,0.84,0.86,0.86,0.85,0.86,0.86,-1.03,0.86,0.85,0.86,0.86,0.85,0.85,0.86,0.86,0.86,0.86,0.86,0.86,0.86,0.86,0.86,0.86,0.86,0.86,0.86,0.81,0.86,0.86,0.86,0.86,0.86,0.84,0.86,0.84,0.86,0.86,0.86,0.86,0.86,0.86,0.84,0.86,0.86,0.71,0.85,0.86,-1.1,0.86,0.86,0.86,0.86,0.86,0.86,0.75,-1.07,0.82,0.86,0.86,0.86,0.86,0.84,-1.12,0.86,0.84,0.84,0.85,0.85,0.85,0.85,0.86,0.86,-1.11,0.84,0.86,0.82,0.86,-1.03,0.86,0.86,0.86,0.86,0.83,0.86,0.86,0.85,0.85,0.86,0.86,0.84,0.85,0.86,0.86,0.86,0.86,0.86,0.86,0.86,0.86,0.86,0.8,0.86,0.86,0.86,0.86,0.86,0.86,0.86,0.85,0.86,0.86,0.86,0.86,0.86,-1.03,0.85,0.86,-1.1,0.86,0.86,0.86,-1.16,0.86,0.86,0.86,0.86,-1.07,0.86,0.86,0.86,0.86,0.86,-1.02,0.85,-1.03,0.86,0.73,0.86,0.86,0.86,0.86,0.86,0.86,-1.0,0.86,0.7,0.84,0.86,0.86,0.84,0.86,-1.01,0.86,0.84,0.86,0.86,0.85,0.86,0.86,0.86,-1.09,0.86,0.85,0.85,0.86,0.86,0.86,0.86,0.86,0.85,0.86,0.86,0.82,0.86,0.86,0.86,0.86,0.84,0.86,0.86,0.86,0.86,0.86,-1.0,0.86,0.86,0.86,0.86,0.86,0.86,0.86,0.86,0.86,0.84,0.84,0.86,0.86,-1.01,0.86,0.86,0.86,0.86,0.85,0.86,-1.03,0.86,0.84,0.86,0.83,0.86,-1.14,0.85,0.86,0.84,0.86,0.86,0.85,0.86,0.86,0.86,0.84,0.84,0.86,-1.13,0.84,0.74,0.86,0.86,0.86,0.86,0.86,0.86,0.71,0.86,0.83,0.85,0.86,0.86,0.86,0.86,0.84,0.86,0.86,0.86,0.86,0.86,0.86,0.86,0.86,0.86,0.86,0.86,0.86,0.86,0.86,0.86,0.86,0.85,0.86,0.86,0.84,0.86,0.86,0.86,0.86,0.86,0.86,0.86,0.86,0.84,0.86,0.86,0.86,0.86,0.86,0.85,-1.09,-1.04,0.86,0.86,0.86,0.86,0.86,0.84,0.86,0.83,0.86,0.86,0.86,0.83,0.86,0.86,-1.0,-1.13,0.71,0.83,0.85,0.85,-1.05,0.86,0.86,0.85,0.86,0.86,-1.14,0.85,0.86,0.85,0.86,0.86,-1.08,-1.12,0.86,0.86,0.86,0.86,0.86,0.86,0.86,0.86,0.86,0.85,0.86,0.85,0.85,0.85,0.86,0.86,0.86,0.86,-1.02,-1.11,0.83,0.85,-1.13,0.86,-1.08,0.86,0.85,0.86,0.86,0.83,0.86,0.86,0.86,0.86,0.85,0.86,0.86,0.86,0.86,0.86,0.86,0.85,0.85,0.85,0.86,0.86,0.85,0.86,0.86,0.86,0.86,0.86,0.86,0.86,0.86,0.86,0.84,0.85,0.86,-1.04,0.71,0.86,0.85,0.86,0.86,0.86,0.84,0.86,0.84,0.74,0.86,0.85,0.84,0.86,0.71,0.86,0.73,0.86,0.86,0.86,0.86,0.86,0.86,0.86,0.86,0.86,0.86,0.86,0.86,0.86,-1.11,0.86,0.86,0.86,0.86,0.86,0.85,0.86,0.86,0.85,0.86,0.85,0.86,0.86,-1.1,0.86,0.83,0.86,0.86,0.86,0.86,0.86,0.85,0.86,0.86,0.86,0.85,0.86,0.86,-1.0,0.86,0.86,0.86,0.86,0.86,0.86,0.86,-1.03,0.86,0.85,0.86,0.84,0.86,-1.05,0.8,0.86,0.82,0.86,0.86,0.86,0.86,0.86,0.86,0.86,0.86,0.82,0.84,0.86,0.84,0.86,0.84,0.86,0.86,0.84,0.86,0.84,0.86,0.86,0.86,0.86,0.86,0.83,0.86,-1.05,-1.03,-1.03,0.86,0.86,-1.05,0.85,-1.12,0.86,0.86,0.84,0.86,0.83,0.86,0.86,0.85,0.86,0.86,0.86,0.86,0.86,0.86,0.84,-1.08,0.81,0.71,0.86,0.86,0.86,0.77,0.85,0.86,0.86,0.86,0.86,0.86,0.85,-1.09,0.86,0.85,0.86,0.86,0.86,0.86,0.86,0.86,-1.01,-1.05,0.85,0.86,0.86,0.86,0.84,0.83,0.86,0.86,0.85,0.86,0.86,0.86,-1.04,0.85,0.86,0.86,0.86,-1.12,0.86,0.86,0.86,0.86,0.86,0.86,0.86,0.85,0.86,0.84,0.86,0.86,0.84,0.86,0.85,0.84,0.86,0.86,0.86,0.86,0.86,0.86,0.86,0.86,0.86,0.86,-1.12,0.86,0.86,-1.04,-1.03,0.86,-1.03,0.86,0.86,0.71,0.86,0.84,0.86,0.86,0.86,0.86,0.86,0.83,0.84,0.8,0.86,-1.13,0.84,0.86,0.86,0.86,0.86,0.85,0.86,0.86,0.86,0.86,0.86,0.86,0.86,0.86,0.86,0.86,0.86,0.85,0.85,0.86,0.86,0.86,0.86,0.86,0.86,0.86,0.86,0.84,0.86,0.84,0.86,0.86,0.85,0.85,0.85,0.84,0.84,0.86,0.86,0.85,0.85,0.86,-1.12,0.84,0.86,0.86,0.86,0.86,0.86,0.86,0.82,0.86,0.86,-1.01,0.85,0.86,0.82,0.86,0.85,0.86,-1.13,0.86,0.84,0.86,0.86,0.85,0.86,0.86,0.84,0.86,0.85,0.86,0.75,0.86,0.86,0.85,0.86,0.86,0.84,0.86,0.86,0.86,0.86,0.86,0.86,0.86,0.86,0.85,0.86,0.84,0.85,0.86,0.85,0.86,0.86,0.86,0.86,0.84,0.7,0.86,0.86,0.86,0.86,0.86,0.84,0.86,0.86,0.85,0.86,0.86,0.86,0.84,0.86,0.86,0.85,0.86,0.86,0.86,0.72,0.86,0.86,0.86,0.86,0.85,0.86,0.86,0.86,0.86,0.86,0.86,0.86,0.86,0.86,0.86,0.86,0.86,0.86,0.86,0.86,0.86,0.84,0.86,0.86,0.84,0.86,0.85,0.86,0.85,0.86,0.86,0.85,0.86,0.86,0.86,0.86,0.86,-1.15,0.86,0.86,0.86,0.86,0.83,0.86,0.86,0.84,0.86,0.86,0.86,0.86,0.86,0.86,0.86,0.86,0.84,0.82,0.86,0.86,0.86,0.86,0.86,0.86,0.86,0.86,0.86,0.86,0.85,0.86,0.86,0.83,0.86,0.86,0.86,0.86,0.85,0.84,0.86,0.86,0.84,0.85,0.84,0.85,0.75,0.86,0.86,0.86,0.86,0.86,0.86,0.86,0.86,0.86,-1.02,0.86,0.82,0.86,0.86,0.86,0.86,0.86,-1.11,0.86,0.86,0.86,0.86,0.85,0.86,0.86,0.86,0.86,0.86,0.86,0.86,0.86,0.86,0.86,0.86,0.86,0.86,0.86,0.86,0.75,0.86,0.86,0.86,0.86,-1.0,0.86,-1.12,0.86,0.86,0.86,0.86,0.86,0.76,0.86,0.86,0.86,0.86,0.85,0.86,0.85,0.86,0.75,0.84,0.86,0.86,0.85,0.86,0.86,0.86,-1.13,0.86,0.84,0.85,0.86,0.86,0.84,0.86,0.86,0.84,0.84,0.86,0.86,0.86,0.86,0.86,0.86,0.86,0.86,0.86,0.86,0.86,0.86,0.86,0.86,0.86,0.86,0.86,0.86,0.86,0.86,0.86,0.86,0.86,-1.03,0.86,0.85,0.86,0.86,-1.01,0.86,0.86,0.85,0.86,0.86,0.86,0.86,0.85,0.84,0.86,0.86,0.86,0.86,0.85,-1.12,0.86,0.85,0.86,0.86,0.84,0.85,0.86,0.86,0.86,0.86,0.86,0.84,0.86,0.83,0.86,0.86,0.86,0.71,-1.13,0.86,0.86,0.86,0.84,0.86,0.86,0.86,0.86,-1.02,0.86,0.86,0.86,0.86,0.86,0.86,0.86,0.84,0.86,0.86,0.86,0.86,0.85,0.82,0.86,0.85,0.84,-1.14,0.86,0.79,0.86,0.86,0.85,0.71,0.85,0.66,0.84,0.84,0.86,0.86,0.86,-1.02,0.86,0.84,0.86,0.86,0.85,0.86,0.84,0.84,0.86,0.86,0.86,0.86,0.86,0.84,0.86,0.86,0.86,0.86,0.86,-1.15,0.86,0.86,0.85,0.86,0.86,0.86,0.86,0.86,0.86,0.86,0.73,0.86,0.71,0.84,0.86,0.8,0.86,0.86,-1.0,0.86,0.86,0.86,0.86,0.86,0.86,-1.13,0.86,0.84,0.86,0.86,0.86,0.86,0.86,0.84,0.86,0.86,0.86,0.86,0.86,0.85,0.86,0.86,0.85,0.85,0.84,0.86,0.86,0.85,0.86,0.86,0.86,0.86,0.86,0.77,0.86,0.84,0.86,0.86,0.86,0.86,0.85,0.86,0.85,0.86,0.85,0.82,0.86,0.86,0.86,0.86,0.86,0.86,-1.06,0.86,0.84,0.86,0.85,0.86,0.85,0.86,0.86,0.86,0.86,0.82,0.86,0.86,0.84,0.86,0.86,-1.12,0.86,0.84,0.86,0.86,0.86,0.86,0.85,0.86,0.84,-1.08,0.86,0.85,0.85,0.86,0.84,0.86,0.84,0.86,0.86,0.86,0.86,0.85,0.86,-1.01,0.86,0.85,0.84,0.84,0.86,0.84,0.86,0.86,0.84,0.84,0.86,0.86,0.86,0.86,0.86,0.85,0.86,0.86,0.86,0.86,0.86,0.85,0.86,0.86,0.86,0.86,0.86,0.86,0.86,0.86,0.84,0.86,0.84,0.86,0.86,0.86,0.86,0.86,0.86,0.86,0.86,0.86,0.86,0.86,0.86,-1.03,0.86,0.85,-1.18,0.86,0.86,0.86,0.86,0.86,0.86,0.84,0.86,0.86,0.85,0.83,-1.06,0.83,0.86,0.84,0.86,0.84,0.86,0.86,0.86,0.85,0.86,0.8,0.86,0.84,0.85,0.86,0.84,0.85,0.86,0.85,0.86,0.86,0.86,0.86,0.84,0.71,0.86,0.86,0.86,0.86,0.86,0.86,0.84,-1.03,0.86,0.86,0.85,0.86,0.86,-1.1,0.84,0.78,0.85,0.86,0.86,0.86,0.86,0.86,0.86,0.86,0.86
-1.06,-1.08,0.83,-1.12,-1.02,-1.05,0.78,-1.01,-1.02,0.84,0.85,0.63,-1.04,0.6,-1.04,0.7,0.76,0.84,0.6,0.69,-1.04,0.85,-1.09,-1.13,0.82,-1.09,0.85,0.82,0.8,0.82,0.85,0.72,0.79,0.71,0.82,0.85,-1.07,0.84,0.84,0.86,0.85,0.81,0.86,0.75,0.8,0.86,-1.03,0.82,0.86,0.85,0.84,0.83,0.84,0.85,0.85,0.84,0.63,0.86,0.86,0.86,0.86,0.86,0.86,0.86,0.84,0.86,0.86,0.86,0.86,0.86,0.85,0.86,0.86,0.86,0.85,0.86,0.86,0.85,0.84,0.86,0.86,0.86,-1.01,0.86,0.86,0.86,0.86,0.86,0.86,0.86,0.85,0.86,0.85,0.86,0.86,0.86,0.85,0.86,0.86,0.86,0.86,0.86,0.86,0.86,0.86,0.84,0.86,0.86,0.84,0.86,0.85,0.84,0.85,-1.07,0.85,0.72,0.86,0.86,0.86,0.86,0.86,0.84,0.86,0.86,0.84,0.86,0.86,0.86,0.86,0.86,0.86,0.86,0.86,0.83,0.86,0.86,0.86,0.85,0.86,0.86,-1.03,0.84,0.86,0.86,0.85,0.86,0.86,0.86,0.73,0.85,0.86,0.86,0.86,0.86,0.86,0.86,0.86,0.86,0.86,0.86,0.86,0.83,0.86,0.86,0.86,0.86,0.86,0.86,-1.01,0.86,0.86,0.86,0.86,0.86,0.72,0.86,0.86,0.86,0.86,0.86,0.86,0.86,0.84,0.86,0.83,0.86,0.86,0.86,0.7,0.81,0.86,0.86,0.84,0.86,0.84,0.85,-1.09,0.86,0.85,0.86,0.84,0.86,0.85,0.86,0.86,0.86,0.84,0.86,0.85,0.86,0.86,-1.09,0.84,0.86,0.86,0.86,0.86,0.85,0.86,0.86,0.86,0.86,0.85,0.86,0.86,0.86,0.86,0.86,0.75,0.85,0.86,0.86,0.86,0.86,0.86,0.8,0.86,-1.14,0.86,0.86,0.86,0.86,0.86,0.86,0.74,0.86,0.86,0.81,0.83,0.85,0.86,0.86,0.84,0.86,0.86,0.86,0.86,0.73,0.86,0.86,0.86,0.86,0.84,0.86,0.86,0.85,0.86,0.86,0.86,0.86,0.86,0.86,0.86,0.86,0.72,0.77,0.86,0.86,0.86,0.86,0.84,-1.03,0.86,0.86,0.86,0.86,0.82,0.86,0.86,0.85,0.86,0.86,0.86,0.86,0.86,0.86,0.86,0.85,0.86,0.85,-1.0,0.86,0.86,0.86,0.86,0.86,0.85,0.86,0.85,0.86,0.86,0.86,0.86,0.86,0.86,0.86,0.86,0.86,0.86,0.86,0.86,0.86,0.84,0.86,-1.14,0.86,0.86,0.86,-1.1,0.86,0.86,0.86,0.86,0.86,0.86,0.86,0.85,0.86,0.86,0.86,0.86,0.86,0.85,0.84,0.86,0.86,0.86,0.86,0.86,0.77,0.86,0.86,0.86,0.86,0.86,-1.02,0.86,0.84,0.86,0.86,-1.14,0.86,0.84,0.85,0.86,0.85,0.84,0.85,0.86,0.86,0.86,0.86,0.86,0.86,0.86,0.85,0.86,0.86,0.86,0.86,0.86,0.86,0.86,0.86,0.86,0.86,0.86,0.86,0.86,0.86,0.86,0.86,0.84,0.85,0.86,0.85,0.86,0.86,0.86,0.86,0.86,0.85,0.86,0.86,0.86,0.8,0.86,-1.06,0.86,0.84,0.86,0.86,0.86,0.86,0.86,0.86,0.86,0.86,0.86,0.86,0.86,0.85,0.86,-1.11,0.84,0.86,0.81,0.86,0.86,0.86,0.86,0.86,0.86,0.86,0.86,0.86,0.76,0.82,0.86,-1.05,0.85,0.84,0.86,0.86,0.86,0.86,0.86,-1.05,0.86,0.86,0.86,0.86,0.85,0.84,0.86,0.86,0.86,0.86,0.86,0.86,0.86,0.86,0.86,-1.01,0.86,0.86,0.85,0.86,0.85,0.81,0.85,0.85,-1.1,0.85,0.86,0.86,0.86,0.86,0.86,0.86,0.86,0.86,0.85,0.86,0.73,0.86,0.86,0.84,0.86,0.85,0.84,0.79,0.86,0.84,-1.07,0.86,0.85,0.86,0.86,0.86,0.85,0.86,0.86,-1.02,0.72,0.86,0.86,0.86,0.86,0.86,0.86,0.86,0.86,0.86,0.86,0.86,0.85,0.86,0.86,0.84,0.86,0.86,0.86,0.86,0.86,0.86,0.85,0.86,0.86,0.85,-1.1,0.86,0.86,0.86,0.86,0.86,0.71,0.86,0.84,0.86,0.86,0.86,0.86,0.72,0.86,0.86,0.86,-1.05,0.85,0.86,0.86,0.86,0.86,0.85,0.85,0.86,0.85,0.86,0.86,0.86,0.86,0.72,0.86,0.86,0.86,0.86,0.86,0.86,0.86,0.86,-1.08,0.86,0.86,0.86,0.86,0.84,0.86,0.86,0.85,0.86,0.86,0.86,0.86,0.86,0.86,0.84,0.86,0.86,0.83,0.83,0.86,0.85,0.84,0.86,0.86,0.86,0.86,0.86,0.86,0.74,0.86,0.86,0.86,0.86,0.86,0.85,0.86,0.85,0.86,0.86,0.85,0.86,-1.1,0.84,0.86,0.86,0.86,0.85,0.79,0.86,0.86,0.86,0.86,0.74,0.86,0.86,-1.02,0.85,0.86,-1.05,0.86,0.86,0.86,0.82,0.86,0.86,0.86,-1.08,0.86,0.86,-1.03,0.85,-1.13,0.86,0.86,0.86,0.86,0.86,-1.04,0.83,0.86,0.86,0.86,0.86,0.84,0.86,0.86,0.84,0.86,0.83,0.79,0.86,0.84,0.86,0.86,0.86,0.75,0.84,0.85,0.86,0.86,-1.11,0.86,0.84,0.86,0.86,0.86,0.85,0.86,0.86,0.86,0.86,0.86,0.86,0.86,0.86,0.86,0.86,0.86,0.85,0.86,0.86,0.86,0.86,0.84,0.86,0.86,0.86,0.86,0.86,0.86,0.86,0.84,0.86,0.86,0.85,0.86,0.86,0.86,0.86,0.86,0.85,0.85,0.86,0.86,0.86,0.86,0.86,0.86,0.85,0.85,0.86,0.86,0.86,0.86,0.85,0.86,0.86,0.86,0.86,0.86,0.85,0.85,0.86,0.85,0.86,0.81,0.84,0.86,0.85,0.86,0.86,0.86,0.84,0.86,0.86,0.84,-1.02,0.86,-1.03,0.86,0.86,0.84,0.86,0.86,0.86,0.86,0.86,0.86,0.86,-1.02,0.85,0.86,0.86,0.86,-1.01,0.83,0.86,0.86,0.86,0.86,0.84,0.85,0.86,-1.12,-1.12,0.86,0.86,0.86,0.86,0.86,0.86,0.86,0.86,0.86,0.86,-1.08,-1.03,0.86,0.86,0.86,0.86,0.86,0.86,0.86,0.86,0.86,0.86,0.86,0.86,0.86,-1.07,0.86,0.85,0.86,0.86,0.86,0.86,0.86,0.86,0.86,0.71,0.84,0.86,0.86,0.86,0.86,0.86,-1.07,0.86,0.82,0.78,0.86,0.86,0.86,0.86,-1.13,0.86,0.86,0.86,0.86,0.86,0.73,0.86,0.86,0.86,0.86,0.85,-1.04,0.86,0.86,-1.09,0.84,0.86,0.86,0.86,0.86,0.86,0.84,-1.05,0.86,0.86,0.86,0.86,0.86,0.86,0.86,0.86,0.86,0.86,0.86,0.86,0.86,0.85,0.86,0.86,0.86,0.86,0.86,0.86,0.86,-1.11,-1.01,0.83,0.86,0.86,0.86,0.85,0.86,0.86,0.73,0.86,0.86,0.86,0.86,0.83,-1.1,0.86,0.86,-1.04,0.7,0.86,-1.1,0.86,0.86,0.86,-1.13,0.83,0.86,0.86,0.85,0.84,-1.02,0.86,0.77,0.86,0.84,0.85,0.86,0.86,0.86,0.84,0.86,0.86,0.86,0.86,0.86,0.86,0.84,0.86,0.74,-1.14,0.86,0.86,0.86,0.86,0.85,0.86,0.86,0.86,0.84,0.86,0.85,0.86,0.86,0.86,0.73,0.86,0.86,0.86,0.86,0.86,0.86,0.86,0.86,0.86,0.86,0.86,0.86,0.86,0.86,0.84,0.86,0.86,0.86,0.86,0.84,0.86,0.86,-1.02,0.85,0.86,0.86,0.86,0.86,0.86,0.86,0.86,0.85,0.86,0.85,0.86,0.86,0.86,0.84,0.86,0.86,0.86,0.86,0.86,0.86,0.86,-1.11,0.72,0.83,-1.07,0.86,0.83,0.85,-1.04,0.82,0.86,0.82,0.86,0.86,0.85,0.85,-1.0,-1.05,0.83,0.85,0.86,0.86,0.86,0.86,0.86,0.86,0.86,0.86,0.86,0.83,0.86,0.86,0.86,0.74,0.86,0.86,0.86,0.86,0.86,0.86,0.86,0.86,0.86,0.86,0.86,0.86,0.86,0.86,0.86,0.86,0.86,0.86,0.86,0.86,0.86,0.86,0.84,0.86,0.86,0.86,0.84,0.86,0.85,0.86,0.86,0.86,0.86,0.86,0.84,0.86,0.84,0.82,0.86,0.86,0.86,0.82,0.85,0.86,0.86,0.86,0.86,0.86,0.84,0.86,0.86,0.86,-1.12,0.73,0.85,0.86,0.86,0.79,0.86,0.86,0.86,0.86,0.86,0.86,0.82,0.84,0.86,0.86,0.86,0.86,0.86,0.86,0.86,0.86,0.86,0.86,0.86,-1.02,0.85,0.82,0.86,0.86,0.85,0.86,0.86,0.86,0.86,0.86,0.85,0.86,0.86,0.86,0.86,0.86,-1.13,0.86,0.86,0.86,0.86,0.86,0.86,0.83,0.86,0.86,0.86,0.86,0.86,0.86,0.83,0.83,0.84,0.86,0.86,0.86,0.86,0.86,0.86,0.86,0.84,0.86,0.86,0.86,0.86,-1.09,0.86,0.85,0.85,0.84,0.86,0.86,0.85,0.82,0.84,0.86,-1.02,0.85,0.84,0.86,0.86,0.84,0.86,0.86,0.86,0.86,0.86,0.85,0.86,0.86,0.86,0.86,0.86,0.85,0.86,0.86,-1.08,0.86,0.79,0.86,-1.03,0.85,0.86,0.86,0.86,0.86,0.86,-1.1,0.83,0.83,0.86,0.85,0.86,0.86,0.86,0.86,0.86,0.86,0.84,0.85,0.86,0.86,0.86,0.86,0.86,0.86,0.86,0.78,0.86,0.82,0.85,0.86,0.86,0.85,0.86,0.86,-1.15,0.86,0.86,0.86,0.86,0.85,-1.12,0.86,0.85,0.86,0.86,0.86,0.86,0.86,0.81,0.86,0.82,0.85,0.77,0.84,0.86,0.85,0.86,0.86,0.86,0.86,0.86,0.86,0.85,0.86,0.86,0.85,0.84,0.86,0.86,0.86,0.72,0.86,0.85,0.85,0.86,0.86,0.86,0.86,0.86,0.85,0.86,0.86,0.85,0.86,0.86,0.85,0.86,0.86,0.86,-1.0,0.86,0.86,0.86,0.86,0.75,0.86,0.84,0.86,0.85,0.86,0.86,0.85,0.84,0.86,0.86,-1.04,0.86,0.86,0.79,0.86,0.86,0.81,0.86,0.84,0.85,0.84,0.84,0.85,0.86,0.86,0.86,0.85,0.86,0.86,0.86,0.86,0.86,0.86,-1.05,0.86,0.86,-1.11,-1.0,0.86,0.73,0.86,0.86,0.86,0.84,0.86,0.85,0.86,0.86,0.71,0.83,0.86,0.86,0.86,-1.11,0.86,0.83,0.86,0.83,0.84,0.86,0.86,0.86,0.85,0.84,0.86,0.86,0.86,-1.03,0.8,0.86,0.86,0.86,0.86,0.86,0.86,0.86,0.86,0.86,0.86,0.86,0.86,0.78,0.73,0.84,0.86,0.86,0.72,0.86,0.86,0.86,0.77,0.86,0.85,0.86,0.86,0.85,0.86,0.86,-1.03,0.86,0.69,0.86,0.86,0.86,0.86,0.86,0.86,0.83,0.86,0.86,0.83,0.86,0.86,0.86,0.84,0.86,-1.12,0.86,0.86,0.86,0.86,0.86,0.86,-1.02,0.86,0.86,0.86,0.85,0.86,0.86,0.86,0.86,0.86,0.81,0.86,0.86,0.84,0.86,0.85,0.86,0.86,0.85,0.72,0.86,0.86,0.86,0.86,0.84,0.86,0.86,-1.09,0.84,-1.0,-1.05,0.86,0.86,0.86,0.86,0.66,0.86,0.86,0.86,0.86,0.86,0.86,0.86,0.85,0.86,0.86,0.86,0.86,0.86,0.86,0.86,0.86,0.86,0.86,0.86,0.86,0.86,0.86,0.86,0.84,0.84,0.86,0.86,0.86,0.85,0.85,0.85,0.86,0.86,0.86,0.86,0.86,0.86,0.86,0.86,0.86,-1.09,0.86,0.86,0.86,0.86,0.86,0.86,0.86,0.86,0.86,0.86,0.86,0.86,-1.13,0.86,0.86,0.86,0.86,-1.13,0.85,0.86,0.86,0.86,0.86,-1.04,0.84,0.86,0.86,0.86,0.86,0.71,0.86,0.86,0.86,0.86,0.86,0.86,0.86,0.86,0.85,0.85,0.85,0.85,0.86,-1.05,0.86,0.84,0.86,-1.07,0.86,0.86,0.86,0.86,0.86,0.86,0.86,0.84,0.86,0.86,0.86,0.86,0.86,0.86,0.86,0.86,0.86,0.86,0.86,0.86,0.86,0.85,-1.12,0.85,0.86,0.86,0.86,0.86,-1.11,0.86,0.86,0.86,0.71,0.86,0.86,0.86,0.86,0.86,0.83,0.85,0.86,0.86,0.86,0.85,0.86,0.86,-1.0,0.86,0.86,0.86,0.86,0.86,0.86,0.86,0.86,0.85,0.86,0.86,0.84,0.86,0.84,0.86,0.86,0.86,0.86,0.86,0.84,0.85,0.86,0.86,-1.0,0.86,0.86,0.86,0.86,0.86,0.86,0.86,0.86,0.86,0.86,-1.06,0.85,0.86,0.86,0.86,0.74,0.86,0.86,0.86,0.86,0.86,0.86,0.86,0.86,0.86,0.86,0.86,0.86,-1.08,0.84,0.86,0.84,0.86,0.86,0.85,-1.06,0.82,0.86,0.86,0.86,0.86,0.86,0.86,-1.13,0.86,0.86,0.86,0.86,0.86,0.86,0.86,0.86,0.86,0.86,0.86,0.86,0.86,0.86,0.86,0.86,0.86,0.86,0.85,0.86,0.86,0.84,0.86,0.86,0.86,0.85,0.84,-1.05,0.86,0.86,0.86,0.86,0.84,0.86,0.86,0.86,0.86,0.86,0.86,0.86,0.86,0.86,0.84,0.86,0.84,0.86,-1.04,0.85,0.86,0.83,0.84,0.86,0.86,-1.05,0.85,0.86,0.86,0.86,0.86,0.86,0.86,0.86,0.82,0.86,0.86,0.86,0.86,0.84,0.86,0.86,0.86,0.86,0.86,0.86,0.86,0.86,0.86,0.86,0.86,0.86,0.86,0.86,0.86,0.84,0.86,0.86,0.86,0.86,0.86,0.85,0.83,0.86,0.86,0.84,0.86,0.86,0.86,0.86,0.86,0.86,0.86,0.86,0.86,0.86,0.86,0.86,0.86,0.86,0.85,0.86,0.86,0.86,0.86,0.86,0.86,0.86,0.86,0.86,0.86,0.86,0.86,0.85,0.86,0.86,0.85,0.86,0.86,0.86,0.86,0.83,0.86,0.86,0.86,0.74,0.86,0.86,0.86,0.86,0.86,0.86,0.86,0.86,0.86,0.86,0.86,0.86,0.85,0.86,0.86,0.84,0.86,0.86,0.86,0.86,0.86,0.86,0.86,0.86,0.86,0.84,0.86,0.86,0.86,0.85,0.86,-1.04,-1.07,0.86,0.86,0.86,0.86,0.84,0.73,0.86,0.86,0.86,0.73,-1.0,0.86,0.86,0.86,0.86,0.86,0.86,0.86,0.86,-1.02,-1.02,0.84,0.81,0.86,0.86,0.84,0.86,0.86,0.82,0.82,0.86,0.69,0.86,0.86,0.86,0.84,0.86,0.86,-1.05,-1.06,-1.03,0.86,0.79,0.85,0.85,0.85,0.85,0.86,0.86,-1.03,-1.08,0.81,0.86,-1.12,-1.04,0.86,0.86,0.85,0.85,0.86,0.85,0.85,0.86,0.8,-1.0,0.84,0.85,0.86,0.86,0.86,0.86,0.86,0.86,0.86,0.86,0.7,-1.08,0.86,0.84,0.84,0.76,0.86,0.86,0.86,0.85,-1.11,0.86,0.86,0.86,0.86,-1.09,0.8,0.86,0.86,0.86,0.86,0.84,0.85,0.86,0.86,0.86,0.85,0.86,0.86,0.85,0.75,0.86,0.86,0.86,0.86,0.86,0.79,0.84,0.86,0.86,0.86,0.86,0.83,0.86,0.86,0.86,0.84,0.86,0.86,0.86,0.86,0.86,-1.1,0.86,0.86,0.86,0.85,0.86,-1.02,-1.02,0.86,0.85,0.85,0.86,0.86,-1.09,0.86,0.86,0.86,0.86,0.86,0.86,0.86,0.86,0.86,0.86,0.86,-1.1,0.86,0.86,0.72,0.85,-1.12,0.86,0.85,0.86,0.85,0.83,0.85,0.84,0.86,-1.09,0.86,0.85,-1.15,0.85,0.69,0.86,0.86,0.86,0.77,0.86,0.86,0.84,0.86,0.85,0.85,0.85,0.86,0.85,0.86,0.86,0.86,0.86,0.86,0.86,0.86,0.86,0.86,0.86,0.86,0.84,0.86,0.85,0.86,0.86,0.86,0.86,0.86,0.86,0.86,0.86,0.86,0.86,0.86,0.86,0.86,0.86,0.86,-1.03,-1.13,0.83,0.86,0.86,0.85,0.86,0.76,0.86,0.83,0.85,0.86,0.85,0.78,-1.01,-1.1,-1.13,0.85,0.86,0.86,0.86,0.84,0.83,0.86,0.86,0.86,0.83,0.86,0.86,0.86,0.85,0.84,0.86,0.86,0.86,0.86,0.86,-1.07,-1.09,0.86,0.73,0.85,0.85,0.84,0.86,0.85,0.86,0.86,0.86,-1.03,0.85,0.77,0.86,0.86,0.86,0.85,0.86,0.86,0.86,0.84,0.78,0.86,0.86,0.85,0.86,0.86,0.86,0.86,0.86,0.86,0.86,0.86,0.85,0.86,0.85,0.85,0.86,-1.1,0.86,0.86,0.86,0.86,0.84,0.86,0.86,0.84,0.86,0.86,0.86,0.86,0.86,0.86,0.86,0.86,0.86,0.86,0.86,0.85,0.86,0.86,0.86,0.86,-1.02,0.86,0.85,0.86,0.86,0.86,0.86,0.86,0.86,0.86,0.85,0.75,0.86,0.86,0.86,-1.13,0.84,0.86,0.86,0.86,0.86,0.86,0.84,0.86,0.86,0.86,0.78,0.85,0.86,0.86,0.86,0.86,0.86,0.86,0.86,-1.12,0.86,0.85,0.86,0.86,0.86,0.8,0.86,0.86,0.86,0.84,0.85,0.86,0.85,-1.01,0.86,0.86,-1.05,0.86,0.86,0.86,0.86,0.86,0.85,0.85,0.86,0.86,0.86,0.85,0.86,0.86,0.86,0.86,0.86,0.86,0.86,0.86,0.86,0.86,0.86,0.86,0.86,-1.04,0.84,0.86,0.86,0.86,0.86,0.86,0.86,0.86,0.86,0.86,0.86,0.86,0.86,0.85,0.86,0.86,0.86,0.84,0.86,0.81,0.86,0.86,0.86,0.86,0.86,0.86,0.86,0.85,0.79,0.86,-1.03,0.85,0.86,0.86,0.86,0.86,0.86,0.86,0.86,0.85,0.86,0.86,0.86,0.86,-1.09,0.85,0.86,0.85,-1.03,0.86,0.86,0.86,0.86,0.86,0.86,0.86,0.86,0.86,0.86,0.85,0.86,0.86,0.86,0.86,0.86,0.86,0.86,0.71,0.76,0.86,0.85,0.86,0.86,0.86,-1.14,-1.03,0.86,0.85,0.86,-1.09,0.86,0.86,0.85,0.85,-1.12,0.86,0.85,0.86,0.86,0.86,0.86,0.86,0.86,0.86,-1.02,0.86,0.86,0.86,0.86,0.86,0.84,0.86,0.86,0.86,0.85,0.86,0.86,0.86,-1.06,0.85,-1.07,0.86,0.85,0.85,0.86,-1.08,0.86,0.86,0.86,-1.0,0.86,0.77,0.86,0.84,0.86,-1.03,0.83,0.84,0.86,0.86,0.86,0.86,-1.02,0.86,-1.02,-1.03,0.85,0.85,0.86,0.85,0.85,0.84,0.85,0.86,0.86,0.86,0.81,0.86,0.86,-1.13,0.86,0.86,-1.06,-1.11,0.86,0.84,0.86,0.86,0.86,0.85,0.86,0.86,0.86,0.86,0.86,0.85,0.86,0.86,0.85,0.86,0.82,0.74,0.86,0.86,0.86,0.84,-1.13,0.86,0.86,0.86,0.86,0.85,0.84,0.86,0.86,-1.14,0.82,-1.09,0.84,0.82,0.86,0.85,0.86,0.86,0.72,0.86,0.86,0.86,0.86,0.85,0.86,0.85,0.86,0.86,0.85,0.86,0.83,0.86,0.86,0.85,0.86,0.86,0.85,0.86,0.86,0.86,0.86,0.86,0.86,0.86,0.86,0.86,-1.02,0.86,0.7,0.86,0.86,0.86,0.84,0.86,0.8,0.69,-1.12,0.86,0.86,0.86,0.86,0.86,0.86,0.86,0.86,-1.01,0.85,0.86,0.86,0.86,-1.09,0.86,0.85,0.83,0.86,0.86,-1.09,0.83,0.85,0.85,0.85,0.86,0.86,0.86,0.86,0.86,0.86,0.86,0.82,0.86,0.86,0.86,0.86,0.85,0.86,-1.02,0.71,0.85,0.85,0.86,0.86,0.74,0.86,0.86,0.86,0.86,0.86,0.86,0.86,0.85,-1.11,0.85,0.85,0.86,0.86,0.86,0.86,0.75,-1.08,0.86,0.86,-1.12,0.86,0.82,0.86,0.86,0.86,0.86,0.86,0.86,0.86,0.86,0.86,0.86,-1.04,0.85,0.83,0.86,0.86,0.86,0.86,-1.0,0.86,0.86,0.71,0.86,0.86,0.85,0.86,0.86,0.86,0.85,0.86,0.86,0.86,0.86,0.86,0.86,0.86,0.84,0.86,0.86,0.86,0.86,0.86,-1.09,0.86,0.86,0.86,0.86,0.85,0.85,0.84,0.74,0.86,0.86,0.86,0.84,0.86,0.82,0.86,0.86,0.86,0.86,0.86,0.86,0.86,0.77,0.86,0.86,0.86,0.86,-1.02,0.86,0.86,0.85,0.85,-1.07,0.7,0.86,0.86,0.85,0.86,0.86,0.85,0.86,0.86,0.85,0.86,0.86,0.86,0.72,0.83,0.86,0.86,0.86,0.86,-1.04,0.86,0.86,0.86,0.86,0.76,0.86,0.86,0.86,-1.03,0.86,0.86,0.86,0.86,0.86,0.85,0.86,0.86,0.84,0.86,-1.08,0.86,0.86,0.86,0.84,0.86,0.86,0.86,0.86,0.86,-1.05,0.86,0.86,0.86,0.86,0.86,0.86,0.86,0.86,0.86,-1.14,-1.02,-1.08,0.86,-1.02,0.83,0.85,-1.12,0.86,0.86,0.85,0.84,0.86,0.83,0.86,0.86,0.86,0.86,0.86,0.78,0.86,0.86,0.86,0.84,0.86,0.86,0.86,0.85,0.86,0.86,0.86,0.85,0.86,0.86,0.85,0.86,0.84,0.86,0.86,0.86,0.75,0.86,-1.1,0.86,0.83,0.83,0.86,0.86,0.86,0.84,0.86,0.84,0.82,0.86,0.86,0.85,0.78,0.86,0.86,0.86,0.86,0.86,0.86,0.86,0.86,0.86,0.84,0.86,0.86,0.86,0.85,0.85,0.86,0.86,-1.12,0.86,0.85,0.85,0.86,0.86,0.86,0.86,0.86,0.86,0.86,0.86,0.86,0.86,0.85,0.86,0.85,0.86,0.85,0.86,0.84,0.85,0.86,0.85,0.86,0.86,0.86,0.86,0.8,0.86,0.83,0.86,0.86,0.86,0.86,0.86,0.86,0.74,0.86,0.86,0.86,0.86,0.86,0.86,-1.05,-1.16,0.83,0.86,0.86,0.86,0.84,0.86,0.86,0.85,0.86,0.86,0.86,0.86,0.86,0.85,0.86,0.86,0.86,0.86,0.86,0.86,0.86,0.86,0.86,0.68,0.84,0.86,0.84,-1.05,-1.13,0.86,0.85,0.85,0.85,0.84,0.84,0.86,0.85,0.86,0.85,0.85,0.86,0.86,0.86,0.86,0.86,0.86,0.85,0.86,0.86,0.86,0.86,0.86,0.86,0.86,0.84,0.86,0.84,0.86,0.86,0.86,0.85,0.86,0.85,0.86,0.84,0.86,0.86,0.86,0.86,0.85,0.86,0.82,0.86,0.85,0.86,0.86,0.84,0.86,0.84,0.86,0.86,0.86,0.84,0.86,0.86,0.86,0.86,0.84,0.78,0.86,0.86,-1.02,0.86,0.86,0.86,0.86,0.86,0.86,0.86,0.86,-1.15,-1.02,0.84,0.85,-1.08,0.85,0.82,0.86,0.86,0.86,0.86,0.86,0.86,0.86,0.86,0.86,0.86,0.86,0.86,0.86,0.84,0.86,0.86,0.86,0.86,0.84,0.84,0.86,0.86,0.86,0.86,0.86,0.86,-1.14,0.8,0.86,0.86,0.86,0.86,0.86,0.86,0.86,0.86,0.72,0.86,0.84,0.83,0.86,0.86,0.86,0.86,0.83,0.86,0.86,0.86,0.86,0.86,0.86,0.84,0.86,0.86,0.86,0.86,0.86,0.86,0.86,0.85,0.86,0.86,0.86,-1.14,0.84,0.86,-1.13,0.86,0.86,0.86,0.86,0.86,0.85,0.85,0.86,0.86,0.86,0.86,0.86,0.79,0.8,0.86,0.86,0.85,0.86,0.8,0.72,0.86,0.86,0.86,0.86,0.86,0.84,0.85,0.86,0.86,0.84,0.85,0.86,-1.12,0.84,0.86,0.85,0.86,0.84,0.86,0.82,0.84,0.86,0.86,0.86,0.86,0.86,0.86,0.86,0.86,0.86,0.86,0.86,0.86,0.86,0.85,0.86,0.85,0.84,0.86,0.86,0.84,0.85,0.86,0.75,0.86,0.86,0.86,0.86,-1.31,0.86,0.86,0.83,0.86,0.86,0.86,0.86,0.86,0.86,0.84
0.7,0.84,-1.02,0.83,-1.25,0.82,-1.02,0.78,-1.01,0.83,-1.11,-1.03,0.82,0.82,0.67,-1.02,0.81,-1.04,0.84,-1.04,-1.12,-1.25,-1.19,0.77,0.75,-1.13,0.83,-1.17,0.81,0.8,0.86,0.83,0.82,0.86,0.86,0.84,0.84,0.79,-1.12,0.86,0.79,0.85,0.85,0.77,0.74,-1.02,0.86,0.82,0.81,0.84,0.83,0.86,0.76,0.85,0.86,-1.0,0.86,0.86,0.81,0.86,0.86,0.86,0.86,0.86,0.86,0.86,0.86,0.86,0.86,0.86,-1.11,0.86,0.86,0.85,0.63,0.85,0.86,0.86,0.86,0.86,0.86,0.86,-1.1,0.86,0.86,-1.1,0.86,0.86,0.86,0.86,0.86,0.86,0.85,0.86,0.86,-1.09,0.86,0.86,0.86,-1.03,-1.04,0.86,0.86,0.83,0.86,0.86,0.86,0.86,0.85,0.86,0.85,0.86,0.86,-1.13,0.86,0.86,0.84,-1.14,0.82,0.86,0.75,0.83,-1.14,0.86,0.86,0.86,0.86,0.86,0.86,0.86,0.86,0.86,0.86,0.86,0.86,0.86,0.83,0.86,0.86,0.84,0.85,0.86,0.86,0.86,0.86,0.85,-1.0,0.8,0.86,0.86,0.86,0.86,0.86,0.85,-1.03,0.86,0.86,0.86,0.85,0.79,0.86,0.86,0.86,0.86,0.86,0.86,0.86,-1.06,0.86,0.86,0.86,0.86,-1.03,0.84,0.86,0.85,0.86,0.86,0.86,0.86,0.83,0.86,0.86,0.85,0.85,0.86,0.86,-1.1,0.86,0.86,0.86,0.86,0.86,0.86,0.86,-1.06,0.86,0.86,0.84,0.86,0.86,0.85,0.86,0.86,0.84,0.84,0.86,0.86,0.86,0.84,0.86,0.86,0.86,0.86,0.86,0.86,0.86,0.84,0.86,0.85,0.85,0.86,0.86,0.86,0.84,0.86,0.75,0.86,-1.01,0.86,0.86,0.86,0.84,0.86,0.86,0.86,0.86,0.85,0.86,0.86,-1.12,-1.1,0.86,0.86,-1.13,0.86,0.86,0.86,0.86,-1.04,0.86,0.86,0.86,0.86,0.86,0.86,0.86,0.86,0.86,0.86,0.86,0.86,0.86,0.86,-1.14,0.86,0.86,0.85,0.86,0.86,0.85,0.86,0.86,0.86,0.84,-1.02,0.86,0.86,0.86,0.86,0.86,0.86,0.86,0.86,0.86,0.86,0.86,0.86,0.86,0.86,0.86,0.86,0.86,0.85,0.86,0.86,0.86,0.86,0.78,0.86,0.86,0.86,0.86,-1.05,0.85,0.86,0.86,0.86,0.74,0.86,0.86,0.86,0.86,0.86,0.86,0.86,0.86,0.86,0.86,0.86,0.84,-1.16,0.86,0.84,0.86,0.86,0.86,0.86,-1.03,-1.0,0.86,0.73,0.86,0.86,0.86,0.86,0.86,0.86,0.86,0.86,0.83,0.86,0.86,-1.12,0.86,0.85,0.86,0.86,0.86,0.86,0.86,0.85,0.86,0.72,0.86,0.85,0.75,0.86,0.86,0.86,0.85,-1.1,0.86,0.85,0.85,0.86,0.71,0.85,0.86,0.86,0.84,0.86,0.86,0.86,0.86,0.86,0.86,0.86,0.86,0.86,0.86,0.83,0.86,0.86,0.86,-1.13,0.86,0.86,0.86,0.86,0.86,0.86,0.85,0.86,0.86,-1.03,0.86,-1.02,0.85,0.84,0.86,0.86,0.8,0.86,0.86,0.86,0.86,0.86,0.86,0.86,0.86,0.84,0.86,-1.04,0.86,0.84,-1.01,0.86,0.86,0.86,0.86,0.86,0.86,-1.13,0.83,0.86,0.85,0.73,0.86,0.86,0.86,0.84,0.86,0.84,0.86,0.86,0.83,0.86,0.86,0.84,0.86,0.86,0.86,0.86,0.73,0.86,0.86,0.86,0.86,0.86,-1.1,0.86,0.86,0.86,0.86,0.84,0.86,-1.15,0.86,-1.12,0.86,0.86,0.86,0.86,0.86,0.86,0.86,0.86,0.85,0.86,0.86,0.86,0.85,0.85,0.86,0.84,0.86,0.86,0.86,0.86,0.86,0.86,0.86,0.86,0.86,0.86,0.86,0.86,0.85,0.86,-1.13,0.85,0.85,0.84,0.84,0.86,0.86,0.86,0.86,0.83,0.86,0.86,0.86,0.86,0.86,0.86,0.84,0.86,0.86,0.86,-1.02,-1.02,0.86,0.72,-1.14,0.86,0.86,0.85,0.86,-1.08,0.86,0.86,0.86,0.86,-1.0,0.85,0.69,0.86,0.86,0.86,0.86,0.85,0.86,0.86,0.86,0.86,0.86,0.86,0.86,0.86,0.86,0.86,0.85,0.86,0.86,0.86,0.86,0.86,0.84,-1.04,-1.12,0.86,0.84,0.86,0.86,0.86,-1.11,0.85,0.86,0.85,0.86,0.85,0.8,0.86,0.84,-1.13,-1.08,0.86,0.86,0.86,-1.02,0.84,0.86,0.84,0.85,0.84,0.86,0.86,0.86,0.85,-1.07,0.86,0.86,0.86,0.86,0.84,0.86,0.86,0.86,0.86,0.86,0.86,0.81,0.84,0.86,0.86,0.85,0.85,0.86,0.86,0.86,0.86,0.86,0.86,0.84,0.86,0.86,0.73,0.85,0.86,0.86,0.86,0.86,0.85,0.86,0.86,-1.05,0.86,0.86,0.8,-1.13,0.84,-1.06,0.86,0.86,0.86,0.86,0.86,-1.1,0.86,0.86,0.86,0.86,0.84,0.86,0.86,0.86,0.86,-1.14,0.85,0.81,0.86,0.86,0.86,0.86,0.86,0.86,-1.12,0.84,0.85,0.86,0.86,0.86,0.85,0.86,0.86,-1.14,0.86,0.85,0.72,0.86,0.83,0.86,0.85,0.85,0.86,0.86,0.86,0.86,0.86,0.86,0.86,0.86,0.86,0.85,0.86,0.86,0.86,0.86,0.86,0.86,0.86,0.86,0.86,0.85,0.86,0.86,0.82,0.86,0.86,0.85,0.86,0.86,0.82,0.86,0.86,0.86,0.86,0.86,0.86,0.86,0.86,0.85,0.86,0.86,0.86,0.84,0.86,0.74,0.84,0.86,0.75,0.86,-1.04,0.85,0.86,0.86,0.86,0.86,0.86,0.86,0.86,0.86,0.75,0.86,0.86,0.86,0.86,0.86,0.86,0.86,0.86,-1.09,0.86,0.86,0.86,0.86,0.78,-1.07,0.83,0.86,0.86,0.85,0.84,0.81,0.86,0.86,0.86,0.86,0.86,0.86,0.86,0.86,0.84,0.83,0.86,0.86,0.86,0.86,0.85,0.84,0.86,0.86,0.86,0.82,0.86,0.86,0.86,0.85,0.86,0.86,0.86,0.86,0.86,0.86,0.86,0.86,0.86,0.68,0.86,0.86,0.86,0.86,0.85,0.86,0.85,0.86,-1.02,0.86,0.86,0.84,0.86,-1.03,0.86,0.86,0.85,0.84,0.84,0.86,0.86,0.73,0.86,0.86,-1.01,0.85,0.86,0.86,0.83,-1.04,0.84,0.86,0.86,0.86,0.86,0.86,0.84,0.86,0.85,0.86,0.86,0.84,0.86,-1.13,0.74,0.86,-1.2,0.86,0.8,-1.13,0.82,0.86,0.86,0.86,0.84,0.84,0.86,0.86,0.86,-1.06,0.86,-1.14,0.86,0.86,0.86,0.86,0.85,0.86,0.86,0.86,0.8,-1.04,0.86,0.84,0.86,0.86,0.86,0.84,0.86,0.86,0.86,0.86,0.86,0.85,0.86,0.85,0.85,0.86,0.86,0.86,0.83,0.86,0.86,0.86,0.86,0.86,0.86,0.86,0.86,0.86,0.86,0.86,0.86,0.86,0.86,0.86,0.84,0.86,0.86,0.86,0.86,0.72,0.86,0.86,0.86,0.78,0.86,0.86,0.86,0.82,0.86,0.86,0.86,-1.04,0.84,0.86,0.86,0.86,0.72,0.86,0.86,0.86,0.86,-1.02,0.86,0.86,-1.12,0.86,0.86,0.86,0.86,0.86,0.85,0.84,0.86,0.86,0.86,0.86,0.86,0.86,0.86,0.86,0.84,0.86,0.86,0.86,0.86,-1.04,0.86,0.86,0.86,0.84,0.86,0.86,0.86,0.86,0.86,0.86,0.86,0.86,0.86,-1.03,0.86,0.86,0.76,0.86,0.86,0.86,0.84,0.86,0.86,0.86,0.86,0.86,-1.07,-1.24,0.83,0.86,0.86,0.86,0.86,0.86,0.86,0.86,0.86,0.83,0.86,0.86,0.86,0.86,0.86,0.86,0.84,0.86,-1.06,0.75,0.86,0.85,-1.03,0.84,-1.08,0.86,0.85,0.86,0.77,0.86,0.86,0.86,0.84,0.86,0.78,0.86,0.86,0.86,0.86,-1.13,0.86,0.86,-1.05,0.85,0.86,0.84,0.86,0.86,0.86,0.86,0.86,0.86,0.86,0.83,0.86,0.74,0.85,0.84,0.86,0.86,0.86,0.86,0.86,-1.08,0.85,0.86,0.86,0.86,-1.08,0.86,0.84,0.85,0.86,0.86,0.86,0.86,0.86,0.85,0.86,0.86,0.86,0.86,0.86,0.86,0.76,-1.03,0.86,0.86,0.86,0.86,0.86,0.86,0.86,0.76,0.86,0.86,0.86,0.86,0.86,0.86,0.86,0.86,0.86,0.85,0.86,0.86,0.86,0.86,0.84,0.86,0.86,0.86,0.86,0.86,0.86,0.86,0.86,0.86,0.84,0.86,0.83,0.85,0.85,0.85,0.86,0.86,0.86,0.85,0.86,-1.09,0.84,0.71,0.86,0.86,0.86,0.86,0.86,0.84,0.86,-1.08,0.86,0.86,0.86,0.86,0.86,0.86,0.84,0.86,0.86,-1.12,0.85,0.85,0.86,-1.04,-1.07,0.86,0.84,0.86,0.86,-1.05,0.86,0.86,0.86,-1.13,0.86,-1.11,0.85,-1.05,0.86,0.86,0.86,0.86,0.86,0.86,0.86,0.86,0.86,0.86,0.86,0.86,0.86,0.85,0.84,0.86,0.86,0.86,0.86,0.84,0.86,0.86,0.86,0.86,0.86,0.86,0.85,0.86,0.86,-1.13,0.84,0.84,0.86,0.86,0.85,0.86,0.86,0.84,0.86,-1.02,0.86,0.86,0.85,0.85,0.85,0.86,0.86,0.86,-1.01,0.85,0.86,0.86,0.86,0.86,0.85,0.77,0.86,-1.06,0.86,0.86,0.86,0.86,0.86,0.86,0.86,0.86,0.86,0.85,0.86,0.86,0.86,0.85,0.86,-1.0,0.86,0.86,0.84,0.86,0.86,0.85,0.86,0.86,0.76,0.82,0.84,0.84,0.86,0.86,-1.12,0.86,0.86,0.77,0.86,0.86,0.85,-1.04,0.86,0.86,0.86,0.86,0.86,0.86,0.86,0.85,0.86,0.86,0.86,0.86,0.86,0.86,0.86,0.86,0.86,0.86,0.86,0.85,0.85,0.84,0.82,0.86,0.86,0.86,0.86,0.86,0.85,0.86,0.86,0.86,0.85,0.86,0.86,0.86,0.86,0.83,0.86,0.84,0.75,0.86,0.86,0.74,0.85,0.86,0.86,0.84,0.86,0.86,0.86,0.86,0.86,0.86,0.84,0.86,-1.11,0.84,-1.08,0.85,0.86,0.85,0.86,0.86,0.86,0.73,0.85,0.86,0.86,0.86,0.86,0.86,0.86,0.86,0.86,0.86,0.86,0.86,0.86,-1.13,0.85,0.86,0.86,0.86,0.86,0.86,0.86,0.86,0.86,0.86,0.86,0.86,0.86,0.86,0.84,0.86,0.86,0.86,0.86,0.86,0.86,0.86,0.86,0.86,0.86,0.86,0.86,0.72,0.86,0.86,0.86,0.86,0.86,0.85,0.86,0.86,0.86,0.86,0.86,0.86,0.79,0.85,0.86,0.86,0.86,0.86,0.86,0.86,0.86,0.86,0.86,-1.02,0.86,0.84,0.86,0.86,0.86,0.86,0.86,0.86,0.86,0.85,0.86,0.86,0.86,0.86,0.86,0.83,0.86,0.86,0.86,0.86,0.86,0.83,0.86,0.86,0.86,0.86,0.86,0.86,0.86,0.86,0.86,0.85,0.8,0.85,0.86,0.86,0.86,0.86,0.82,0.86,0.84,0.86,0.86,-1.03,0.85,-1.0,0.86,0.86,0.86,0.86,-1.05,0.86,0.86,0.86,0.83,0.86,0.85,0.86,0.86,0.85,0.86,0.84,0.86,0.86,0.86,0.86,0.86,0.84,0.86,0.86,-1.1,0.86,0.86,0.86,-1.14,0.85,0.85,0.83,0.86,0.86,0.84,0.81,0.85,0.84,0.85,0.86,0.86,0.86,0.86,-1.02,0.85,-1.09,0.86,0.85,0.86,0.86,0.86,0.86,0.85,0.86,0.86,0.72,0.86,0.84,0.86,0.86,0.86,0.86,0.86,0.86,0.86,0.85,0.86,0.86,0.86,0.86,0.85,0.86,0.86,0.86,0.86,0.86,0.86,0.86,0.85,0.85,0.86,0.86,0.84,0.86,0.86,0.85,0.86,-1.13,0.85,0.86,0.86,0.86,0.86,0.85,0.86,0.86,0.86,0.84,0.86,0.86,0.86,0.86,0.84,0.86,0.86,0.86,0.86,0.86,-1.12,0.85,0.86,-1.1,0.86,0.86,0.86,0.86,0.85,0.85,0.86,0.85,0.72,0.86,0.86,0.85,0.86,0.86,0.86,0.86,0.86,-1.15,0.86,0.86,0.86,0.86,0.85,0.86,0.86,0.85,0.86,0.86,0.86,0.86,0.86,0.86,0.72,0.86,-1.01,0.86,0.86,0.86,0.86,0.86,0.86,0.86,-1.13,0.86,0.86,0.86,0.86,0.86,0.86,0.86,0.86,0.86,0.86,0.86,0.86,0.86,0.86,-1.11,0.86,-1.06,0.86,0.85,-1.02,0.85,0.86,0.86,0.86,0.86,0.83,0.86,0.86,0.85,0.86,0.83,0.86,0.86,0.82,0.86,0.86,0.85,0.84,0.84,0.86,0.86,0.86,0.85,0.86,0.82,0.85,0.86,0.86,0.86,0.86,0.85,0.86,0.86,0.86,0.86,0.85,0.86,0.86,0.86,0.86,0.86,0.86,0.86,0.85,0.86,0.86,0.86,0.86,0.86,0.86,0.86,0.85,0.86,0.86,0.86,0.85,0.86,0.86,0.82,0.86,0.86,0.82,0.85,0.81,0.86,0.86,0.86,0.86,-1.05,0.85,0.85,-1.1,0.86,0.84,0.84,0.86,0.86,0.85,0.86,0.85,0.85,0.86,0.86,0.86,0.83,0.86,0.86,0.86,0.7,0.86,0.79,0.86,-1.01,0.86,0.85,0.84,0.86,0.86,0.86,0.86,0.86,0.86,0.86,0.86,0.86,0.85,0.86,0.86,0.86,0.86,0.85,0.86,0.86,0.86,0.86,0.86,0.85,0.85,0.84,0.86,-1.02,0.84,0.86,0.86,-1.02,0.86,0.86,0.86,0.86,0.86,0.86,0.86,0.86,0.85,0.86,-1.13,0.86,0.86,0.85,0.86,0.86,0.86,0.86,0.86,0.86,0.86,0.85,0.86,0.86,0.86,0.72,0.86,0.77,0.86,-1.12,0.86,0.83,0.85,0.86,0.86,0.86,-1.13,0.84,0.85,-1.02,0.86,0.86,0.86,0.86,0.86,0.84,0.86,0.85,0.86,0.86,0.85,0.86,0.84,0.86,0.85,0.86,-1.11,0.83,0.86,0.85,0.86,0.82,0.86,0.7,0.69,0.86,0.84,0.86,0.86,0.86,0.86,0.85,0.85,0.86,0.86,0.85,0.86,0.84,0.82,0.86,0.86,0.86,0.86,0.85,-1.01,0.86,0.85,-1.11,0.86,0.86,0.85,0.86,0.86,0.86,-1.13,0.84,0.86,0.76,0.86,0.86,0.85,0.85,0.86,0.86,0.86,-1.11,0.86,0.86,-1.02,-1.13,0.85,0.86,0.86,0.86,0.86,0.86,0.86,-1.21,-1.14,0.84,0.86,0.86,-1.15,0.84,0.86,0.86,-1.03,0.85,0.86,0.86,0.85,0.85,0.86,0.86,0.86,0.86,0.86,0.86,0.79,0.85,0.86,0.86,0.85,-1.02,0.85,0.86,0.84,0.71,0.85,0.86,0.84,0.86,0.86,0.86,0.86,0.86,0.86,0.86,0.85,0.86,0.86,0.86,0.86,0.86,-1.1,0.86,0.85,-1.08,0.86,0.85,0.86,0.84,0.85,0.86,0.69,0.86,0.86,0.84,0.86,0.86,-1.06,0.84,0.86,0.85,0.86,0.86,0.84,0.84,0.86,0.85,0.84,0.86,0.84,0.86,0.86,0.86,-1.1,0.86,0.84,0.86,0.86,0.84,0.86,0.74,0.84,0.86,0.86,0.86,0.85,-1.06,0.85,0.86,0.86,0.86,0.86,0.83,0.86,0.86,0.85,0.84,0.84,0.85,0.86,0.86,0.85,0.86,0.86,0.86,0.86,0.86,0.86,0.86,0.86,0.76,0.86,0.86,0.85,0.86,0.85,0.86,0.86,0.86,0.83,0.86,0.86,0.86,0.86,0.85,0.86,0.86,0.86,-1.13,0.84,0.86,0.86,0.86,0.86,-1.09,0.86,0.86,-1.13,0.84,-1.1,0.84,0.84,-1.03,0.85,0.86,0.86,0.86,0.86,0.86,0.86,0.86,0.84,0.86,0.86,0.86,0.86,0.82,0.83,-1.05,0.86,0.86,0.86,0.78,0.86,0.86,0.86,0.86,0.86,0.86,0.86,0.86,0.86,0.86,0.85,0.78,0.86,0.85,0.86,0.86,-1.09,0.86,-1.04,0.85,0.86,0.86,0.86,0.86,0.86,0.86,0.86,0.86,0.86,0.83,0.84,0.86,0.86,0.83,0.86,0.86,0.69,0.86,-1.1,0.86,0.85,0.86,0.86,0.86,0.86,0.86,0.86,0.84,0.86,0.86,0.86,0.86,0.86,0.86,0.86,0.86,0.86,0.86,0.86,0.86,0.84,0.86,0.86,0.86,0.86,0.84,0.86,0.86,0.86,-1.03,0.86,0.86,-1.04,0.86,0.86,0.86,0.86,0.86,0.86,0.86,0.86,0.85,0.86,0.85,0.86,0.86,0.86,0.85,0.85,0.86,0.86,0.77,0.86,0.71,-1.02,0.85,0.86,0.86,-1.0,0.86,0.86,0.86,0.85,0.86,0.86,0.86,0.86,0.72,-1.11,0.86,0.86,0.85,0.83,0.85,0.86,0.86,0.83,0.86,0.86,0.86,0.85,0.86,0.7,0.69,0.86,0.83,0.86,0.86,-1.11,0.86,0.86,0.86,0.86,0.86,0.86,0.86,0.86,0.86,0.86,0.86,-1.08,0.86,0.86,0.86,0.86,0.86,0.83,0.82,0.73,0.86,0.86,0.86,0.86,0.85,0.86,-1.12,0.72,0.86,0.86,0.86,0.86,0.86,0.86,0.86,0.86,0.86,0.86,0.86,0.86,0.84,0.86,0.86,0.86,0.86,0.86,0.75,0.85,0.86,-1.01,0.85,0.85,0.85,0.85,-1.11,0.85,0.86,0.86,0.84,0.86,0.86,-1.0,0.86,0.86,0.86,0.86,0.86,0.86,0.86,0.86,0.86,0.86,0.76,0.86,-1.13,0.86,0.86,0.85,0.86,0.86,0.86,0.86,0.85,0.86,0.86,0.84,0.86,0.86,0.86,0.86,0.86,0.86,0.86,0.86,0.86,0.86,0.71,0.86,0.86,0.86,0.86,0.86,0.86,0.86,0.85,0.86,0.86,0.86,0.86,-1.12,0.86,0.86,0.86,0.86,-1.04,0.86,-1.12,0.85,0.85,0.85,0.86,0.85,-1.09,0.86,0.85,0.86,0.83,0.86,0.86,0.86,0.86,0.86,0.86,0.86,0.86,0.84,0.86,0.86,0.86,0.86,0.58,0.85,0.86,0.86,0.86,0.71,0.86,0.84,0.86,0.84,0.86,0.86,0.84,0.86,0.84,0.86,0.84,0.85,0.85,0.86,0.86,0.86,0.86,-1.25,0.85,0.86,0.85,0.83,0.86,0.86,0.86,0.86,0.86,0.86,0.86,0.85,0.84,0.86,0.86,0.86,0.8,0.86,0.86,0.86,0.86,0.86,0.86,0.86,0.85,0.86,0.86,0.86,0.86,-1.07,-1.02,0.86,0.86,0.86,0.86,0.84,0.86,0.86,0.85,0.86,0.85,0.78,0.86,0.86,0.86,0.86,0.86,0.85,0.86,0.86,0.86,0.86,0.86,0.86,0.86,0.84,0.84,0.86,0.86,0.86,0.86,0.86,0.81,0.86,0.86,0.8,0.85,0.86,0.85,-1.0,0.83,0.86,0.86,0.86,0.86,0.86,0.86,0.86,0.86,0.72,0.86,0.86,0.86,0.86,0.85,0.86,0.86,0.86,0.86,0.86,0.86,0.86,0.86,0.85,0.86,0.86,-1.08,0.86,0.86,0.84,0.86,0.86,0.86,0.86,0.86,0.86,0.86,0.73,0.86,0.86,0.86,0.86,0.86,0.86,0.86,0.84,0.86,0.86,-1.03,0.86,0.86,0.86,0.86,0.86,0.86,0.86,0.86,0.85,0.86,0.86,0.86,0.86,0.86,0.86,0.78,0.86,0.86,0.86,0.86,0.86,0.86,0.86,0.86,0.86,0.86,0.86,0.86,0.82,0.86,0.86,0.86,0.86,0.86,0.86,0.86,0.86,0.86,0.86,0.84,0.86,0.86,0.86,0.84,0.86,0.86,0.86,0.86,0.85,0.86,0.86,0.86,0.86,0.86,0.85,0.86,0.86,0.86,0.86,0.86,0.86,0.85,0.86,-1.12,0.85,0.85,0.86,0.86,-1.14,0.86,0.86,0.86,0.86,0.86,0.86,0.75,0.86,0.83,0.86,0.86,0.86,0.86,0.86,0.56,0.86,0.86,0.76,0.85,-1.02,0.86,-1.1,0.85,0.86,0.84,0.86,0.86,0.84,0.86,0.86,0.86,0.86,0.86,0.86,0.86,0.86,0.86,0.86,0.86,0.86,0.86,0.86,0.86,-1.11,0.84,-1.03,0.84,0.86,0.86,0.85,0.86,0.85,0.85,0.86,0.83,0.86,0.85,0.85,0.86,0.86,0.86,0.86,0.86,0.86,0.85,0.85,0.86,0.84,0.86,0.82,0.86,0.86,0.86,0.86,0.86,0.86,0.86,0.85,0.85,0.86,0.85,0.86,0.86,0.86,0.86,0.85,0.78,0.86,0.86,0.86,0.86,0.86,0.86,-1.01,0.86,0.86,0.74,0.84,-1.03,0.84,0.84,-1.06,0.84,0.86,0.86,0.86,0.85,0.86,0.86,0.86,0.86,0.84,0.86,0.86,0.86,0.86,0.86,0.86,0.86,0.86,0.86,0.86,0.86,0.86,0.86,0.86,-1.03,0.86,0.85,-1.1,-1.15,0.84,0.85,0.86,0.85,0.86,0.79,0.86,0.85,0.86,0.86,-1.05,0.85,0.85,-1.1,0.86,0.86,0.81,0.86,-1.06,0.86,0.8,0.86,0.86,0.86,0.86,0.84,0.84,-1.05,0.86,0.84,0.86,0.86,0.84,0.86,-1.08,0.86,0.86,0.86,0.86,0.85,-1.06,0.61,0.86,0.84,0.79,0.86,0.85,0.86,0.86,0.86,0.86,0.86,-1.01,0.85,0.85,0.86,0.84,0.85,0.84,0.86,0.86,0.86,-1.09,0.84,0.86,0.84,0.86,0.86,0.86,0.84,0.86,0.86,0.86,0.86,0.86,0.83,0.86,0.86,0.86,0.86,-1.0,0.85,-1.07,0.86,0.85,0.86,0.86,0.85,0.86,0.86,0.86,0.86,0.86,0.86,0.86,0.86,-1.01,0.85,0.86,0.86,0.86,0.84,0.86,0.86,0.86,0.86,0.84,0.84,0.86,0.86,-1.01,0.86,0.85,0.86,0.86,0.86,-1.12,0.85,0.86,0.86,0.85,0.86,0.78,-1.03,0.85,0.86,-1.23,0.86,0.86,-1.12,0.86,0.85,0.86,0.86,0.86,0.86,0.86,0.86,0.86,0.85,0.86,0.86,0.83,0.86,0.86,0.79,0.86,0.86,0.86,0.86,0.86,-1.19,0.86,0.86,0.86,-1.05,0.86,0.85,0.86,0.86,0.86,0.86,0.85,0.86,0.86,0.85,0.86,0.86,0.86,0.86,0.86,0.86,0.85,0.86,0.86,0.86,0.86,0.86,0.86,0.84,0.86,0.85,0.86,0.86,0.86,0.86,0.86,0.86,0.86,0.86,0.86,0.86,0.86,0.84,0.86,0.86,0.86,0.86,0.84,0.86,0.86,0.86,0.86,-1.12,0.83,0.86,0.86,0.86,0.86,0.86,0.86,0.86,0.86,0.86,0.86,0.86,0.86,0.86,0.84,0.79,0.85,0.86,-1.12,0.86,0.85,0.76,-1.15,0.86,0.86,0.86,0.86,0.75,0.81,0.86,0.85,-1.05,0.84,0.85,0.86,0.84,0.86,0.86,0.86,0.86,0.86,0.86,0.86,0.86,0.84,0.86,0.86,-1.02,0.86,0.84,0.86,0.86,0.86,0.86,0.85,0.86,0.86,0.86,0.85,0.86,0.86,0.86,0.84,0.86,0.84,0.86,0.86,0.86,0.85,0.86,0.86,0.86,0.86,0.86,0.85,0.86,0.85,0.86,0.86,0.86,0.86,0.86,0.85,0.86,0.86,0.86,0.86,0.86,0.86,0.82,0.86,0.84,0.85,0.86,0.85,0.86,0.86,0.86,0.86,0.86,0.86,0.86,0.86,0.86,0.86,0.86,0.86,0.85,0.86,0.86,0.86,0.86,0.86,0.86,0.86,0.86,0.86,0.86,0.86,0.85,0.86,0.86,0.86,-1.07,0.85,0.86,0.86,0.86,0.86,0.85,0.86,0.86,0.86,0.86,0.86,0.85,0.86,0.86,0.86,0.7,0.85,0.84,0.86,0.85,0.82,0.86,-1.02,0.86,0.86,0.86,0.86,0.86,0.86,0.86,0.86,0.86,-1.02,-1.17,0.86,0.85,0.86,0.86,0.86,0.86,0.86,0.86,0.86,0.86,0.86,0.86,0.85,0.86,0.86,0.86,0.86,0.86,0.86,0.86,0.86,0.86,0.86,0.84,0.86,0.86,0.86,0.86,0.86,0.86,0.86,0.86,0.86
-1.01,0.86,-1.1,-1.02,-1.1,0.78,-1.12,0.84,0.77,0.67,-1.12,-1.05,-1.12,0.84,0.81,0.79,0.85,-1.15,-1.15,0.76,-1.03,-1.09,0.86,0.83,0.79,-1.17,0.79,0.76,0.84,0.78,-1.16,0.84,0.75,0.83,0.76,-1.2,0.8,-1.02,0.85,0.86,0.86,0.83,-1.08,-1.04,0.86,0.83,0.84,0.71,0.84,0.81,0.86,0.79,0.85,0.86,0.86,0.86,0.83,0.86,0.86,0.86,0.86,0.86,0.86,0.86,0.86,0.85,0.86,0.86,0.86,0.86,0.85,0.86,0.86,0.85,0.85,0.84,0.86,0.84,0.83,0.85,0.86,-1.03,0.86,0.86,0.86,0.86,-1.16,0.76,0.86,0.86,-1.1,0.86,0.86,0.86,0.86,0.86,0.86,-1.04,0.86,0.86,0.86,0.75,0.86,0.86,-1.12,0.85,0.86,0.86,0.86,0.85,0.86,0.84,0.86,0.86,0.86,0.84,0.86,0.86,0.84,0.85,0.86,0.86,0.86,0.86,0.86,0.84,0.86,0.86,0.86,0.86,0.86,0.86,0.86,0.86,-1.11,0.85,0.86,0.86,0.86,0.86,-1.03,0.86,0.86,0.86,0.86,0.86,0.85,0.86,0.84,0.73,-1.14,0.86,0.86,0.86,-1.03,0.86,0.86,0.86,0.86,0.86,0.86,0.86,0.86,0.86,0.85,0.86,0.86,-1.12,-1.0,0.86,-1.01,0.86,0.86,0.86,0.74,0.86,0.86,0.86,0.86,0.85,0.71,0.81,0.86,0.86,0.86,0.86,0.86,0.86,0.86,0.86,0.86,0.85,0.86,0.86,0.86,0.86,0.84,0.86,0.86,0.86,0.86,0.86,0.85,0.86,0.86,0.86,0.86,0.86,0.86,0.86,0.86,0.86,-1.13,0.86,0.86,0.86,0.86,0.86,0.86,0.85,0.86,0.86,0.86,0.86,-1.03,0.86,0.86,0.86,0.86,0.86,0.84,0.86,0.86,0.86,0.86,0.84,0.86,0.85,0.86,0.85,0.82,0.86,0.86,0.85,0.82,0.86,0.86,0.86,0.86,0.86,0.86,0.86,0.86,0.86,0.86,0.82,0.86,0.86,0.86,0.86,0.86,0.86,0.86,0.86,0.86,0.86,0.78,0.86,0.85,-1.12,0.77,0.86,0.85,0.86,0.84,0.86,-1.03,0.86,-1.01,-1.06,0.85,0.84,0.84,0.86,0.86,0.86,0.86,0.86,0.86,0.86,0.86,0.86,0.86,0.86,0.86,-1.03,0.86,0.85,0.85,0.86,0.86,0.86,0.86,0.86,0.86,0.86,0.86,0.85,0.84,0.86,0.86,0.86,0.86,0.85,0.86,0.86,0.84,0.86,0.86,0.86,0.85,0.86,0.86,0.86,0.84,0.86,0.86,0.86,-1.0,0.82,0.83,0.86,0.86,0.86,0.86,0.86,-1.09,0.86,0.86,0.86,-1.01,0.86,0.86,0.86,0.86,-1.0,0.86,0.86,0.86,0.86,0.86,0.81,0.86,0.86,0.85,0.86,0.86,0.86,-1.01,0.86,0.86,0.86,0.84,0.84,0.86,0.86,0.85,0.86,0.86,0.86,0.86,0.86,0.85,0.86,0.86,0.85,0.86,0.86,0.86,-1.0,0.86,0.86,-1.05,0.86,-1.02,0.86,0.86,0.71,0.86,0.86,0.86,0.86,0.86,-1.01,0.86,0.85,0.84,0.86,0.83,0.86,0.81,0.86,-1.09,0.86,0.86,0.86,0.85,0.86,0.86,0.85,-1.03,0.86,0.85,0.86,0.86,0.86,-1.05,0.86,0.86,0.86,0.84,0.86,0.86,0.86,0.86,-1.12,0.84,0.86,0.86,0.86,0.86,0.86,0.86,0.84,0.86,0.86,0.86,0.86,0.78,0.86,0.86,0.86,0.86,0.72,0.86,0.84,0.86,0.86,0.84,0.85,0.86,0.86,0.86,0.85,0.86,0.86,0.84,0.84,0.86,0.86,0.86,0.83,0.86,0.86,0.86,0.86,0.86,0.86,0.86,0.85,-1.14,0.84,0.76,0.86,0.86,0.86,0.86,0.86,0.86,0.86,0.86,0.86,0.86,0.85,0.84,0.86,0.86,0.86,0.86,0.86,0.86,0.86,0.84,0.85,0.86,0.85,0.86,0.86,0.86,0.85,0.86,0.86,0.86,0.86,0.86,0.86,0.86,0.86,0.86,0.86,0.7,0.85,0.86,0.86,0.86,0.84,-1.13,0.86,0.86,0.86,0.86,0.86,0.86,0.86,0.86,0.86,0.86,0.86,0.86,0.84,0.86,0.86,0.85,0.86,0.86,0.86,0.86,0.85,0.84,0.86,0.86,0.86,0.84,0.85,0.86,0.86,0.86,0.86,0.86,0.86,0.86,0.86,0.86,0.86,0.86,0.86,0.86,0.86,0.86,0.86,0.86,0.86,0.86,0.86,0.86,0.86,0.84,0.83,0.86,0.86,0.86,0.86,0.86,0.85,0.86,0.85,0.86,0.86,0.85,0.75,0.86,0.86,0.86,0.86,0.86,0.86,0.86,0.86,0.86,0.86,0.86,-1.16,-1.23,0.86,0.86,0.86,0.84,0.86,0.86,0.86,0.86,0.86,-1.09,0.86,0.83,0.86,0.86,0.86,0.86,0.86,0.84,0.86,0.86,0.86,0.86,0.86,0.86,0.84,0.86,0.86,0.86,0.86,0.86,0.83,0.86,0.86,0.86,0.86,0.86,0.85,0.86,0.86,0.86,0.81,0.79,0.86,0.86,0.85,0.86,0.86,0.86,0.56,0.86,0.86,-1.05,0.86,-1.12,0.85,0.86,-1.03,0.86,0.86,0.86,0.86,0.84,0.72,0.86,0.86,0.74,0.86,0.85,0.86,0.85,0.73,0.86,0.86,0.75,0.78,0.86,0.85,0.83,0.85,0.86,0.57,0.86,0.86,0.84,0.85,0.86,0.84,0.86,0.84,-1.09,0.86,0.86,0.86,-1.14,0.85,0.86,0.76,0.86,0.86,0.84,0.86,0.84,0.86,0.86,0.86,0.85,0.86,0.82,-1.03,0.86,0.86,0.86,0.85,0.86,0.86,0.86,0.84,0.86,0.86,0.86,0.86,0.86,0.86,0.86,0.86,0.86,0.86,0.86,-1.04,0.86,0.84,-1.0,0.86,0.86,0.86,0.86,0.86,0.86,0.86,0.86,0.86,0.86,0.86,-1.09,0.85,0.86,0.86,0.86,-1.03,0.86,0.86,0.86,0.86,-1.12,0.85,0.86,0.86,0.81,0.86,0.86,0.86,0.86,0.86,0.83,0.86,0.86,0.86,0.84,0.86,0.78,0.85,0.86,0.86,0.86,0.86,0.86,0.86,0.85,0.84,-1.1,0.86,0.86,0.86,0.86,0.86,0.86,0.86,0.86,0.86,0.86,0.86,-1.04,0.86,0.86,0.86,0.86,-1.13,0.86,0.86,0.86,-1.07,0.86,0.86,0.86,0.86,0.86,0.84,0.86,0.81,0.86,0.86,0.86,0.86,0.86,0.86,-1.04,0.86,0.86,0.86,-1.07,-1.1,0.86,0.86,0.86,-1.0,0.86,0.86,0.86,0.86,0.86,0.86,0.86,-1.01,0.86,0.86,0.76,0.86,0.86,0.84,0.86,0.86,-1.13,0.86,0.84,0.86,0.86,0.81,0.85,0.86,0.86,0.86,0.86,0.86,-1.13,0.86,0.86,0.86,0.86,0.86,0.86,0.86,0.86,0.86,0.85,0.84,0.86,0.86,0.86,0.86,0.86,0.86,0.86,0.86,0.86,0.85,-1.05,0.84,0.85,0.86,0.86,0.86,0.86,0.86,0.85,0.86,0.86,0.86,0.86,0.86,0.86,0.86,0.86,0.85,0.86,0.86,0.86,0.85,0.86,0.85,0.86,0.86,0.85,0.86,0.85,0.79,0.86,0.85,0.86,0.85,0.86,0.86,0.86,0.84,0.77,0.86,0.86,0.86,0.86,0.86,0.85,0.86,0.86,0.85,0.86,0.86,-1.04,0.83,0.86,0.8,0.86,-1.03,0.85,0.8,0.86,0.86,0.84,0.86,0.86,-1.03,0.86,0.85,0.86,0.77,0.86,0.86,0.86,-1.15,0.86,0.86,0.86,0.72,0.86,0.86,0.86,0.86,0.86,0.83,0.86,0.85,0.86,0.86,0.86,0.85,0.86,0.86,0.86,0.86,0.86,0.86,0.86,0.85,0.86,0.86,0.86,0.86,0.84,0.86,-1.02,0.86,0.86,0.86,0.86,0.86,0.72,0.76,0.84,0.84,0.85,0.86,0.86,0.84,-1.08,0.86,0.86,0.86,0.84,0.86,0.86,0.86,0.86,0.86,0.86,0.86,0.86,0.86,0.86,0.86,0.86,0.72,0.86,0.86,0.86,0.86,0.8,0.86,0.86,0.86,0.84,0.86,-1.09,0.86,0.86,0.86,0.86,0.86,0.85,0.86,0.75,0.86,0.84,0.86,0.86,0.86,0.86,0.86,0.86,0.85,0.85,0.86,0.86,0.86,0.86,0.86,0.84,0.86,0.86,0.86,0.85,0.86,0.85,0.86,0.86,0.86,0.86,0.74,0.86,0.86,0.86,0.85,0.86,0.84,0.86,0.86,-1.12,0.86,0.86,0.86,0.86,0.86,0.86,0.86,0.86,0.86,0.86,0.86,0.86,0.86,0.86,0.83,0.86,0.86,0.86,0.85,0.85,0.86,0.86,0.83,0.86,0.86,0.86,0.86,0.86,0.86,0.85,0.85,0.84,0.86,0.86,0.86,0.86,0.86,0.86,0.86,0.86,0.86,0.86,-1.08,0.86,0.86,0.85,0.86,0.86,0.86,0.86,0.86,0.86,0.86,0.86,0.86,0.86,0.84,0.86,0.85,0.73,0.86,0.86,0.86,0.82,0.86,0.86,0.86,0.86,0.86,0.86,0.86,0.86,0.85,0.86,0.86,0.86,0.86,0.86,0.86,0.86,0.86,0.86,0.86,0.84,0.86,0.86,0.86,0.86,0.86,0.86,0.72,0.86,0.86,0.86,0.86,0.86,0.86,-1.05,0.83,0.84,0.86,0.86,0.86,-1.1,0.86,0.86,0.86,0.85,0.86,0.82,0.86,-1.0,0.86,0.86,0.86,0.86,0.86,0.86,0.86,-1.06,0.86,-1.03,0.84,0.85,0.86,0.85,0.85,0.86,0.86,0.86,-1.11,0.86,0.86,0.86,0.86,0.84,0.86,0.86,0.86,0.86,0.86,0.86,0.86,0.86,0.85,0.86,0.86,0.86,0.86,0.86,0.86,0.86,0.86,0.86,0.85,0.86,0.86,0.86,0.86,0.86,0.85,0.86,0.86,0.86,0.85,0.86,0.86,0.86,0.86,-1.11,0.86,0.86,0.86,0.86,0.86,0.86,0.86,0.86,0.86,0.86,0.72,0.86,0.86,0.86,0.86,0.84,0.86,0.86,0.86,0.86,0.85,0.86,0.86,0.86,0.82,0.84,0.85,0.86,-1.13,0.86,0.86,0.8,0.82,0.86,0.84,0.86,0.86,0.86,0.86,0.86,0.86,0.86,0.86,0.86,0.86,0.85,0.86,0.86,0.86,0.85,0.86,0.86,0.86,0.82,0.86,0.86,0.86,0.86,0.86,-1.09,0.86,0.86,0.85,0.86,-1.11,0.86,0.86,0.86,0.86,0.86,0.86,0.86,0.86,0.86,-1.14,0.86,0.86,0.68,0.86,0.86,0.86,0.86,0.86,0.86,0.86,0.86,0.86,0.86,0.86,0.86,0.86,0.86,0.86,0.86,0.86,0.85,0.85,0.86,0.86,0.86,0.86,0.86,0.86,0.86,0.86,0.85,0.82,0.81,0.85,0.86,0.86,0.86,0.85,0.84,0.84,0.83,0.86,0.86,0.85,0.86,0.82,0.86,0.86,0.86,0.86,0.86,0.86,0.83,0.71,0.86,0.86,0.86,0.83,0.71,0.86,0.86,0.86,-1.13,0.85,0.84,0.86,0.86,-1.06,0.86,0.86,0.86,0.86,0.86,0.7,0.84,0.86,0.86,0.85,0.86,0.84,0.86,0.86,0.86,0.86,0.86,-1.03,0.85,0.86,0.86,0.86,0.86,0.86,0.86,0.86,0.86,0.86,0.84,0.86,0.86,0.85,0.86,0.86,0.86,0.86,0.84,0.86,0.86,0.86,0.72,0.86,0.86,0.86,0.86,0.85,-1.07,0.76,0.86,0.86,0.85,0.85,0.86,0.86,0.86,0.86,0.86,0.86,0.86,0.81,0.86,0.86,0.86,0.86,0.86,0.86,0.84,0.86,-1.03,0.86,0.86,0.83,0.86,-1.03,0.86,0.86,0.86,0.86,0.86,0.86,0.86,0.86,0.86,0.86,0.86,0.84,0.85,0.86,0.86,0.84,0.85,0.86,0.84,0.85,0.86,0.86,0.76,0.84,0.86,-1.12,0.85,0.85,0.86,0.84,0.86,0.86,0.86,-1.12,0.86,0.85,0.86,0.86,0.85,0.86,0.86,0.86,-1.12,0.86,-1.02,-1.14,0.86,0.86,0.86,0.86,0.86,0.84,0.86,-1.09,0.86,0.83,0.86,0.86,0.85,0.86,0.86,0.85,0.85,0.86,0.85,0.86,0.86,0.85,0.84,0.86,0.86,0.86,0.86,0.86,0.86,0.86,0.86,0.86,0.86,-1.04,-1.05,0.86,0.81,0.86,0.86,0.86,0.86,0.85,0.86,0.86,0.86,0.86,0.86,0.86,0.86,-1.05,0.85,0.85,0.77,0.86,0.86,0.86,0.86,0.86,0.86,0.86,0.86,0.86,0.84,0.82,0.86,-1.12,0.85,0.86,0.86,0.84,0.84,0.84,-1.13,0.84,0.84,0.86,0.86,0.86,0.86,0.85,-1.08,0.86,0.86,0.86,0.86,0.86,0.86,0.85,0.86,0.85,0.86,0.86,0.86,-1.13,0.86,0.86,0.86,-1.08,0.84,0.82,0.86,0.86,0.86,0.86,0.86,0.85,-1.01,0.86,0.86,0.85,0.86,0.86,0.75,0.86,0.86,0.86,0.86,0.86,0.86,0.86,0.7,0.86,0.86,0.84,0.86,0.86,0.86,0.86,-1.02,0.86,0.86,0.83,0.86,0.86,0.86,0.86,0.86,0.84,0.86,0.84,0.86,0.86,0.86,0.86,0.86,0.8,0.86,0.85,0.86,0.86,0.84,-1.08,0.86,0.86,0.86,0.86,-1.08,0.85,0.86,0.85,0.86,0.86,0.86,-1.14,0.86,0.86,0.86,0.85,0.86,0.86,0.83,0.86,0.86,0.86,0.86,0.86,0.86,0.86,0.86,0.85,0.85,0.86,0.86,0.86,0.86,0.86,0.86,0.86,0.86,0.84,0.86,0.78,0.85,0.86,0.82,0.86,0.86,0.77,0.85,0.86,0.86,0.86,0.86,0.85,0.86,0.86,0.85,0.86,0.86,0.86,0.86,0.86,0.86,0.75,0.86,0.71,0.84,0.86,0.81,0.86,0.86,0.84,0.83,0.86,0.85,0.86,0.86,0.86,0.86,-1.0,0.86,0.86,0.86,0.83,0.86,0.86,0.74,0.86,0.86,0.86,0.86,0.86,0.83,0.86,0.86,0.84,0.86,0.86,0.86,0.85,0.86,0.8,0.76,0.86,0.86,0.86,0.86,0.86,0.86,-1.1,-1.14,0.86,0.78,0.86,0.83,0.86,0.86,0.69,0.86,0.86,0.84,0.86,-1.0,0.86,0.86,0.86,0.85,0.86,-1.11,0.84,0.86,0.86,-1.02,0.86,0.82,0.72,0.86,0.86,0.86,0.86,0.86,0.73,0.86,0.86,0.86,0.86,0.86,0.84,0.86,0.86,0.85,0.85,0.83,0.86,0.86,0.86,0.86,0.7,0.86,0.86,0.86,0.84,-1.07,0.84,0.86,0.86,0.86,0.86,0.86,0.86,0.86,0.85,0.86,0.86,0.72,0.86,-1.08,0.74,0.85,0.86,0.86,0.86,0.86,0.86,0.86,0.8,0.86,0.79,0.79,0.86,0.86,0.85,0.86,0.86,0.85,0.84,0.86,0.86,0.86,0.86,-1.06,0.84,0.86,0.86,0.84,0.86,0.86,0.86,0.86,0.86,0.84,0.86,0.86,0.86,0.86,0.84,0.86,0.86,0.86,0.77,0.86,0.86,0.83,0.86,0.84,0.86,0.86,0.86,0.86,-1.01,0.84,0.86,0.86,0.86,0.86,0.86,0.86,0.86,0.86,0.86,0.86,0.85,0.86,0.86,0.86,0.86,0.86,0.86,0.85,0.86,0.86,0.85,0.86,0.86,0.85,-1.02,0.84,0.86,0.86,0.85,0.86,-1.09,0.86,-1.07,0.86,0.86,0.85,0.84,0.86,0.86,0.75,0.86,0.86,0.86,0.86,0.86,0.86,-1.07,0.86,0.85,0.85,0.86,0.86,0.86,0.86,0.86,0.84,0.86,0.86,0.86,0.84,0.86,0.86,0.86,0.86,0.86,0.86,0.86,0.86,0.86,0.86,0.86,-1.14,0.85,0.85,0.85,0.86,0.85,0.86,0.86,0.86,0.86,0.86,0.86,0.86,0.86,0.86,0.83,0.86,0.86,0.85,0.86,0.86,0.86,0.86,0.86,0.86,0.84,0.86,0.86,0.86,0.86,-1.13,0.85,0.86,0.84,0.85,0.86,0.86,0.86,0.86,0.86,-1.09,0.83,-1.03,0.85,0.86,0.86,0.86,0.86,0.86,0.86,0.86,0.86,0.86,0.86,0.86,0.85,0.86,0.86,0.85,0.86,0.86,0.85,0.86,0.86,0.86,0.72,0.66,0.86,0.86,0.84,0.86,0.86,0.86,0.86,0.86,0.86,0.86,0.86,0.86,0.86,0.86,0.86,0.86,0.86,0.72,0.86,-1.14,0.84,0.86,0.86,0.86,0.77,0.86,0.86,0.86,0.86,0.7,-1.07,0.85,0.86,-1.12,0.81,0.84,0.86,0.83,0.85,-1.1,0.84,0.86,0.82,0.86,0.85,0.86,0.85,0.86,0.85,0.85,0.86,0.86,0.86,0.86,0.86,0.84,0.86,0.86,0.86,0.86,0.85,0.86,0.85,0.85,0.86,0.86,0.84,0.79,0.86,0.74,0.86,0.86,0.86,0.86,0.86,0.86,-1.12,0.85,0.86,0.85,0.86,0.86,0.86,0.86,0.86,0.86,0.86,0.86,0.86,0.86,0.86,0.86,0.86,0.86,0.86,0.85,0.86,0.86,0.86,-1.13,0.86,0.85,-1.05,0.86,0.86,0.86,0.83,0.86,0.85,-1.05,0.85,0.84,0.86,0.86,0.86,0.85,0.85,0.86,0.86,0.86,0.86,0.86,0.86,0.86,0.81,0.86,0.86,0.83,-1.01,0.86,-1.09,-1.13,0.86,-1.1,0.85,0.86,0.86,0.86,0.86,-1.0,0.69,-1.03,0.86,0.84,0.86,0.86,0.86,0.86,0.86,0.86,0.86,0.86,0.86,0.85,0.86,0.84,0.84,0.86,0.86,0.86,0.86,0.86,0.86,-1.05,0.86,0.86,0.86,0.86,0.86,0.86,0.86,0.86,0.86,0.86,0.86,0.86,-1.01,0.86,0.85,0.86,0.84,0.86,0.86,0.86,-1.1,0.85,0.86,0.86,0.86,0.86,0.86,0.86,0.86,0.86,0.86,0.86,0.86,0.86,0.86,0.86,0.84,0.86,0.86,0.85,0.86,0.86,0.86,0.86,0.86,0.86,0.86,0.86,0.86,0.86,0.86,0.72,0.86,0.86,0.86,0.86,0.86,0.86,0.85,0.86,0.86,0.85,0.86,0.86,0.86,-1.04,0.85,0.86,0.86,0.86,0.86,0.86,-1.07,-1.07,0.86,-1.13,0.79,0.86,-1.01,0.85,0.82,0.86,0.86,0.86,0.85,0.86,0.86,0.86,0.86,0.86,0.85,0.86,0.86,0.86,0.86,0.86,0.86,0.86,0.86,-1.03,0.86,0.86,0.86,0.85,0.86,0.86,0.84,-1.06,0.86,0.85,0.83,0.85,0.75,0.86,0.85,0.86,0.85,0.86,0.83,0.86,0.86,0.86,0.86,0.83,0.86,0.86,0.86,0.86,0.86,0.86,-1.05,0.85,0.86,0.86,0.86,0.86,0.86,0.86,0.86,0.86,0.86,0.86,0.86,0.86,0.86,0.86,0.85,-1.15,-1.03,0.86,0.86,0.86,0.86,0.86,0.86,0.86,-1.1,0.86,0.85,0.82,0.86,0.86,0.86,0.86,-1.0,0.85,0.86,0.86,-1.06,0.86,0.86,0.86,0.86,0.86,0.86,0.86,0.86,0.86,0.86,0.85,0.86,0.85,0.86,-1.07,0.86,0.86,0.86,0.86,0.86,0.86,0.71,0.86,0.86,0.86,0.86,0.86,-1.07,0.86,0.86,0.86,0.86,0.86,-1.03,0.76,0.85,0.86,0.86,0.86,0.86,0.86,0.86,0.8,0.86,0.86,0.86,0.86,0.86,0.82,-1.09,0.85,0.86,0.86,0.86,0.86,0.86,0.86,0.86,0.86,0.83,0.86,0.86,0.86,0.83,0.86,0.86,0.86,0.86,0.86,0.86,0.86,0.86,0.86,0.86,0.86,0.86,0.86,0.78,0.86,0.86,0.86,0.86,0.86,0.86,0.86,0.86,0.86,0.82,0.86,0.86,0.85,0.86,0.86,0.86,0.86,0.86,0.86,0.86,0.86,0.86,0.86,0.86,0.86,0.86,0.86,0.86,0.86,0.86,0.86,-1.12,0.86,0.86,0.86,0.86,0.85,0.85,0.86,0.85,0.85,0.86,0.86,0.86,0.86,0.86,0.86,0.86,0.83,0.84,0.86,0.84,0.86,0.86,0.86,0.86,0.84,0.86,0.86,0.86,0.86,0.86,0.86,0.86,0.85,0.86,0.86,0.86,0.86,0.85,0.86,0.85,0.86,0.85,0.85,-1.01,0.85,-1.09,0.85,0.86,0.86,0.86,0.86,0.86,0.86,0.86,0.86,0.86,-1.0,0.86,0.86,0.86,0.86,0.86,0.86,0.86,0.86,0.85,0.86,0.8,0.86,0.86,0.86,0.86,0.85,0.84,0.86,0.86,0.86,0.85,0.86,-1.12,0.86,0.84,0.85,0.86,0.86,0.74,0.85,0.86,0.86,-1.13,0.86,0.85,0.86,0.85,0.77,0.85,0.86,0.86,0.82,-1.02,0.86,0.85,0.86,-1.13,0.85,0.86,0.86,0.84,0.86,-1.13,0.85,0.86,0.85,0.86,0.86,0.86,0.86,0.86,0.85,0.86,0.86,0.86,0.86,0.86,0.86,0.86,0.86,0.86,0.86,0.86,-1.08,0.86,0.86,0.86,0.86,0.86,0.86,-1.14,0.86,0.86,0.86,0.83,0.86,-1.01,0.73,0.76,0.85,0.84,0.78,0.86,0.84,0.86,0.86,0.86,0.86,-1.12,0.85,0.85,0.86,0.85,0.86,0.86,0.86,0.86,0.86,0.85,0.86,0.86,-1.08,0.85,0.85,0.86,0.86,0.74,0.86,0.86,0.86,0.84,0.86,0.84,0.86,0.86,0.86,0.86,-1.12,0.86,0.86,0.84,0.86,0.86,0.86,0.84,0.86,0.86,0.86,0.86,0.86,0.86,0.86,0.86,0.86,0.86,0.86,0.85,0.86,0.85,0.86,0.86,0.86,0.85,0.86,0.86,0.85,0.86,0.84,0.86,0.83,0.84,0.85,0.86,0.86,0.85,0.86,0.86,0.86,0.85,0.85,0.86,0.86,0.86,0.86,0.86,0.85,0.85,0.85,-1.01,0.84,0.86,0.85,0.86,0.86,0.86,0.85,0.86,0.86,0.86,0.86,0.86,0.86,-1.12,0.86,0.85,0.86,0.85,0.86,0.86,0.86,0.86,0.86,0.86,0.86,-1.01,0.83,0.86,0.86,0.86,0.86,0.86,-1.05,0.82,0.84,0.86,0.86,0.86,0.86,0.86,0.86,0.86,0.86,0.86,0.83,0.86,0.86,0.86,-1.06,0.85,0.85,0.81,0.86,0.86,0.86,0.86,0.86,0.86,0.86,0.86,0.86,0.86,0.86,0.85,0.86,0.85,0.86,0.84,0.85,0.86,0.86,0.86,0.84,0.86,0.77,0.86,0.86,0.86,-1.14,0.86,0.85,0.86,0.86,0.84,0.83,0.86,0.86,0.86,0.85,0.86,0.86,0.86,0.86,-1.04,0.85,0.86,0.86,0.85,0.86,0.86,0.86,0.86,0.86,0.77,-1.05,0.86,0.86,0.85,0.86,0.86,0.86,0.86,-1.09,0.86,0.86,0.74,0.86,0.86,0.86,0.71,0.85,0.86,0.86,-1.06,0.83,0.86,0.86,0.85,0.86,0.86,0.86,0.86,0.86,0.85,0.86,0.86,0.86,0.86,0.86,0.73,0.86,0.84,0.86,0.86,0.86,0.86,0.75,0.84,0.84,0.85,0.86,0.86,0.85,0.86,0.72,0.86,0.86,0.86,0.86,0.86,0.86,0.86,0.85,0.86,0.86,0.86,0.86,0.86,0.86,0.86,0.86,0.85,0.86,0.86,0.86,0.71,0.85,0.86,0.86,0.85,0.86,0.86,0.84,0.86,0.86,0.85,0.86,0.86,0.86,0.86,0.86,0.86,0.86,0.86,0.83,0.86,0.86,0.86,0.86,0.86,-1.04,0.85,0.81,0.86,0.86,-1.05,0.71,0.86,0.84,0.86,0.84,-1.03,0.86,0.85,0.85,-1.13,0.85,0.85,0.85,0.85,0.86,0.86,0.86,0.86,-1.04,0.86,0.84,0.86,0.86,0.86,0.86,0.86,0.86,0.86,0.86,0.86,0.86,0.85,0.86,0.86,0.86,0.86,0.86,0.86,0.86,0.84,0.86,0.86,0.85,0.86,0.86,0.86,0.86,0.86,0.86,0.85,0.86,0.86,0.86,0.86,0.86,-1.03,0.81,0.86,0.85,0.86,0.86,0.86,0.86,0.86,0.84,-1.12,0.72,0.85,0.86,0.86,0.84,0.86,0.85,-1.02,-1.14,0.83,0.86,-1.05,0.84,0.86,0.84,0.86,0.84,0.85,0.86,-1.14,0.86,-1.14,-1.06,0.86,0.86,0.86,0.86,0.86,0.86,0.84,0.85,0.86,0.86,0.86,0.86,0.86,0.86,0.86,0.86,0.85
-1.05,-1.16,-1.14,0.7,-1.13,0.52,-1.05,-1.06,-1.0,0.77,0.81,-1.06,-1.23,-1.24,-1.14,-1.05,-1.04,0.84,0.86,0.79,0.85,0.81,-1.16,0.77,-1.02,-1.06,-1.4,0.5,0.85,0.86,0.83,0.84,-1.09,0.77,0.81,0.85,0.82,0.81,0.84,0.86,0.82,0.69,-1.06,0.85,0.83,0.85,0.85,0.86,0.84,0.86,0.83,0.86,0.83,0.86,0.86,0.86,0.86,0.84,0.85,0.83,0.82,0.84,-1.02,0.86,0.86,0.86,0.86,0.86,0.86,0.86,0.86,0.86,0.8,0.86,0.86,0.86,-1.13,0.86,0.86,0.86,0.86,0.84,0.86,0.86,0.86,0.86,0.86,0.86,0.86,0.86,0.85,0.86,0.86,0.86,0.86,0.86,-1.02,0.86,-1.11,0.85,0.86,0.84,0.83,0.82,0.86,0.86,0.86,0.86,0.84,0.78,0.86,0.86,0.85,0.86,0.86,0.86,0.86,0.86,0.85,0.86,0.86,0.86,0.85,0.86,0.86,0.86,0.86,0.82,0.86,0.86,0.83,0.86,0.86,0.86,0.86,0.86,0.83,0.86,0.86,0.86,0.86,0.86,0.86,0.86,0.86,-1.12,0.86,0.85,0.86,0.86,0.86,0.86,0.83,0.86,0.84,0.86,0.86,0.86,0.86,0.86,0.86,0.86,0.86,0.86,0.86,0.86,0.86,0.86,0.86,-1.02,0.86,0.86,0.86,0.86,0.85,-1.11,0.86,0.8,0.86,0.85,0.86,0.77,0.86,0.86,0.86,0.86,-1.12,0.86,0.84,0.86,0.85,0.83,0.86,0.86,-1.21,0.86,0.86,0.69,0.75,0.75,0.86,0.86,0.85,-1.06,0.86,0.86,0.86,-1.1,0.84,0.76,0.82,-1.05,0.79,0.86,0.84,0.86,0.86,0.86,0.86,0.76,0.86,0.86,0.86,0.86,0.85,0.7,0.86,0.86,0.86,0.86,0.84,0.86,0.86,0.86,0.86,0.83,0.85,0.86,0.83,0.86,0.84,-1.04,0.86,0.86,0.86,0.86,0.86,0.86,0.86,0.86,0.86,-1.12,0.86,0.86,0.86,0.86,0.86,0.85,0.86,-1.13,0.86,0.86,0.79,0.86,0.86,0.86,0.86,0.86,0.86,0.71,0.86,0.86,0.86,0.86,0.86,0.7,0.86,-1.05,-1.06,0.86,0.86,-1.01,0.86,0.85,0.84,0.85,0.86,0.86,0.86,0.86,0.86,0.85,0.84,0.86,0.86,0.86,0.86,0.83,0.86,0.86,-1.11,0.85,0.84,0.86,0.85,0.86,0.86,0.86,0.86,0.86,0.86,0.86,0.86,0.84,0.86,0.86,0.86,0.86,0.86,0.86,0.86,-1.12,0.86,-1.07,0.86,0.85,0.85,0.86,0.85,0.86,0.86,0.86,0.86,-1.0,0.84,0.86,0.86,0.86,0.86,0.86,0.86,0.86,0.86,0.81,0.72,0.86,0.86,-1.0,0.86,0.86,0.86,0.86,0.86,0.85,0.86,0.86,0.86,0.86,0.86,0.86,0.85,0.84,0.86,0.86,0.86,0.86,0.86,0.86,0.85,0.86,0.84,0.86,0.86,-1.06,0.86,0.86,0.86,0.86,0.77,0.86,0.86,0.74,0.86,0.86,0.86,0.86,0.86,0.86,0.86,0.86,0.86,0.86,0.84,0.86,0.86,0.86,0.86,0.86,0.86,0.86,0.86,0.86,0.86,0.86,-1.0,0.86,0.86,0.86,0.86,0.86,0.86,0.86,0.86,0.86,0.86,0.86,0.84,0.86,0.84,0.86,0.86,0.86,0.86,0.86,0.86,0.86,0.84,0.86,0.86,0.86,0.86,0.86,0.86,0.84,0.86,0.86,0.86,0.86,0.86,0.77,0.86,0.86,0.86,0.86,-1.1,0.86,0.86,0.85,0.86,0.86,0.86,0.86,0.86,0.86,0.86,-1.01,0.86,0.86,0.86,0.66,0.86,0.86,0.86,0.86,0.84,0.84,0.86,0.84,0.86,0.86,0.86,-1.03,0.85,0.86,0.86,0.86,0.86,0.86,0.86,-1.02,0.86,0.86,0.86,-1.14,0.84,0.86,0.82,0.86,0.86,0.86,0.86,0.86,0.86,0.86,0.86,0.86,0.85,0.86,0.86,0.74,0.86,-1.02,0.85,0.86,0.86,0.86,0.86,0.86,0.86,0.86,0.86,0.86,0.86,0.86,0.86,0.86,0.86,0.86,0.86,0.86,0.86,0.86,0.86,0.86,0.86,0.86,0.86,0.86,0.86,0.86,0.86,0.86,0.85,0.85,0.86,0.86,0.86,0.86,0.86,0.86,0.86,0.85,0.84,0.86,0.86,0.86,0.86,0.84,0.86,0.85,0.86,0.86,0.85,0.86,0.86,0.84,0.86,0.83,-1.05,0.85,0.86,0.86,0.86,0.86,-1.29,0.83,0.86,0.86,0.86,0.84,0.86,-1.12,0.86,0.8,0.58,0.86,0.86,0.86,0.86,0.86,0.86,0.86,0.86,0.86,0.86,0.86,0.84,0.86,0.86,0.86,0.84,0.86,0.86,0.86,0.86,0.86,0.86,0.86,0.86,0.84,0.86,0.86,0.86,0.86,0.86,0.86,0.86,0.84,0.86,0.86,0.86,0.85,0.86,0.86,0.86,0.77,0.86,0.84,0.86,0.86,0.86,0.82,0.86,0.84,0.86,0.86,0.83,0.86,0.84,0.86,0.86,-1.13,0.84,0.86,0.86,0.86,0.86,0.86,0.86,-1.03,0.86,0.86,0.86,0.86,0.85,0.82,-1.09,0.86,0.86,0.86,0.69,0.86,0.86,0.86,0.85,-1.13,0.86,0.86,0.86,0.86,0.84,-1.11,0.85,0.86,0.84,0.82,0.86,0.86,0.86,0.86,0.85,-1.08,0.86,0.86,0.85,0.86,0.86,0.86,0.86,0.69,0.86,0.86,0.86,0.86,0.86,0.85,0.86,0.86,0.86,0.86,0.86,0.86,0.86,0.86,0.86,0.86,0.86,0.86,0.86,-1.08,0.86,0.86,0.85,0.86,0.86,0.86,0.85,-1.02,0.85,0.86,0.86,0.86,-1.13,0.84,0.85,-1.14,0.86,0.86,0.86,0.86,0.86,0.86,0.86,0.86,0.86,0.84,0.86,0.86,0.78,0.86,0.86,0.86,0.85,0.85,0.86,0.84,-1.11,0.86,0.86,0.86,0.86,0.85,0.85,0.86,0.86,0.86,0.86,0.86,0.86,0.86,0.86,0.86,0.81,0.86,0.86,0.86,0.84,0.84,0.86,0.86,0.86,0.85,0.86,0.86,0.85,0.86,0.86,0.86,0.85,0.86,0.86,0.86,0.86,0.85,0.85,0.82,0.86,0.85,0.86,0.86,0.86,0.86,0.86,0.84,0.86,0.86,-1.0,0.83,0.86,0.86,0.78,0.86,0.86,0.86,0.86,0.86,0.85,-1.05,0.84,0.86,0.85,0.86,0.86,0.86,0.86,0.86,-1.03,0.86,0.86,0.86,0.84,-1.14,0.86,0.86,0.86,0.86,0.85,0.86,0.86,0.85,0.84,0.86,0.86,0.86,0.86,0.86,0.86,0.86,0.86,0.86,0.86,0.86,0.86,0.84,0.86,0.84,0.86,0.86,0.86,0.86,0.86,0.86,0.86,0.86,0.86,0.86,0.86,0.86,0.86,0.86,0.86,0.83,0.86,0.85,0.83,0.86,0.86,0.86,0.86,0.86,-1.0,0.84,0.86,0.86,0.84,0.85,0.86,0.86,0.86,0.84,0.86,0.86,-1.12,0.86,0.86,0.86,0.83,0.85,0.85,0.85,0.86,0.86,0.86,0.84,0.81,0.86,0.7,0.86,0.84,0.86,0.86,0.86,0.86,0.86,0.86,0.86,0.86,0.84,0.86,0.86,0.86,0.86,0.86,0.86,0.86,0.86,0.86,0.86,0.86,0.85,0.86,0.86,0.84,0.83,0.84,0.86,0.85,0.86,0.86,0.86,0.86,0.86,0.86,0.86,0.86,0.86,0.86,0.86,-1.12,0.86,0.86,-1.12,-1.15,0.86,0.86,0.86,0.86,0.86,-1.14,0.85,0.86,0.86,0.85,0.86,0.86,0.86,0.81,0.86,0.86,0.86,0.84,0.86,0.86,0.86,0.86,0.86,0.86,0.85,-1.23,-1.13,0.85,0.86,0.84,0.86,0.84,0.85,0.86,0.86,-1.05,0.86,0.85,-1.11,0.84,0.86,0.86,0.86,0.85,0.86,0.86,0.86,0.86,0.86,0.84,0.86,0.85,-1.02,0.84,0.85,0.85,0.86,0.86,0.85,0.86,0.85,0.86,0.86,0.86,0.86,0.86,0.85,0.86,0.86,0.86,0.86,0.86,0.86,0.86,0.86,0.86,0.78,0.82,0.86,0.83,0.86,0.86,0.86,0.86,0.81,0.86,0.83,0.86,0.83,0.86,0.85,0.86,0.85,0.86,0.86,0.86,0.86,0.85,-1.05,-1.02,0.86,0.86,0.86,0.86,0.86,0.84,0.86,0.86,0.86,0.8,0.85,0.85,0.85,0.86,0.86,0.86,0.86,0.85,0.86,0.86,0.86,0.86,0.86,0.86,0.85,0.86,0.86,0.86,0.86,0.86,0.86,0.86,-1.05,0.86,0.86,0.84,0.86,0.86,0.84,-1.08,0.86,0.86,0.86,-1.07,0.86,-1.0,0.86,0.86,0.86,0.86,0.86,0.82,0.86,0.86,0.86,0.86,0.86,0.85,0.86,0.86,0.86,0.84,0.86,0.86,0.86,0.86,0.86,0.86,0.85,0.83,0.86,0.86,0.86,0.86,0.86,0.85,-1.11,0.84,0.86,0.82,0.77,0.86,0.86,0.86,0.86,0.86,0.86,0.86,0.86,0.83,0.86,-1.08,0.86,0.86,0.86,0.86,0.86,0.86,0.86,0.85,0.86,0.84,0.86,0.86,0.86,0.85,0.86,0.86,0.75,0.86,0.86,0.86,0.85,0.86,-1.08,0.85,0.86,0.86,0.86,0.86,0.85,0.86,0.86,0.86,0.85,0.85,0.86,0.86,0.86,0.86,0.86,0.86,0.81,0.86,0.86,0.85,0.84,0.86,0.85,0.86,0.86,0.85,0.86,-1.14,0.84,0.86,0.86,0.86,0.86,0.86,0.86,0.86,0.86,0.85,0.86,0.86,0.86,0.83,0.86,0.86,0.86,0.83,0.86,0.86,0.86,0.86,0.86,0.86,0.79,0.86,0.86,0.86,0.86,-1.11,0.86,0.86,0.86,0.86,0.86,0.86,0.85,0.86,0.86,0.86,0.82,0.86,0.86,0.82,0.86,0.86,0.84,0.86,0.86,0.86,-1.01,0.85,-1.0,0.85,0.86,-1.13,0.86,0.86,-1.11,0.86,0.86,0.86,0.86,0.86,0.83,0.86,0.86,0.79,0.85,0.86,0.86,0.86,0.86,0.86,0.86,0.84,0.86,-1.04,0.86,0.76,0.85,0.86,0.86,0.86,0.86,-1.0,0.86,0.86,0.76,0.86,-1.09,-1.14,0.85,0.85,0.86,0.86,0.86,0.86,0.85,0.86,0.86,0.86,0.86,0.86,0.86,0.86,0.86,-1.08,0.83,0.86,-1.07,0.85,0.86,0.74,-1.11,0.86,0.86,0.84,0.83,0.85,0.86,0.84,0.86,0.86,0.86,0.86,0.86,0.86,0.86,0.86,0.86,0.86,0.86,0.85,0.85,0.86,0.85,0.86,0.86,0.86,0.84,0.86,-1.04,0.86,0.85,0.86,0.83,0.82,-1.13,0.86,0.86,0.86,0.86,0.86,0.86,0.86,0.86,0.86,0.85,0.86,0.78,0.86,0.86,0.86,0.86,0.86,0.86,0.86,-1.1,0.86,0.86,0.86,0.85,0.86,0.86,0.86,-1.11,-1.11,0.86,0.84,-1.09,-1.01,0.86,-1.04,0.85,0.86,0.86,0.86,0.86,0.86,-1.03,0.86,0.84,0.86,0.83,0.85,-1.02,0.85,0.86,0.85,0.86,0.86,0.86,0.86,0.86,0.86,0.86,-1.02,0.83,0.86,0.85,0.82,0.86,0.86,0.76,0.86,0.84,0.86,0.86,-1.03,-1.14,0.85,0.86,0.83,0.86,0.86,0.82,0.86,0.86,0.86,0.86,0.85,0.86,0.86,0.86,0.86,0.85,-1.05,0.85,-1.0,0.86,0.84,0.86,0.86,0.86,0.86,0.86,0.84,-1.12,0.85,0.86,0.86,0.86,0.86,-1.03,-1.01,0.86,0.86,0.86,0.85,0.86,0.86,0.82,0.86,0.85,0.84,0.86,0.86,0.86,0.86,0.86,0.86,0.86,0.86,0.86,0.86,0.86,0.86,0.86,0.86,0.86,0.86,0.86,0.86,0.86,0.86,-1.04,0.86,0.86,0.86,0.83,0.86,0.86,0.86,0.86,0.86,0.86,0.86,0.86,0.86,0.86,0.86,0.86,0.86,0.85,0.86,0.86,0.86,-1.08,0.84,0.86,0.86,0.86,0.86,0.86,0.86,0.86,0.86,0.85,0.86,0.86,0.84,0.84,0.86,0.86,0.86,0.86,0.86,0.83,0.86,0.86,0.86,0.86,0.84,-1.02,0.86,0.86,0.86,0.85,0.86,0.86,0.86,0.86,0.86,0.86,0.86,0.85,0.86,0.86,0.86,0.86,0.86,0.86,0.86,0.86,-1.04,-1.03,0.86,0.86,0.86,0.86,0.86,0.86,0.86,-1.13,0.86,0.86,0.78,0.86,0.86,0.85,0.86,-1.03,0.71,0.86,0.86,0.86,-1.03,0.85,0.86,0.86,0.86,0.86,0.86,-1.03,0.86,0.85,0.86,0.86,0.86,0.86,0.86,0.84,0.85,0.86,0.86,0.86,0.84,0.86,0.86,0.86,0.85,0.86,0.85,-1.12,0.86,0.84,0.86,0.86,0.86,-1.05,0.86,0.86,0.86,0.86,0.86,0.86,0.78,0.86,0.86,0.85,0.86,0.84,0.86,0.86,-1.05,0.86,0.85,0.86,0.86,0.86,0.86,0.86,0.86,0.83,0.86,0.86,0.86,0.86,0.86,0.85,0.86,0.85,0.86,0.86,0.86,0.86,0.86,0.86,0.84,0.75,0.86,0.86,0.86,0.86,0.86,0.86,0.86,0.84,0.83,0.85,0.86,0.86,0.85,0.86,0.78,0.86,0.86,0.86,0.86,-1.14,0.86,0.84,0.86,0.86,0.85,0.86,0.86,0.86,0.86,0.86,0.86,0.86,-1.06,0.86,0.86,0.86,0.86,0.86,0.86,0.7,0.86,0.86,0.86,0.86,0.86,0.85,0.86,-1.02,0.86,0.86,0.86,0.86,0.8,0.86,0.86,0.86,0.86,0.86,0.86,0.86,0.86,0.86,0.86,-1.13,0.86,0.86,0.86,0.86,0.86,0.86,0.86,0.86,0.74,0.86,0.86,0.86,0.86,0.86,0.86,0.86,0.86,0.86,0.84,0.86,0.86,0.86,0.83,0.86,0.86,0.86,0.86,0.86,0.86,0.85,0.84,0.86,0.82,-1.12,0.82,0.86,0.86,0.86,0.86,0.84,0.86,0.86,0.84,0.86,0.85,0.86,0.82,0.86,0.86,0.86,0.86,0.86,0.85,0.86,0.86,0.86,0.86,0.85,0.86,0.86,0.86,0.86,0.86,0.86,0.86,-1.08,0.83,0.86,0.86,0.86,0.84,-1.03,-1.09,0.85,0.86,0.86,0.86,0.86,0.86,0.85,0.86,0.86,0.86,0.85,0.86,0.86,0.85,0.86,0.84,0.86,0.86,0.86,0.86,0.8,0.86,0.86,0.86,-1.02,0.86,0.86,0.86,0.85,0.86,0.86,0.86,0.86,0.86,-1.14,0.86,0.86,0.86,0.86,0.86,-1.02,0.86,0.86,0.86,0.86,0.86,0.86,0.86,0.85,0.86,0.86,0.86,0.86,0.86,0.86,0.86,0.85,0.86,0.85,0.86,0.86,0.86,0.85,0.86,0.86,0.86,0.86,0.86,0.86,0.86,-1.01,0.85,0.86,0.86,0.86,0.86,0.86,0.86,0.86,0.86,0.86,0.86,0.86,0.86,0.86,0.86,0.86,0.86,0.84,0.86,0.86,0.83,0.86,0.86,0.86,0.86,0.85,0.86,0.86,-1.06,0.83,0.86,0.78,0.86,0.86,0.86,0.86,0.86,0.85,-1.02,0.84,0.86,0.85,0.85,0.86,0.86,0.86,0.85,0.86,0.84,-1.1,0.86,0.86,0.86,0.86,0.84,0.86,0.86,0.86,0.86,0.86,0.86,0.86,0.85,0.86,0.86,0.86,0.84,-1.11,0.86,0.86,0.86,0.86,0.86,0.85,0.86,0.86,0.83,0.86,0.86,0.86,0.86,0.86,0.86,0.86,0.86,0.86,0.85,0.85,0.86,0.86,0.86,0.85,-1.13,0.85,0.86,0.86,0.86,0.86,0.86,0.86,0.86,0.86,0.86,0.86,0.86,0.85,0.86,-1.05,0.86,-1.12,0.7,-1.13,0.86,0.77,0.85,0.86,0.86,0.86,0.86,-1.12,0.86,0.86,-1.06,0.86,0.86,0.86,0.86,-1.08,0.86,0.85,0.85,-1.03,0.85,0.86,0.86,0.86,0.75,0.84,0.86,0.86,0.85,0.86,0.86,0.84,0.86,0.86,0.86,0.86,0.86,0.86,0.86,0.86,0.86,-1.08,0.86,0.86,0.86,0.84,0.86,0.86,0.86,0.86,0.86,0.86,0.86,0.86,-1.09,0.86,0.86,0.86,0.86,0.86,0.86,0.86,0.86,0.86,0.86,0.86,0.86,0.86,0.86,0.86,0.85,0.86,0.86,0.86,0.86,0.86,0.86,0.86,0.85,-1.07,-1.01,0.85,0.84,0.86,-1.1,0.86,0.84,0.86,0.86,0.83,0.84,0.86,0.86,0.86,0.86,0.86,0.86,0.86,0.86,0.86,0.85,0.86,0.86,0.86,0.86,0.86,0.84,0.85,0.86,0.86,0.86,0.86,0.86,0.86,0.86,0.86,0.86,0.86,0.86,0.82,0.84,0.86,0.86,0.86,0.86,0.85,0.86,0.86,0.86,0.86,0.86,0.85,0.86,0.81,0.86,0.86,0.86,0.86,-1.01,0.85,0.86,0.86,0.86,0.86,0.86,0.86,0.86,0.86,0.86,0.85,0.86,0.86,0.84,0.85,0.84,0.86,0.86,0.76,0.85,0.86,0.86,0.86,0.86,-1.04,0.85,0.86,0.86,0.86,0.86,0.86,0.86,0.86,0.85,0.86,0.86,0.86,0.86,0.82,0.86,0.85,0.86,0.85,0.85,0.85,0.86,0.86,0.86,0.86,0.86,0.85,0.86,0.86,0.86,0.85,0.86,0.86,0.86,0.86,0.86,0.86,0.86,0.83,0.86,0.86,0.84,-1.0,0.85,0.86,-1.05,0.86,0.86,-1.07,0.84,0.86,0.85,0.86,0.86,0.86,0.75,0.86,-1.12,0.86,0.86,0.86,0.85,0.84,0.86,0.86,0.86,0.86,0.86,0.86,-1.01,0.86,0.85,0.84,0.86,0.86,0.86,0.84,0.86,0.86,0.86,0.86,0.86,0.86,-1.12,0.86,-1.03,-1.05,0.86,0.84,0.73,0.86,0.86,0.86,0.84,0.86,0.86,0.84,0.86,0.86,0.86,0.86,-1.12,0.86,0.86,0.86,-1.1,0.84,0.85,0.86,0.84,0.85,0.84,0.85,0.86,0.83,0.83,0.85,0.86,0.81,0.83,0.86,0.86,0.86,0.86,0.86,0.86,0.86,0.86,0.86,0.86,0.86,0.86,0.86,0.86,0.86,0.86,0.83,0.86,0.86,0.86,0.86,0.85,0.86,0.86,0.77,0.86,-1.05,-1.11,0.85,0.86,-1.25,0.86,0.85,0.86,0.85,0.85,0.86,0.85,0.86,0.84,0.77,0.7,0.86,0.81,0.85,0.84,0.85,0.86,0.86,0.85,0.86,0.86,0.86,0.86,0.84,0.86,0.86,0.86,0.85,0.86,0.86,0.86,0.86,0.86,0.86,0.86,0.86,0.74,0.86,0.84,0.86,0.86,0.84,0.85,-1.12,0.83,0.86,0.86,0.86,-1.1,0.86,0.86,0.86,0.86,0.86,0.82,0.86,0.86,0.86,0.86,0.86,0.86,0.86,0.86,0.86,0.86,0.86,0.86,0.86,0.84,0.81,0.85,0.86,0.86,0.86,-1.07,0.85,0.86,0.85,0.84,0.86,0.84,0.85,0.86,0.86,0.86,0.86,0.86,0.86,0.86,0.86,0.86,-1.14,0.86,0.85,0.85,0.86,0.86,0.86,0.86,0.86,0.86,0.83,0.86,0.85,-1.03,-1.08,0.85,0.86,0.86,0.86,0.86,0.86,0.86,0.86,0.86,0.86,0.86,0.86,0.85,0.84,0.86,0.86,0.82,-1.08,0.86,0.85,0.86,0.84,-1.15,0.82,0.86,0.84,0.86,0.86,0.86,-1.11,0.85,0.85,0.86,0.86,0.85,0.86,0.85,0.86,0.86,-1.11,0.86,0.86,0.86,0.86,0.86,0.86,-1.13,0.86,0.86,0.86,0.86,0.86,0.86,0.85,0.86,0.86,0.86,0.86,0.86,0.86,0.86,0.84,0.86,0.86,0.86,0.86,0.84,0.86,0.86,0.86,-1.05,0.86,0.85,0.85,0.85,-1.03,0.85,0.84,0.86,0.86,0.86,0.84,0.85,0.86,-1.15,0.86,0.84,-1.08,0.86,0.86,0.86,0.86,0.84,0.86,0.86,0.86,0.86,0.86,0.86,0.86,0.85,0.86,0.86,0.86,0.86,0.86,0.86,0.85,0.86,0.85,0.85,0.86,0.86,-1.03,0.86,0.86,-1.01,-1.06,-1.06,0.84,0.86,0.76,0.86,0.86,0.86,0.86,0.86,0.86,0.83,0.86,0.86,0.86,0.86,0.86,0.86,0.84,0.86,0.85,0.86,0.86,0.86,0.86,0.86,0.84,0.82,0.86,0.86,0.86,0.86,0.85,0.86,0.86,0.86,0.86,0.85,0.86,0.85,0.86,-1.1,-1.1,0.86,0.86,0.86,0.86,0.86,-1.03,0.85,0.84,0.86,0.85,0.82,0.86,0.86,0.73,0.85,0.86,0.81,0.86,0.86,0.84,0.86,0.86,0.86,0.84,0.84,0.86,0.86,0.86,0.86,0.85,0.86,0.86,0.86,0.86,0.86,0.86,0.86,0.86,0.86,0.86,0.86,0.86,-1.12,0.86,0.86,0.86,0.86,-1.11,0.85,-1.05,0.86,0.71,0.85,0.84,0.86,0.86,0.86,0.86,0.86,0.86,0.86,0.85,0.85,0.86,0.86,0.86,0.84,0.86,0.85,0.86,0.85,0.84,0.84,0.86,0.86,0.85,0.86,0.86,0.86,-1.04,0.86,0.86,0.86,0.86,0.86,0.86,0.86,0.86,0.86,0.86,0.86,0.86,0.84,-1.02,0.86,0.86,0.84,0.85,0.86,0.86,0.84,0.86,0.86,0.86,0.84,-1.04,0.86,0.86,0.73,0.83,0.84,0.83,0.86,0.86,0.74,0.86,0.86,0.86,0.86,0.86,0.86,0.86,0.86,0.86,0.86,0.85,0.86,0.86,0.86,0.86,0.86,0.86,0.86,0.86,0.75,0.86,0.86,0.86,0.86,0.86,0.86,0.86,0.86,0.85,0.84,0.86,0.74,0.86,0.86,0.83,0.86,0.86,0.86,0.76,0.83,0.85,0.86,0.86,0.86,0.72,0.86,0.86,0.85,0.86,0.86,0.86,0.86,-1.12,0.86,0.85,0.86,0.86,0.78,0.86,0.86,0.85,0.86,-1.02,0.86,0.86,0.86,0.86,0.86,0.86,0.86,0.86,0.86,-1.09,0.86,0.86,0.86,0.86,0.86,0.86,0.83,0.85,0.85,0.86,0.86,0.86,0.86,0.86,0.86,0.86,0.86,-1.02,0.86,-1.11,0.85,0.86,-1.14,-1.06,-1.07,0.84,0.86,0.86,0.86,0.86,0.86,0.86,0.86,0.86,0.86,0.86,0.85,0.86,0.86,0.86,0.86,0.86,0.86,0.86,0.86,0.86,0.85,0.83,0.86,0.85,0.86,0.86,0.79,0.86,0.86,0.86,0.86,0.86,0.86,0.86,0.86,0.86,0.86,0.86,0.72,0.86,-1.1,0.86,0.77,0.83,0.86,0.86,0.86,0.86,0.86,0.86,0.86,0.86,0.78,0.85,0.86,0.85,0.86,0.86,0.86,0.86,0.86,0.71,0.84,0.86,0.86,0.86,0.86,0.74,0.86,0.82,0.85,0.86,0.77,0.86,0.86,0.86,0.86,0.86,0.86,0.85,0.86,0.86,0.85,0.83,0.86,0.85,0.86,0.86,0.86,0.86,0.86,0.84,-1.05,0.86,0.85,0.86,0.85,0.86,0.86,0.86,0.86,0.86,0.86,0.86,0.86,0.85,0.86,0.86,0.85,0.86,0.86,0.86,0.84,-1.1,0.86,0.84,0.86,0.86,0.86,0.86,0.86,0.73,0.86,0.86,0.86,-1.13,0.85,0.86,0.86,0.86,0.76,0.85,0.86,0.86,0.86,0.86,-1.1,0.86,0.86,0.86,0.84,0.86,0.85,0.86,-1.15,0.86,0.79,-1.13,0.86,0.86,0.86,0.85,0.86,0.86,0.86,-1.08,0.86,0.86,0.84,0.86,-1.0,0.86,-1.13,0.85,0.85,0.85,0.84,0.86,0.86,0.86,0.86,-1.0,0.86,0.86,0.84,0.86,0.84,0.86,0.86,0.86,0.86,-1.03,0.78,-1.02,0.86,0.86,0.84,0.86,0.86,0.86,0.86,0.83,0.86,0.86,0.84,0.85,0.86,0.86,0.78,0.86,0.86,0.86,0.85,0.86,0.86,0.86,0.86,0.86,0.86,0.86,0.85,0.86,0.86,0.86,0.86,-1.02,0.83,0.86,-1.04,0.85,0.86,0.86,-1.09,0.71,0.86,-1.13,0.86,0.86,-1.13,0.86,0.84,0.85,-1.01,-1.04,0.78,0.85,0.84,0.86,0.86,0.86,0.72,0.83,0.86,0.86,0.86,0.86,-1.03,0.85,0.84,-1.03,0.86,0.72,0.86,0.86,0.86,0.84,0.86,0.86
0.72,0.85,-1.0,-1.2,-1.23,0.82,-1.2,-1.03,0.85,-1.08,0.84,-1.02,0.84,-1.15,-1.08,-1.11,0.79,0.8,0.68,0.83,0.81,0.74,0.83,0.85,-1.07,0.77,-1.16,0.78,0.84,0.78,-1.03,0.83,0.86,0.83,0.84,0.83,0.85,0.78,0.86,0.83,0.81,0.86,0.79,0.84,0.83,0.84,0.82,0.83,0.86,0.86,0.86,0.85,0.69,0.86,0.86,0.86,0.86,0.78,0.86,0.86,0.86,0.86,0.86,-1.14,0.86,0.86,0.86,0.86,0.86,0.86,0.86,0.84,0.83,0.86,0.86,0.85,0.86,0.79,0.86,0.86,0.86,-1.13,0.86,0.84,0.85,0.86,0.86,0.86,0.86,0.84,0.86,0.84,0.86,0.86,0.86,0.86,0.86,0.83,0.84,0.86,0.86,0.86,0.86,0.86,0.86,0.86,0.86,0.86,0.86,0.85,0.86,0.86,0.86,-1.12,0.86,0.86,0.86,0.86,0.86,0.86,0.85,0.86,0.86,0.84,0.86,0.86,0.86,-1.14,0.86,0.86,0.86,0.86,0.86,0.86,0.86,0.86,0.86,0.86,0.86,0.86,0.86,0.77,0.86,0.86,-1.12,0.77,0.82,0.86,0.86,0.86,0.86,-1.09,0.86,0.86,0.85,0.86,-1.03,0.86,0.86,0.86,0.86,0.84,0.86,0.86,0.86,0.86,0.86,0.86,0.84,0.86,0.86,0.85,0.72,0.8,0.84,0.86,0.86,0.85,0.86,0.83,0.86,0.86,0.86,0.86,0.85,0.86,0.82,0.82,-1.08,0.85,0.86,0.86,0.86,0.86,0.86,0.86,0.85,0.86,0.84,0.85,0.86,0.86,-1.12,0.86,0.86,0.86,0.86,0.86,0.86,0.86,0.86,0.86,0.86,0.86,0.86,0.83,0.86,0.86,-1.04,0.86,0.86,0.84,0.86,0.72,-1.04,0.84,-1.14,0.86,0.86,0.86,0.86,0.86,0.85,0.86,0.86,0.86,0.86,0.86,0.86,0.86,0.86,0.85,0.86,0.84,-1.14,0.86,0.74,0.84,0.86,0.84,0.86,0.84,0.85,0.86,0.86,0.86,0.86,0.86,0.86,0.86,0.86,0.86,-1.09,0.84,-1.08,0.86,0.86,0.86,0.86,0.86,0.84,0.86,0.86,0.83,0.86,0.72,0.86,0.86,0.86,0.85,0.86,0.86,0.86,0.86,0.86,0.84,0.86,0.86,0.86,0.86,0.86,0.86,0.86,0.84,0.86,-1.2,0.86,0.86,0.86,0.85,0.86,0.86,0.84,-1.02,0.86,0.86,0.86,0.84,0.86,0.86,0.86,0.86,0.86,0.86,0.86,0.85,0.86,0.86,0.86,0.86,0.86,0.86,0.85,-1.04,0.86,0.86,0.86,0.77,0.86,0.86,0.86,-1.13,0.86,0.86,0.86,0.86,0.86,0.84,0.86,0.86,0.85,0.86,0.86,0.86,0.86,0.83,0.86,0.86,0.86,0.86,0.86,0.86,0.86,0.86,0.86,0.86,0.86,0.86,0.84,0.86,0.86,0.86,0.85,0.86,0.86,0.84,-1.19,0.86,0.86,0.86,0.86,0.86,-1.01,0.86,0.84,0.86,0.86,0.84,0.86,0.81,0.86,0.86,0.86,0.86,0.86,0.84,0.86,0.86,0.84,0.86,0.86,0.86,0.86,0.86,0.86,0.86,-1.02,0.75,0.86,0.85,0.86,0.86,0.86,0.86,0.86,0.84,0.85,0.86,0.86,0.86,0.86,0.86,0.86,0.83,0.86,0.86,0.86,0.86,0.86,0.86,0.86,0.86,0.86,0.86,0.86,0.86,0.86,0.86,0.86,-1.08,-1.04,0.85,0.86,0.86,0.86,0.86,-1.09,0.85,0.86,0.86,0.86,0.86,0.86,0.86,0.86,0.86,-1.03,0.86,0.86,0.86,0.86,0.86,0.86,0.86,0.86,0.86,0.86,0.85,0.86,0.85,0.86,0.86,0.86,0.86,0.86,0.86,0.84,0.86,0.85,0.86,0.86,-1.02,0.86,0.86,0.86,0.86,0.86,0.86,0.86,0.86,0.86,0.86,0.86,0.86,0.83,-1.03,-1.02,0.86,0.85,0.86,0.86,0.86,0.86,0.84,0.85,0.85,0.86,0.86,0.84,0.86,0.86,0.84,0.84,0.85,0.86,0.86,0.86,0.86,0.84,0.86,0.83,0.84,0.86,0.85,0.86,0.86,0.86,0.84,0.86,0.76,0.86,-1.12,-1.0,0.86,0.86,0.86,0.86,0.86,0.83,0.86,0.84,0.86,0.86,0.85,0.86,0.85,-1.05,0.86,0.86,-1.0,0.85,0.85,0.86,-1.02,0.86,0.85,0.78,0.85,0.86,0.86,0.86,0.85,0.84,0.86,0.86,0.86,0.86,0.85,0.83,0.84,0.86,0.86,0.86,0.85,0.86,0.86,0.85,0.86,0.86,0.86,0.86,0.86,0.86,0.86,0.86,0.86,-1.03,0.86,0.86,0.85,0.85,0.84,0.86,0.84,-1.14,0.71,0.84,0.86,0.86,0.86,0.86,0.86,0.86,0.86,0.86,0.86,0.75,0.86,0.86,0.86,0.86,0.86,0.86,0.86,0.86,0.86,0.78,0.86,0.86,0.86,0.86,0.86,0.86,0.86,0.86,0.83,0.86,0.86,0.86,0.84,0.86,0.86,0.86,0.86,0.86,0.86,0.86,0.86,0.86,0.81,0.86,0.86,0.85,0.85,0.86,0.84,0.85,0.86,0.86,-1.03,0.86,0.86,0.86,-1.13,-1.05,0.86,0.86,0.86,0.86,0.84,0.86,0.86,0.86,0.82,0.84,0.86,-1.03,0.86,0.86,0.86,0.86,0.86,0.84,0.86,-1.03,0.85,0.86,0.86,0.86,0.86,0.86,0.86,0.83,0.86,0.85,0.86,0.86,0.85,0.85,0.86,0.83,0.86,0.86,0.72,0.86,0.86,0.86,0.86,0.86,0.86,0.86,0.86,0.86,0.86,0.86,0.86,-1.07,0.85,0.86,0.86,0.85,0.86,0.86,0.85,0.86,0.86,0.86,0.86,0.86,0.72,0.86,0.86,0.86,0.86,0.86,0.86,0.86,0.86,0.86,0.86,0.86,0.86,0.85,0.86,0.86,0.86,0.73,0.86,0.86,0.86,0.86,0.86,0.86,0.83,0.86,0.86,0.72,0.86,0.85,0.76,0.86,0.86,0.86,-1.02,0.86,0.84,0.84,0.86,0.86,0.86,0.86,0.78,0.86,0.84,0.86,0.86,0.86,0.86,0.86,0.86,0.86,0.86,0.86,0.84,0.86,0.86,0.86,0.86,0.86,0.86,0.86,-1.02,0.86,0.72,0.86,0.84,0.86,0.86,0.86,0.84,0.86,0.86,0.84,0.86,0.86,0.84,0.86,0.86,-1.04,0.85,0.71,-1.02,0.86,0.85,0.86,0.86,0.86,0.73,0.86,0.86,0.86,0.86,0.83,0.86,0.86,0.83,0.86,0.86,0.86,0.86,0.83,0.86,0.86,0.86,0.86,0.86,0.83,0.86,0.85,0.86,0.86,-1.0,0.86,0.86,0.86,0.86,0.76,-1.12,0.86,0.86,0.86,0.86,0.86,0.83,0.79,0.86,0.86,0.86,-1.11,0.86,0.84,0.84,0.84,0.86,0.86,0.86,0.85,0.85,0.86,0.85,0.86,0.86,0.86,0.86,0.86,0.86,0.85,0.71,0.86,0.86,0.86,-1.07,0.86,0.86,0.85,0.86,0.83,-1.09,0.85,0.86,0.86,0.85,0.86,0.86,0.86,0.86,0.83,0.86,-1.11,0.86,0.86,0.85,0.86,0.86,0.86,0.86,0.84,0.86,0.86,0.85,0.86,-1.0,0.86,0.86,0.86,0.86,0.86,0.86,0.86,0.86,0.86,0.86,0.86,0.86,0.86,0.86,0.86,0.86,0.86,0.86,0.86,0.86,0.86,-1.2,0.85,0.86,0.85,0.86,-1.14,-1.26,0.86,0.86,0.86,0.7,-1.04,0.84,0.86,0.86,0.86,0.86,0.86,0.86,-1.02,0.85,0.86,0.86,0.86,0.86,0.86,0.84,0.84,0.82,0.86,0.76,0.86,0.86,0.86,-1.02,0.86,-1.14,0.84,0.86,0.86,0.86,0.86,0.86,0.86,0.86,0.86,0.84,0.86,0.86,0.86,0.84,0.76,0.85,0.86,0.84,0.86,0.84,0.86,0.86,0.86,0.85,0.85,0.86,0.86,0.86,0.86,0.85,0.86,0.86,0.86,0.86,0.86,0.86,0.86,0.86,0.86,0.86,0.86,0.84,0.86,0.86,-1.08,0.86,0.86,-1.09,0.86,0.86,0.86,0.86,0.86,0.86,0.84,0.86,0.86,0.84,-1.0,0.72,0.84,0.86,0.86,0.86,0.85,0.86,0.86,0.86,0.86,0.85,0.86,0.86,0.75,0.86,0.75,0.85,0.86,0.86,0.86,0.79,0.86,0.7,0.86,0.86,0.86,0.86,0.86,0.86,0.86,0.86,0.86,0.86,0.84,0.86,0.86,0.86,-1.02,0.86,0.86,0.86,0.84,0.85,0.86,0.85,0.86,0.86,0.86,0.86,0.86,0.86,0.86,0.81,0.86,0.82,0.86,0.86,0.86,0.86,0.86,0.85,0.86,0.86,0.86,0.85,0.84,0.86,0.86,0.86,0.86,0.84,0.86,-1.09,0.86,0.86,-1.2,-1.02,0.86,0.86,0.86,0.86,0.85,0.86,0.86,0.86,0.86,0.86,0.86,0.86,0.86,0.86,0.86,0.86,0.86,0.86,0.82,0.85,0.85,0.86,0.83,0.86,0.86,0.86,0.86,0.85,0.86,0.86,0.86,0.86,0.86,0.85,0.86,0.86,0.86,0.86,0.86,0.85,0.86,0.86,0.85,0.86,0.86,0.85,0.86,0.73,0.86,0.86,0.86,0.86,0.86,0.86,0.84,0.86,0.86,0.86,0.86,0.86,0.86,0.86,0.86,0.86,0.86,0.75,0.86,0.86,0.86,0.86,0.74,0.86,0.86,0.86,0.86,0.86,0.86,0.86,0.86,0.86,0.85,0.86,0.85,0.86,0.86,0.86,0.86,0.86,0.86,0.86,0.86,0.86,0.86,0.85,0.84,0.86,0.86,0.86,0.86,0.82,0.84,-1.02,0.86,0.86,0.86,0.86,0.85,0.85,0.85,0.86,-1.1,0.85,0.86,0.82,0.85,0.86,0.86,0.86,0.83,0.71,0.86,0.85,0.86,0.86,-1.15,0.85,0.85,0.86,0.86,0.84,0.86,0.86,0.86,-1.0,0.86,-1.02,0.86,0.86,0.86,0.86,0.86,-1.12,0.84,0.84,-1.14,0.84,0.86,0.86,0.86,0.86,0.86,0.86,0.86,0.86,0.86,0.86,0.86,0.86,0.86,0.86,0.86,0.72,-1.07,0.84,0.86,0.84,0.86,0.86,0.86,0.84,0.85,0.86,0.86,-1.02,-1.11,0.86,0.86,0.85,0.86,0.86,0.82,0.85,0.86,0.86,0.86,0.86,0.86,0.86,0.86,-1.14,0.86,0.86,-1.06,0.86,0.86,0.85,0.86,0.86,0.86,0.85,0.86,0.86,0.86,0.84,0.86,0.86,-1.09,0.86,0.86,0.86,0.86,0.86,0.86,0.86,0.86,0.86,0.86,0.84,0.86,0.86,0.86,0.86,0.86,-1.13,0.85,0.86,0.86,0.86,0.86,0.86,0.71,0.86,0.84,0.86,0.86,0.86,0.76,0.86,0.86,-1.03,0.84,0.85,0.68,0.86,0.86,0.86,0.86,-1.04,0.86,0.86,0.86,0.83,0.83,0.84,0.84,0.84,-1.03,0.85,0.84,0.86,0.86,0.86,-1.04,0.85,0.86,-1.13,0.85,0.86,0.86,0.82,0.86,0.86,0.86,0.86,-1.08,0.86,-1.02,0.68,0.86,0.86,0.86,0.86,0.86,0.86,0.86,-1.01,0.85,0.84,0.85,0.86,0.86,0.86,0.86,0.86,0.86,0.86,0.86,0.86,0.86,0.86,-1.07,0.86,0.86,0.86,0.86,0.85,0.86,0.85,0.86,0.86,0.86,0.86,0.86,0.84,0.86,0.86,0.79,0.83,0.86,0.86,0.86,0.86,0.83,0.86,0.86,0.86,-1.0,0.85,0.86,0.86,0.77,0.86,0.85,0.86,0.86,0.86,0.86,0.86,0.86,0.86,0.86,0.86,0.85,0.86,0.86,0.86,0.72,0.86,0.84,0.83,0.85,0.86,0.86,0.86,0.86,0.86,0.86,0.84,0.85,0.86,0.86,0.86,0.84,-1.13,0.86,0.86,0.81,0.86,0.85,0.86,0.86,0.86,0.81,0.85,0.86,0.86,0.86,0.84,0.86,0.86,0.86,0.86,-1.03,-1.11,-1.06,0.78,0.82,0.75,0.86,0.84,0.86,0.86,-1.11,0.86,0.86,0.85,0.86,0.86,0.86,0.86,-1.08,0.85,0.85,0.85,0.85,0.85,0.86,0.86,0.86,0.78,0.85,0.85,0.84,0.65,0.85,-1.15,0.86,0.86,0.86,-1.01,0.86,0.86,0.86,0.84,-1.07,-1.07,0.84,-1.07,0.85,0.86,0.85,0.85,0.86,0.86,0.86,0.86,0.86,0.85,0.86,-1.09,0.84,-1.02,0.86,0.86,0.86,0.86,0.85,0.86,0.86,0.86,0.85,0.86,0.86,0.84,0.86,0.86,0.86,0.86,0.86,0.86,0.86,0.86,0.86,0.86,0.86,0.85,0.84,0.86,0.86,-1.06,0.86,0.86,0.86,0.86,0.86,0.86,0.86,0.85,0.82,0.86,0.85,0.86,0.86,0.86,0.86,0.85,0.86,0.86,0.85,0.86,0.86,0.86,0.78,0.86,0.86,-1.06,0.85,0.86,0.85,0.86,-1.05,0.86,0.86,0.86,0.86,0.86,0.86,0.86,0.86,0.86,0.85,0.86,0.86,0.86,0.85,0.86,0.83,0.85,0.86,-1.1,0.85,0.86,0.86,0.85,0.86,0.86,0.84,0.86,-1.04,-1.13,0.85,0.86,0.86,0.7,0.86,0.85,0.86,0.73,0.86,0.86,0.86,0.86,0.86,0.86,0.84,0.86,0.83,0.86,0.86,0.86,0.86,0.86,0.86,0.86,0.86,0.86,0.86,0.85,-1.14,0.84,0.86,0.86,-1.13,0.85,0.85,0.84,0.86,-1.11,0.85,0.86,0.86,0.85,0.82,0.85,0.86,0.84,-1.21,0.86,0.85,0.86,-1.13,0.86,0.86,0.86,0.85,0.86,0.86,0.86,-1.06,0.85,0.83,0.85,0.86,-1.13,0.86,-1.17,0.82,0.83,0.86,0.86,0.86,0.85,0.84,0.81,0.85,0.86,0.86,0.86,0.86,0.84,0.84,0.86,0.86,0.86,0.86,0.85,0.85,0.85,-1.12,0.84,0.85,0.86,0.86,0.86,0.83,-1.03,0.84,0.86,0.84,0.86,0.86,0.86,0.85,0.85,0.86,0.86,0.86,0.86,0.86,0.86,0.83,0.86,0.86,0.86,0.86,0.86,0.86,0.86,0.8,0.86,0.86,0.72,0.86,0.86,0.86,-1.15,0.86,0.86,0.86,-1.03,0.86,0.86,0.86,0.86,0.86,0.86,0.71,0.83,0.86,0.86,0.86,0.86,0.86,0.86,0.86,0.85,0.86,0.86,0.86,0.86,0.85,0.83,0.85,0.86,-1.07,0.86,0.86,0.86,0.86,0.86,0.86,0.84,0.86,0.86,-1.12,0.61,0.85,0.86,0.86,0.78,0.86,0.86,0.86,0.84,-1.13,0.86,0.86,-1.12,0.84,0.86,0.71,0.86,0.86,0.86,0.86,0.86,0.86,0.84,0.86,0.86,0.85,0.86,0.86,0.86,0.84,0.86,0.84,0.85,0.86,0.86,0.86,0.86,0.86,0.86,0.86,0.86,0.86,0.84,0.86,-1.03,0.86,0.85,0.86,0.86,0.86,0.86,0.86,0.77,-1.0,0.86,0.86,0.86,0.86,0.84,0.86,0.86,0.86,0.86,0.86,0.86,0.86,0.86,0.86,0.86,0.86,0.86,0.86,-1.13,0.86,0.86,0.86,0.86,0.86,0.86,0.86,0.86,0.86,0.86,0.86,0.86,0.86,0.83,0.86,0.86,0.85,0.85,0.86,0.86,0.86,0.86,0.84,-1.13,0.86,0.86,0.86,0.86,0.86,-1.01,0.84,0.86,-1.07,0.86,-1.02,0.86,0.83,0.86,0.86,0.86,0.85,0.84,0.86,-1.08,0.84,0.86,0.86,0.86,0.86,0.86,0.86,0.86,0.86,0.86,-1.1,0.85,0.86,0.84,0.86,0.86,0.86,0.86,0.86,0.86,-1.03,0.85,0.86,0.84,0.86,0.76,0.86,0.86,0.86,0.86,-1.14,0.86,0.86,-1.05,0.86,0.83,0.86,0.86,0.86,0.86,0.86,0.84,0.86,0.85,0.84,0.86,0.86,0.86,0.86,0.72,0.86,0.84,0.86,0.84,0.86,0.86,0.86,0.86,0.86,0.86,0.86,0.86,0.7,0.86,0.86,0.86,0.86,0.86,0.86,0.85,0.86,0.86,0.79,0.71,0.86,0.85,0.86,0.86,0.86,0.86,0.85,-1.04,0.85,0.86,0.86,0.86,0.86,0.86,0.85,0.86,0.86,0.86,0.86,0.85,0.86,0.86,0.86,-1.09,0.86,0.86,0.86,0.86,0.74,0.85,0.86,0.86,0.86,0.86,0.86,0.86,0.86,0.85,0.86,0.86,0.86,0.85,0.83,0.86,0.84,0.86,0.85,0.86,0.86,0.86,0.84,0.86,0.86,0.86,0.86,0.86,0.86,0.84,0.85,-1.12,0.85,0.86,0.86,0.86,0.86,0.86,0.86,-1.12,0.86,-1.07,0.86,0.86,0.85,0.86,0.85,0.86,0.86,0.86,0.86,0.85,0.86,0.86,0.86,0.86,0.85,-1.0,0.86,0.86,0.79,0.86,0.86,0.86,0.86,0.86,0.86,0.76,0.86,-1.07,0.86,0.84,0.86,0.86,-1.12,0.86,0.86,0.86,0.86,0.86,0.84,0.86,0.86,0.86,0.86,0.86,-1.04,0.86,0.86,0.86,0.86,0.86,0.85,0.86,0.86,0.74,0.86,0.86,0.86,0.86,0.85,0.86,0.86,0.86,0.86,0.83,0.86,0.86,0.86,0.85,0.86,0.84,0.86,0.86,0.86,0.86,0.86,0.86,0.86,0.86,0.82,0.86,0.86,0.86,0.84,0.86,0.86,-1.05,0.86,0.86,0.86,0.85,0.86,0.86,0.86,0.86,0.86,0.86,0.84,0.86,0.86,0.86,0.86,-1.07,0.86,0.86,0.86,0.86,0.85,0.85,-1.02,0.85,0.85,0.86,0.86,0.84,0.86,-1.12,0.85,0.84,0.84,0.86,-1.09,0.84,-1.1,0.86,0.85,0.86,0.85,0.86,0.86,0.85,0.86,0.83,0.86,0.86,0.86,0.86,0.86,0.86,0.86,0.84,0.86,0.84,0.86,0.86,0.86,0.86,0.86,-1.12,-1.14,0.86,0.84,0.86,0.86,-1.08,0.86,0.85,0.86,0.86,0.84,0.7,0.84,0.84,0.86,0.86,0.86,-1.06,0.85,0.86,0.7,0.86,0.82,0.86,0.86,0.85,0.86,0.86,0.86,0.86,0.86,-1.14,0.86,0.86,0.86,0.86,0.84,0.86,0.86,0.85,0.86,0.86,0.86,0.86,0.86,0.86,0.86,0.86,0.86,0.86,0.86,0.86,0.86,0.86,0.86,0.86,0.86,0.86,0.86,0.86,0.86,0.83,0.86,0.86,0.86,-1.03,-1.06,0.84,0.85,0.85,0.86,0.86,0.85,0.86,0.84,0.86,0.82,-1.09,0.86,-1.06,0.82,0.85,0.68,0.72,0.86,0.85,0.86,-1.12,0.86,0.86,0.85,0.85,0.86,0.86,0.86,0.86,0.81,0.86,0.86,0.86,0.86,0.84,0.86,0.86,0.78,0.66,0.86,0.85,0.86,0.86,0.86,0.86,0.86,0.86,0.86,0.86,0.86,0.86,0.86,0.86,0.86,0.86,0.86,0.86,0.86,0.86,0.86,0.86,0.86,0.82,-1.07,0.85,0.86,0.86,0.83,0.86,0.86,0.86,0.84,-1.07,0.86,0.84,0.85,0.86,0.84,0.86,0.86,0.86,0.85,-1.03,0.86,0.86,0.85,0.86,0.86,-1.09,0.86,0.86,0.86,0.86,0.86,0.86,0.86,0.86,0.86,0.86,0.86,0.86,-1.13,0.86,0.86,0.76,0.86,0.86,0.86,0.84,0.84,0.85,0.86,0.86,0.86,0.86,0.86,0.86,0.85,0.86,0.85,0.86,0.86,-1.02,0.86,0.85,-1.02,0.86,0.85,-1.05,0.86,0.86,0.86,0.86,0.86,0.84,0.86,0.86,0.86,0.86,0.86,0.86,0.86,0.86,0.86,0.86,0.86,-1.06,0.86,-1.07,0.85,0.86,0.86,0.86,0.86,0.86,0.86,0.86,0.86,0.86,0.86,0.86,0.86,0.86,0.86,0.86,0.86,0.85,0.86,0.86,0.86,0.86,0.84,0.86,0.86,0.86,0.86,0.86,0.86,0.86,-1.04,0.86,-1.16,0.86,0.86,0.86,0.86,0.86,0.84,0.86,0.84,0.86,0.86,0.85,0.84,0.86,0.86,0.86,0.84,0.85,0.85,0.86,-1.07,0.86,0.86,0.86,-1.03,0.86,0.85,0.85,0.86,0.86,0.86,0.84,0.86,0.86,-1.0,0.74,0.86,0.86,0.86,0.84,0.86,0.86,0.86,0.86,-1.02,0.78,0.86,0.86,0.86,0.86,0.86,0.86,0.86,0.85,0.86,0.86,0.86,0.86,0.86,0.86,0.86,0.86,0.86,0.86,0.86,0.86,0.86,0.86,-1.12,0.86,-1.05,0.86,0.86,0.86,0.86,-1.13,0.86,0.83,0.86,0.86,-1.03,0.84,0.86,0.86,0.86,0.86,0.86,0.86,0.86,0.86,0.86,0.86,0.83,0.86,0.86,0.86,0.86,-1.1,-1.14,0.85,0.75,0.85,0.85,0.86,0.86,0.86,0.86,0.86,-1.02,0.86,0.85,-1.11,0.86,0.86,0.86,0.83,0.86,0.86,0.86,0.76,0.86,0.73,0.86,0.86,0.86,0.79,0.85,0.86,0.86,0.85,0.86,0.86,0.85,0.84,0.86,0.86,0.85,0.86,-1.14,0.86,0.82,0.86,0.86,0.86,0.86,0.86,0.86,0.86,0.86,0.86,0.85,0.86,0.86,0.86,0.73,0.84,0.86,0.86,0.86,0.86,0.86,0.86,0.86,0.85,0.86,0.86,0.82,0.86,0.85,0.86,-1.02,0.86,0.86,0.86,0.86,0.86,0.86,0.86,0.75,0.86,0.86,0.86,-1.01,0.85,0.86,0.86,0.86,0.84,0.72,0.86,0.86,0.86,0.86,0.86,0.86,0.86,0.86,-1.0,0.86,0.86,0.86,0.86,0.76,0.86,0.86,0.86,0.86,0.86,0.86,-1.01,0.85,0.86,0.86,0.86,0.86,-1.14,0.86,0.85,0.84,0.86,0.85,0.86,0.86,0.84,0.86,0.84,0.86,0.84,0.86,0.86,0.86,0.86,-1.13,0.85,0.86,0.86,0.86,-1.04,0.86,0.84,0.86,0.86,0.86,0.86,0.86,0.86,0.85,0.86,0.85,0.86,0.86,0.86,0.86,0.86,0.86,0.83,0.86,0.86,-1.1,0.85,0.86,0.86,0.86,0.86,0.83,0.86,0.86,0.86,0.86,0.86,0.86,0.86,0.86,0.83,0.86,0.85,0.85,0.86,0.86,0.86,0.86,0.86,0.86,0.86,0.85,-1.12,0.86,0.84,-1.02,0.85,0.86,0.86,0.86,0.86,0.86,0.82,0.86,0.86,0.86,0.86,0.86,0.86,0.86,0.86,-1.13,0.71,0.85,0.85,0.86,0.86,0.86,0.86,0.86,0.86,-1.03,0.86,0.86,0.86,0.86,0.86,0.86,0.86,0.86,0.86,0.86,0.86,0.86,0.86,-1.08,0.85,0.86,0.86,0.86,0.86,0.84,0.86,0.86,0.84,0.86,0.86,0.86,0.86,0.86,0.78,0.85,0.84,-1.12,0.85,0.85,-1.12,0.86,0.84,0.86,0.84,0.86,-1.06,0.86,0.85,0.86,0.86,0.86,0.86,0.86,0.86,0.85,0.86,0.86,-1.03,0.86,0.86,0.86,0.86,0.86,-1.09,0.84,0.86,0.86,0.85,0.86,0.86,0.86,0.83,0.86,0.85,0.84,0.86,0.85,0.86,0.86,0.86,0.86,0.86,0.86,0.86,0.86,0.86,0.86,0.86,0.86,0.86,0.86,0.84,0.86,0.86,0.86,0.85,0.86,0.86,0.86,0.85,0.84,0.86,0.86,0.83,0.86,0.86,0.86,0.72,0.86,0.86,0.86,0.85,0.86,0.85,0.86,0.86,0.86,0.83,0.86,0.86,0.85,0.86,0.86,0.86,0.85,0.86,0.84,0.79,0.84,0.78,0.86,0.86,0.86,0.86,0.86,0.86,0.86,0.86,0.86,0.83,0.85,0.86,0.86,0.86,0.86,0.86,0.86,0.86,0.86,0.86,-1.03,0.86,0.86,0.86,0.86,0.86,0.86,0.86,0.81,0.8,0.86,0.86,0.86,0.86,0.86,0.86,0.86,0.86,0.86,-1.08,0.86,0.86,0.86,0.86,0.86,0.86,0.86,0.86,0.86,0.86,-1.26,0.85,0.86,0.86,0.86,0.75,0.86,0.86,0.86,0.86,-1.02,-1.11,0.86,0.85,0.86,-1.03,0.86,0.79,-1.15,0.82,0.86,0.8,0.86,0.86,-1.14,0.86,0.86,0.86,0.84,0.86,0.86,0.86,0.86,0.86,0.86,0.86,0.86,0.86,0.86,0.86,0.86,0.78,0.86,0.86,0.86,0.86,0.82,0.86,0.86,-1.14,0.86,-1.07,0.84,0.86,0.84,0.86,0.86,0.86,0.86,-1.1,0.85,0.83,0.86,0.86,0.86,0.86,0.82,0.86,0.86,-1.13,0.86,-1.05
-1.45,-1.03,0.82,-1.13,-1.04,-1.14,-1.17,0.79,0.83,0.85,0.8,-1.1,-1.41,-1.02,-1.17,0.82,-1.0,-1.16,0.8,0.85,0.82,0.74,0.68,0.86,-1.13,-1.04,0.86,-1.01,0.86,0.83,0.86,-1.14,0.78,0.67,0.86,0.85,0.83,-1.04,0.82,0.86,0.86,0.86,0.84,0.86,0.86,0.83,0.85,0.77,0.85,0.82,0.77,0.83,0.8,0.82,0.86,0.86,0.85,0.86,0.86,0.86,0.86,0.86,0.86,0.86,0.86,0.86,0.83,0.86,0.85,-1.13,0.86,0.86,0.86,-1.07,0.86,0.86,0.86,0.86,0.86,0.86,0.84,-1.07,-1.09,0.86,0.86,0.86,0.86,0.86,0.86,0.86,0.86,0.86,0.85,0.86,0.86,-1.09,0.83,0.86,0.86,0.86,0.86,0.86,-1.02,0.86,0.86,-1.14,0.86,0.86,0.86,0.85,0.84,0.86,0.86,0.86,0.86,0.86,-1.14,0.86,0.78,0.86,0.86,0.86,0.86,0.86,0.84,-1.07,0.86,0.86,0.86,0.86,-1.06,0.82,0.86,-1.13,0.86,0.86,0.85,0.84,0.86,0.86,0.86,0.86,0.86,0.86,0.86,0.75,0.86,-1.14,0.86,0.86,0.86,0.85,0.86,0.86,0.85,-1.04,0.86,0.86,0.86,0.86,0.86,0.86,0.86,0.86,0.86,0.81,-1.09,0.86,0.86,0.86,0.86,0.86,-1.03,0.85,0.86,0.86,0.86,0.86,0.85,0.84,0.86,0.86,-1.13,0.86,0.86,0.86,0.86,0.86,0.86,-1.12,0.86,0.86,0.85,0.86,0.85,0.86,0.86,0.86,-1.02,0.85,0.86,0.86,0.85,0.86,-1.16,0.86,0.86,0.86,0.85,0.84,0.86,0.86,0.85,-1.12,0.85,0.86,0.86,0.57,0.85,0.86,0.86,0.86,-1.12,0.86,0.85,0.86,0.86,0.83,0.86,0.86,0.86,0.86,0.86,-1.03,-1.11,0.79,0.86,0.85,0.86,0.86,0.86,0.84,0.86,0.83,0.86,0.86,0.71,0.84,0.71,0.86,0.85,0.84,0.86,-1.04,0.8,0.86,0.86,0.84,0.85,0.86,0.86,0.86,0.86,0.85,0.85,0.85,0.86,0.86,0.86,0.86,0.86,-1.08,0.86,0.85,0.86,-1.02,0.86,0.86,0.86,0.86,0.86,0.86,0.84,0.86,0.86,0.86,0.86,0.86,0.86,0.86,0.66,-1.02,0.86,0.86,0.86,0.86,-1.06,0.86,0.86,0.86,0.86,0.86,0.86,0.86,0.86,0.85,0.86,0.86,0.85,0.84,0.86,0.86,0.86,0.86,0.85,0.86,0.84,-1.11,0.85,0.86,0.85,0.86,0.86,0.86,0.86,0.86,0.86,0.86,0.86,0.86,0.86,0.86,0.86,0.85,0.86,0.86,-1.05,0.86,0.85,0.86,0.85,0.86,0.86,0.86,0.86,0.84,0.86,0.86,0.86,0.86,0.84,0.78,0.86,0.86,0.86,0.86,0.85,0.86,0.86,0.86,0.86,0.84,0.86,0.85,0.75,0.84,0.86,0.86,0.85,0.86,0.84,0.86,0.86,-1.08,0.86,0.86,0.86,-1.05,0.85,0.8,0.86,0.86,-1.04,0.86,0.86,0.86,0.86,0.85,0.84,0.86,0.86,0.85,0.86,0.86,0.86,0.86,-1.03,0.81,0.86,0.86,0.85,-1.06,-1.16,0.86,0.86,0.86,-1.1,0.83,0.73,0.83,0.84,0.86,0.86,0.84,0.85,0.86,0.86,0.86,0.86,0.86,0.86,0.86,0.86,0.86,-1.12,0.86,0.86,0.84,0.84,0.86,0.86,-1.22,0.86,0.86,0.86,0.86,0.85,0.85,0.84,0.86,0.85,0.86,0.86,0.86,-1.05,0.86,0.86,0.85,0.86,0.86,0.86,0.86,0.85,-1.06,0.84,0.86,0.86,0.75,0.86,0.86,0.86,0.86,0.71,0.86,0.84,0.86,0.84,0.86,0.86,0.86,0.86,0.86,0.86,0.86,0.86,0.86,0.86,0.86,0.86,0.86,0.86,0.86,0.86,0.86,0.75,0.86,0.86,0.86,0.86,0.86,0.86,0.85,0.86,0.86,0.86,0.86,0.86,0.86,0.85,0.86,0.86,0.86,0.86,0.85,0.86,0.84,0.86,0.84,0.86,0.86,0.85,0.86,0.86,0.85,-1.02,0.79,0.73,0.86,0.86,0.74,0.86,-1.03,0.86,-1.09,0.85,0.86,0.69,0.85,0.86,0.82,0.86,0.86,0.86,0.78,0.86,0.86,0.86,0.86,0.86,0.86,0.86,0.86,0.86,-1.01,0.86,-1.13,0.85,0.86,-1.04,0.84,0.86,0.85,0.86,0.86,0.86,0.78,0.86,0.86,0.86,0.86,0.86,0.86,0.86,0.86,0.86,0.86,0.86,-1.12,0.86,0.86,0.86,0.8,0.86,0.86,0.86,0.86,0.86,0.85,0.86,0.86,0.86,0.84,0.86,0.86,0.86,0.86,0.86,0.86,0.85,-1.09,-1.14,0.86,0.86,-1.02,0.86,0.86,0.83,0.86,-1.06,0.85,0.86,0.84,0.86,0.86,0.86,0.86,0.84,-1.07,0.86,0.85,0.86,0.86,0.86,0.86,0.86,0.86,-1.03,0.86,0.73,0.86,0.86,0.86,0.84,0.86,-1.2,0.86,0.86,-1.02,-1.15,0.85,0.85,0.86,0.86,0.84,0.85,0.86,0.86,0.85,0.86,0.86,0.86,-1.1,0.86,0.86,0.86,0.86,0.86,0.86,0.86,0.86,0.86,0.86,0.86,0.82,0.86,-1.15,0.82,0.86,0.82,-1.04,-1.12,0.86,0.86,0.86,0.86,0.86,0.86,0.86,0.86,0.85,0.86,0.84,0.86,0.86,0.86,0.86,0.85,0.86,0.86,0.85,-1.0,0.85,0.86,0.86,0.86,0.85,-1.14,0.86,0.86,0.86,0.86,-1.12,-1.07,0.86,0.86,0.84,0.86,0.86,0.86,0.86,0.84,0.86,0.86,-1.07,0.86,0.85,0.84,0.86,-1.04,0.86,0.84,0.86,0.84,0.86,0.86,0.86,0.86,0.86,0.84,0.86,0.86,0.86,-1.12,0.86,0.86,0.84,0.86,-1.08,0.84,0.86,0.86,0.86,0.86,0.86,0.84,0.86,0.86,0.86,0.86,0.86,0.86,-1.11,0.86,0.86,0.86,0.86,0.86,0.86,0.86,0.86,0.86,0.86,0.86,0.86,0.86,0.86,0.86,0.86,0.86,0.86,0.86,0.86,0.85,0.86,0.84,0.77,0.85,0.86,0.86,0.86,0.86,-1.03,0.86,0.84,-1.03,0.86,0.86,0.86,0.86,0.86,0.86,-1.1,0.86,0.86,0.76,0.86,0.75,0.86,0.86,0.86,0.86,0.86,0.86,0.86,0.85,0.86,0.86,0.71,0.86,0.86,0.86,0.85,0.82,0.86,0.86,0.86,-1.0,0.78,0.86,0.84,0.86,0.86,0.86,-1.02,0.84,0.86,0.86,0.86,0.81,0.86,-1.16,0.86,-1.05,0.86,0.78,0.72,0.86,0.86,0.86,0.86,0.86,0.86,0.86,0.86,-1.04,0.86,0.85,0.86,0.85,0.86,0.86,0.86,0.75,0.85,0.86,0.86,0.86,0.86,0.86,0.86,0.86,0.83,0.86,0.86,0.85,0.86,0.85,0.84,0.74,0.86,0.84,0.86,0.86,-1.11,0.83,0.86,0.85,0.86,0.86,0.86,0.86,0.86,0.86,0.86,0.86,0.86,0.86,0.86,0.84,0.84,0.86,0.86,0.86,0.86,0.86,0.86,0.86,0.86,-1.01,0.86,0.84,0.84,0.86,0.86,0.86,0.85,0.86,0.86,-1.12,0.86,0.86,0.86,0.86,0.8,0.86,0.86,0.84,0.86,-1.11,0.86,0.86,0.86,0.86,0.86,0.86,0.86,0.86,0.86,0.86,0.86,0.72,-1.08,-1.08,0.85,0.86,0.86,0.86,0.86,0.83,0.85,0.86,0.86,0.86,0.86,0.86,0.86,0.86,0.86,0.86,0.86,0.86,0.86,-1.07,-1.0,0.86,0.86,-1.12,0.86,0.86,0.86,0.71,0.85,0.86,0.86,0.86,0.86,0.86,0.86,0.86,0.85,-1.13,0.85,0.69,0.86,0.86,0.86,0.86,0.84,0.86,0.86,0.86,0.86,0.86,0.85,0.84,0.86,0.86,0.86,0.86,0.86,0.86,-1.03,0.85,0.86,0.85,0.83,0.86,0.86,0.86,-1.08,0.84,0.86,0.86,0.85,0.86,0.86,0.86,0.85,0.71,0.86,0.86,0.86,-1.01,0.86,0.86,-1.12,0.85,0.85,0.86,0.86,0.85,-1.21,0.85,0.86,0.86,0.86,0.86,0.86,0.86,0.86,0.86,0.86,0.86,0.86,0.86,0.86,0.86,0.86,0.86,0.86,0.86,0.86,0.86,0.86,0.86,0.86,0.77,0.85,0.85,0.78,0.86,0.86,0.86,0.81,0.86,0.86,0.86,0.85,0.86,0.86,0.86,0.86,0.83,0.86,0.84,0.86,0.85,0.86,0.86,0.86,0.86,0.86,0.86,0.8,0.85,0.86,0.86,0.86,0.86,-1.03,0.86,0.85,0.79,0.85,0.85,0.86,0.86,0.86,0.84,0.86,0.86,0.86,0.86,0.86,0.84,0.86,0.86,0.86,0.86,0.86,0.86,0.86,0.86,0.72,-1.13,0.86,0.86,0.86,0.86,0.84,0.86,0.86,0.85,0.84,0.86,-1.02,0.86,-1.0,0.8,0.86,0.86,0.86,0.86,0.85,0.86,0.86,0.86,0.86,0.86,0.85,0.86,0.86,0.85,0.84,0.86,0.86,0.86,0.84,0.86,0.86,-1.01,0.86,0.86,0.86,0.86,0.86,0.86,0.86,0.86,0.86,0.86,0.86,0.86,0.85,0.86,0.86,0.86,0.86,0.86,0.85,0.86,0.86,0.86,-1.0,0.86,0.86,0.86,0.86,0.86,0.86,0.85,0.86,0.86,0.86,0.86,0.86,0.86,0.86,0.75,0.76,-1.12,0.84,0.86,0.86,0.84,0.86,0.84,0.86,0.84,0.83,0.86,0.86,0.86,0.86,0.86,0.86,0.84,0.86,0.86,0.86,0.86,-1.12,0.86,0.86,0.86,-1.06,-1.04,-1.05,0.86,0.86,-1.08,0.86,0.86,0.83,0.86,0.86,0.86,-1.05,0.85,0.84,0.85,0.86,0.85,0.86,0.7,0.86,0.86,0.86,0.86,0.86,0.86,0.86,0.86,-1.03,0.86,0.86,0.86,0.86,0.86,0.86,0.86,0.86,0.86,-1.0,0.86,0.85,0.86,0.86,0.86,0.86,0.86,0.86,0.86,0.86,0.86,0.86,0.86,0.86,0.85,-1.05,0.76,0.86,0.86,0.86,0.86,0.86,0.85,0.86,0.86,-1.07,0.86,0.86,-1.11,0.86,0.86,0.86,0.85,0.86,0.85,0.86,0.86,0.86,0.84,0.86,0.86,0.86,0.86,-1.07,0.86,0.86,0.86,0.86,0.85,0.86,0.86,0.86,0.86,-1.13,0.86,0.86,0.86,0.86,0.86,0.86,0.85,0.86,0.85,0.86,0.86,0.71,0.86,0.86,0.75,0.86,0.86,0.84,0.86,0.86,0.86,0.86,0.86,0.86,0.86,0.86,0.86,0.86,0.86,0.85,0.84,-1.14,0.81,0.83,0.86,0.85,0.84,0.86,0.86,0.86,0.86,0.86,0.84,0.86,0.85,0.85,0.86,-1.13,0.86,0.86,0.86,0.84,0.83,0.84,0.86,0.86,0.86,0.86,0.86,0.85,0.86,0.86,0.86,0.82,0.86,0.86,0.86,0.86,0.86,0.86,-1.02,0.86,0.86,0.81,0.85,0.86,0.86,0.86,0.72,0.83,0.84,-1.19,0.85,0.86,0.85,0.85,0.84,0.86,0.86,0.86,0.74,0.74,0.83,0.86,0.86,0.86,0.86,0.86,0.86,0.73,0.86,0.86,0.86,0.86,0.86,0.85,0.86,0.86,0.86,0.85,0.86,0.85,0.86,0.86,0.85,0.85,0.86,0.86,0.86,0.86,0.86,0.85,0.86,0.84,0.84,0.86,0.86,0.84,0.86,0.86,0.86,0.86,0.86,0.86,0.86,0.86,0.86,0.86,0.85,0.86,0.86,0.86,0.86,0.86,0.86,0.83,0.86,0.86,0.76,0.86,0.86,0.86,0.76,0.85,0.86,0.86,0.86,-1.04,0.86,0.86,0.86,0.86,0.76,0.86,0.86,0.86,0.84,-1.05,0.85,0.86,0.86,0.86,0.86,0.86,0.86,0.86,0.86,0.86,0.86,0.86,0.86,0.86,0.86,0.86,0.86,0.86,0.86,0.85,0.86,0.86,0.86,0.86,0.86,0.86,0.85,0.86,0.86,0.86,0.86,0.86,0.86,0.86,-1.01,0.85,0.86,0.86,0.83,0.86,0.86,0.86,0.84,0.86,0.86,0.85,0.86,0.86,0.86,0.86,0.86,0.83,0.85,0.86,0.85,-1.11,0.86,0.86,0.8,0.86,0.74,0.85,0.83,-1.13,0.85,0.86,0.85,0.86,0.85,0.86,0.86,0.86,0.85,0.86,0.86,0.86,0.81,0.86,0.86,0.86,0.7,0.84,0.85,0.86,0.75,0.86,0.86,0.86,0.85,0.86,0.86,0.86,0.86,0.86,0.83,0.86,0.86,0.84,0.7,-1.02,0.86,0.86,0.85,0.86,0.86,0.83,0.71,0.86,0.86,0.86,0.85,0.86,0.86,0.86,0.86,0.85,0.85,0.86,0.86,0.86,-1.03,0.86,-1.04,-1.0,0.86,-1.05,0.86,0.81,0.84,0.86,0.86,-1.13,0.86,0.86,0.86,0.85,0.86,0.86,-1.1,0.86,0.86,0.86,0.86,-1.04,0.85,0.86,0.86,0.86,0.86,0.86,0.86,0.86,0.86,0.86,0.86,0.84,0.86,0.84,-1.09,0.84,0.85,0.86,0.85,0.84,-1.13,0.85,0.86,0.81,0.86,-1.08,-1.03,0.84,0.83,0.86,0.84,0.86,0.86,0.86,0.86,0.86,0.86,0.86,0.86,0.86,0.86,-1.05,0.86,0.85,0.84,0.86,0.86,0.86,0.85,0.86,0.86,0.86,-1.15,0.86,0.86,-1.07,0.86,0.86,0.86,0.77,0.86,0.86,0.86,0.86,0.86,0.74,0.84,0.86,0.86,0.86,-1.09,-1.21,0.86,0.85,0.86,0.86,0.86,0.86,0.86,0.86,0.86,0.73,0.86,0.86,0.86,0.86,0.86,0.77,0.86,0.86,0.86,0.84,0.86,0.86,0.86,0.86,-1.03,-1.01,0.83,0.86,0.84,0.86,0.86,0.86,-1.08,0.86,0.85,0.86,-1.09,0.86,-1.26,0.82,0.84,0.85,0.85,0.86,0.86,0.86,0.86,-1.13,0.86,0.86,0.86,-1.01,0.86,0.86,0.86,0.84,0.86,0.82,0.86,0.85,0.86,0.86,0.86,0.86,0.86,0.86,0.85,0.85,0.86,0.73,0.85,0.86,0.86,0.77,0.86,0.86,0.86,0.85,0.86,0.86,0.86,0.86,0.86,0.86,0.86,0.86,0.83,0.86,0.86,0.81,0.86,0.86,0.86,0.83,-1.02,0.86,0.84,0.85,-1.14,0.86,0.86,-1.12,0.86,0.85,0.85,0.85,0.85,0.86,0.86,0.85,0.86,0.86,0.86,0.86,0.86,0.84,-1.13,0.86,0.86,0.86,0.86,0.86,0.86,0.86,0.85,0.86,0.86,0.85,0.86,0.84,0.86,0.86,0.86,-1.0,0.86,0.86,0.85,0.85,0.86,0.86,0.86,0.86,-1.21,0.85,0.86,0.86,0.86,0.86,0.76,0.86,0.86,0.86,0.86,0.86,0.86,0.86,0.86,-1.06,0.85,0.86,0.86,0.86,0.86,-1.09,0.86,0.86,0.86,0.86,0.86,-1.08,0.85,0.85,0.85,0.85,0.86,0.85,0.84,0.86,0.84,0.86,0.86,0.86,-1.04,0.86,-1.02,0.86,0.85,-1.12,0.85,0.86,-1.02,0.85,0.73,0.86,0.86,0.86,0.86,0.86,0.86,0.86,0.86,0.86,0.82,0.86,-1.03,0.86,0.86,0.86,0.84,0.83,0.86,0.86,-1.12,-1.22,-1.0,0.85,-1.11,0.84,-1.13,-1.0,0.84,0.83,0.85,0.86,0.85,0.76,0.84,0.86,-1.0,0.86,0.86,-1.06,0.85,0.85,0.84,0.85,0.84,0.85,0.85,0.86,0.86,0.86,0.85,0.86,-1.01,-1.17,0.86,0.86,-1.06,0.85,0.86,0.85,0.86,0.86,0.86,-1.12,0.86,0.86,0.84,0.86,0.86,0.86,0.86,0.86,0.86,0.86,0.86,0.86,0.86,0.86,0.86,-1.1,0.85,0.86,0.86,0.86,0.84,0.86,0.86,0.82,0.86,0.86,0.86,-1.3,0.84,0.86,0.85,0.86,0.86,0.83,0.86,0.86,0.84,0.84,0.85,0.86,0.86,0.86,0.85,0.86,0.86,0.86,0.86,0.86,0.86,0.86,0.86,0.86,0.86,0.86,0.86,0.86,0.86,0.86,0.86,-1.0,0.84,-1.1,0.86,0.86,0.86,0.85,0.85,0.83,0.86,0.86,-1.13,0.85,0.86,0.86,0.86,0.86,0.85,0.86,0.86,-1.02,0.86,0.86,0.86,0.86,0.86,0.86,0.86,0.86,0.86,0.86,0.86,0.86,0.82,0.86,0.86,0.85,0.86,0.82,0.86,0.84,0.86,0.86,0.86,0.86,0.86,0.86,0.86,0.86,0.86,0.83,0.86,0.86,0.86,0.86,0.86,0.86,0.86,0.86,0.86,0.83,0.86,0.86,0.86,-1.03,0.86,0.86,0.86,-1.14,0.86,0.86,0.86,0.74,0.7,0.85,0.79,0.85,0.86,0.86,0.86,0.86,0.86,-1.03,-1.12,0.86,0.86,0.86,0.84,0.86,0.86,0.86,0.76,0.86,0.85,0.85,0.86,0.86,0.79,0.86,0.86,0.85,0.86,0.85,0.86,0.86,0.86,-1.07,0.83,0.85,0.86,0.86,0.85,0.86,-1.13,0.86,0.85,0.86,0.86,0.86,0.86,0.86,0.86,0.86,-1.06,0.85,-1.0,0.86,0.86,0.86,0.86,0.86,-1.05,-1.12,0.86,0.86,0.86,0.86,0.85,0.86,0.86,0.86,0.86,0.85,0.86,0.85,0.86,0.86,0.86,0.84,0.86,0.86,0.84,-1.08,0.83,0.84,0.79,0.7,0.84,0.86,0.86,0.86,0.85,0.86,0.86,0.86,0.86,0.86,0.86,0.86,0.86,0.86,-1.02,0.86,0.85,0.86,0.86,0.85,0.86,0.86,0.86,0.86,0.86,0.86,0.86,0.85,0.86,0.86,0.86,0.86,0.86,0.86,0.86,0.86,0.86,0.86,0.86,0.86,0.77,0.86,0.85,0.86,0.86,0.86,0.86,0.86,-1.12,0.86,0.85,0.86,0.86,0.86,0.86,0.86,0.86,0.84,0.86,0.86,0.84,0.86,0.86,0.86,0.86,0.86,0.86,0.82,0.86,0.86,-1.0,-1.14,0.86,0.86,0.86,0.86,0.86,0.84,0.86,0.85,0.86,0.85,0.85,0.86,-1.13,0.73,0.86,0.86,0.85,0.84,0.86,0.86,0.86,-1.13,0.84,0.86,0.86,0.86,0.85,0.86,0.86,0.86,0.86,0.81,0.72,0.86,0.86,0.86,0.86,0.86,0.86,0.84,0.86,0.86,0.86,0.86,0.85,0.86,0.86,0.86,0.86,0.86,0.8,0.85,-1.03,0.86,0.84,0.86,0.86,0.86,0.85,0.83,0.86,0.86,0.76,0.86,0.86,0.85,0.86,0.86,0.86,0.85,0.86,0.86,0.86,0.86,0.86,0.81,0.85,0.84,0.83,0.86,0.86,0.86,0.74,0.86,-1.09,0.84,0.85,0.86,0.86,0.86,0.83,0.86,0.86,0.85,0.86,0.86,0.86,0.86,0.83,0.86,0.86,0.86,0.86,0.86,0.84,0.84,0.86,0.86,0.86,0.86,0.86,0.86,0.86,0.86,0.82,0.86,0.86,0.85,0.86,0.68,0.86,-1.03,-1.11,0.85,0.86,0.86,0.85,-1.06,0.86,-1.02,0.86,0.85,0.86,0.86,0.86,0.85,0.86,0.86,0.86,0.86,0.86,0.86,0.85,0.86,0.84,0.86,0.86,0.85,0.86,0.86,0.86,0.86,0.85,0.85,0.84,0.86,0.86,0.86,0.86,0.86,0.85,0.86,0.86,0.86,0.84,0.86,0.85,0.85,0.86,0.86,0.86,0.86,0.85,0.86,0.86,0.86,0.86,0.85,0.85,0.85,0.85,0.85,0.86,0.85,0.86,0.76,0.86,0.85,0.86,0.84,0.86,0.86,0.84,-1.13,0.86,0.86,0.86,0.86,0.86,0.86,0.86,0.86,0.86,0.86,0.75,0.82,0.86,0.85,0.86,0.86,0.85,0.84,0.86,0.86,0.86,-1.12,0.86,0.86,0.86,0.86,-1.03,0.85,0.85,0.86,0.86,0.86,0.86,0.86,0.84,0.86,0.83,0.85,0.86,0.85,0.86,0.86,0.86,0.86,0.86,0.86,0.86,0.85,0.86,0.86,0.86,0.86,0.86,0.86,0.86,0.85,0.86,0.86,0.86,0.86,0.86,0.86,0.86,0.86,0.86,0.86,0.86,0.86,0.85,-1.04,0.86,0.86,0.86,0.82,0.86,0.86,0.86,-1.03,0.86,0.86,0.86,0.86,0.86,0.75,0.84,0.84,-1.03,0.86,0.86,0.86,0.86,-1.02,0.85,0.85,0.85,0.86,0.86,0.86,0.86,0.86,-1.1,0.85,0.83,0.85,0.86,0.86,0.86,0.86,0.86,0.84,0.86,0.83,0.84,0.86,0.86,0.84,0.86,0.86,0.86,0.86,0.86,0.86,-1.08,0.86,0.86,0.86,0.86,0.86,0.86,0.86,0.84,0.86,-1.06,0.68,0.86,-1.1,0.86,0.84,0.86,0.86,0.86,0.86,0.86,-1.14,0.86,0.85,0.84,0.73,-1.21,0.85,0.85,0.86,0.86,0.86,0.85,0.86,0.85,0.86,0.86,0.85,0.86,0.86,0.86,0.85,0.86,0.84,0.86,0.82,0.86,0.86,0.83,-1.03,0.84,0.86,0.86,0.85,0.86,0.82,0.84,0.86,0.84,0.86,0.86,0.86,0.86,0.86,0.86,0.81,0.85,-1.14,0.85,0.86,0.85,0.86,0.86,0.84,0.86,0.86,0.86,0.86,0.86,0.86,0.86,0.86,0.86,0.86,0.86,0.86,0.86,0.85,0.86,0.86,0.84,0.86,0.86,0.77,-1.04,0.86,0.86,0.85,0.86,-1.02,0.86,0.86,0.86,0.86,0.86,0.71,0.85,0.86,0.86,0.86,0.86,0.85,0.73,0.85,0.85,-1.08,0.86,0.85,0.85,0.82,-1.06,0.82,0.86,0.85,0.86,0.86,0.86,0.86,0.86,0.76,0.86,0.86,0.86,0.86,-1.0,0.83,0.85,0.84,0.86,0.86,-1.02,0.86,0.85,0.85,-1.03,0.86,0.86,0.86,0.86,0.86,0.85,0.84,0.86,0.86,0.86,0.74,0.85,0.86,0.86,0.86,0.79,0.86,0.86,0.86,0.86,0.86,0.86,0.86,0.86,0.86,0.86,0.85,0.86,0.86,0.86,0.86,-1.01,0.86,0.86,0.86,0.86,0.86,0.82,0.84,-1.0,-1.14,-1.25,0.86,0.75,0.86,0.83,0.86,-1.04,0.86,0.85,0.86,-1.02,0.84,0.84,0.84,0.86,0.85,-1.15,0.86,0.86,0.84,0.86,0.86,0.86,0.86,0.86,0.86,0.86,0.85,0.86,0.86,0.86,0.85,0.85,0.86,0.85,0.84,0.86,-1.14,0.86,0.86,0.86,0.86,0.86,0.85,0.86,0.86,0.74,0.86,0.86,0.86,0.86,0.86,0.86,0.86,0.86,0.86,-1.0,0.86,0.86,0.86,0.85,0.86,0.85,0.86,0.86,0.86,0.86,0.86,0.86,0.86,0.84,0.86,0.86,0.86,0.86,0.86,0.86,0.86,0.86,0.86,-1.0,0.86,0.86,0.77,0.84,0.86,0.86,0.86,0.82,0.86,0.86,0.86,0.86,0.86,0.85,0.86,0.86,0.85,0.86,0.86,0.86,0.85,0.71,0.84,0.85,0.86,0.85,0.86,0.86,0.71,0.85,0.86,0.83,0.86,0.86,0.86,0.86,0.8,0.85,0.86,0.86,0.86,0.86,0.85,0.86,0.85,0.85,0.85,0.84,0.86,0.86,0.86,0.86,0.86,0.86,0.86,0.72,0.84,0.86,0.85,0.86,0.86,0.81,0.8,0.86,0.86,0.86,0.86,0.86,0.86,0.85,0.86,0.86,0.86,0.86,0.86,0.86,0.86,0.84,0.86,0.86,0.86,0.84,0.86,0.86,0.86,0.86,0.86,0.86,0.86,-1.02,0.85,0.86,0.86,0.84,-1.21,0.86,0.86,0.86,0.86,0.86,0.86,0.86,0.86,0.84,0.86,0.86,0.86,0.86,0.86,0.85,0.86,0.68,0.85,-1.04,0.86,0.85,0.86,0.84,0.86,0.85,0.86,0.86,0.85,0.86,0.86,0.76,0.82,0.81,0.86,0.86,-1.07,0.86,0.85,0.86,0.86,0.86,0.86,0.85,0.86,0.86,0.86,0.86,0.86,0.86,0.86,0.86,0.86,0.86,0.86,-1.01,0.85,0.86,0.86,0.86,0.86,0.86,0.86,0.86,0.84,0.86,0.86,0.86,0.86,0.86,0.86,0.86,0.86,0.86,0.86,0.78,0.86,-1.07,0.85,0.85,0.86,0.86,0.86,0.86,0.86,0.84,0.86,0.86,0.86,0.86,0.85,-1.13,0.86,0.86,0.86,0.86,0.86,0.85,0.86,0.86,0.86,0.84,0.86,0.85,0.86,0.84,0.86
0.73,0.62,-1.03,-1.18,-1.07,-1.0,-1.11,-1.08,0.72,-1.11,-1.1,-1.14,-1.16,-1.08,-1.1,0.74,0.74,0.84,0.81,-1.13,0.62,0.81,0.81,-1.05,-1.03,-1.04,-1.07,0.85,0.82,0.76,-1.14,0.84,0.84,0.77,0.77,0.71,0.86,0.81,0.71,0.74,0.83,-1.04,0.82,0.69,0.8,0.86,0.84,0.83,0.86,0.8,0.83,0.86,0.86,0.86,0.86,0.84,-1.12,0.86,0.81,0.86,0.86,0.86,0.86,0.86,0.86,0.86,-1.11,-1.09,0.86,0.86,0.84,0.85,0.86,0.86,0.86,0.86,0.86,0.86,0.75,-1.09,0.86,0.86,0.86,0.86,0.86,0.86,0.76,0.86,0.86,0.86,0.86,0.86,0.86,0.86,0.84,0.86,0.84,0.86,-1.13,0.73,0.86,0.86,0.86,0.86,-1.04,0.86,0.86,0.85,0.83,0.86,0.86,0.86,0.86,0.86,0.86,0.86,0.86,0.86,0.86,0.86,0.86,0.86,0.86,0.79,0.86,0.84,0.86,0.86,0.86,0.82,0.86,0.86,0.85,0.81,0.86,0.86,0.84,0.84,0.86,0.86,0.86,0.85,-1.12,0.86,0.84,0.74,0.84,0.86,0.86,0.86,0.86,0.86,0.85,0.86,0.86,0.86,0.86,0.86,0.86,-1.01,0.85,0.86,0.85,-1.03,0.86,0.86,0.85,0.86,0.86,0.86,0.86,0.86,0.86,0.86,0.86,0.84,0.86,0.86,0.86,0.86,0.86,0.86,-1.21,0.76,0.86,0.86,0.86,0.86,0.86,0.86,0.84,0.83,0.86,-1.04,0.86,0.86,0.86,0.86,0.72,0.86,0.86,0.86,-1.0,0.81,0.85,0.84,0.81,0.71,0.86,0.85,0.86,0.86,0.85,0.86,0.82,0.86,0.85,0.86,0.85,0.86,-1.0,0.78,0.84,0.86,0.86,0.86,0.86,0.86,0.86,0.86,0.86,0.86,0.86,0.86,0.86,0.86,0.86,0.86,0.86,0.86,-1.03,0.83,-1.03,0.86,0.85,0.85,0.86,0.86,0.86,0.85,0.86,0.86,0.86,0.86,0.86,0.86,-1.14,-1.08,0.84,0.85,0.86,0.86,0.86,0.86,0.86,0.85,0.86,0.86,0.86,0.86,0.86,0.86,0.86,0.86,0.73,0.86,0.84,0.85,0.86,0.86,0.85,0.85,0.85,0.85,0.86,0.86,0.86,0.83,0.86,0.86,0.86,0.86,0.86,0.86,0.86,0.86,0.86,0.86,0.86,0.86,0.86,0.86,0.86,0.86,-1.13,0.86,0.84,0.85,0.86,0.86,0.86,0.86,0.86,0.86,0.86,0.86,0.86,0.86,0.86,0.86,0.86,0.74,0.85,0.8,0.86,0.86,0.86,0.86,0.86,0.86,0.86,0.86,0.86,0.86,0.86,0.86,0.84,0.86,0.86,0.86,0.86,0.86,0.85,0.85,-1.03,0.86,0.86,0.85,0.86,0.86,0.86,-1.13,0.84,0.86,0.85,0.86,0.85,0.86,0.86,0.82,-1.08,0.86,0.86,0.86,-1.0,0.86,0.81,0.86,0.86,0.86,0.86,0.86,0.86,0.85,0.86,0.86,-1.14,0.86,0.86,0.86,0.86,0.86,0.86,0.86,0.85,0.86,0.73,0.84,0.86,0.86,0.86,0.86,0.86,0.86,0.84,0.86,0.86,0.86,0.86,0.76,0.86,0.84,0.86,0.75,0.86,0.86,0.86,0.86,0.86,0.86,0.86,0.86,0.86,0.86,0.86,0.86,0.85,0.86,0.86,0.85,0.86,0.86,-1.11,0.86,0.86,0.78,0.86,0.86,0.84,0.65,0.86,0.86,0.84,0.86,-1.13,0.86,0.86,0.86,0.78,0.86,0.86,0.86,0.84,0.86,0.86,0.86,0.86,0.85,0.86,0.86,0.86,0.86,0.86,0.86,0.86,-1.08,-1.1,0.86,0.86,0.86,0.86,0.86,0.86,0.86,0.84,0.86,0.83,0.86,0.86,0.86,0.72,0.8,0.86,0.86,0.86,0.86,0.83,0.86,0.86,0.86,0.86,0.85,0.85,0.86,0.86,0.84,0.86,-1.24,0.85,0.85,0.84,-1.0,0.86,0.86,0.86,0.86,0.86,0.86,0.86,0.86,0.86,0.86,0.86,0.85,0.86,0.86,-1.13,0.86,0.86,0.85,0.84,0.86,0.85,0.86,0.86,0.86,0.86,0.86,0.86,0.85,0.86,0.85,0.82,0.83,0.86,0.86,0.86,0.83,0.82,0.86,-1.02,0.86,0.86,0.86,0.86,0.86,0.86,0.86,-1.02,-1.11,0.85,0.86,0.86,0.86,0.86,0.86,0.86,0.86,0.86,0.86,0.85,-1.03,0.85,0.86,0.85,0.86,0.86,0.78,-1.21,0.86,0.86,0.86,0.86,0.86,0.86,0.86,0.86,0.86,0.86,0.86,-1.02,0.86,0.85,0.86,0.86,0.86,0.86,0.86,0.86,0.86,0.86,0.86,0.86,-1.11,0.85,0.86,0.79,0.86,0.85,0.83,0.84,0.86,0.84,0.86,0.86,0.84,0.86,0.86,0.85,0.72,0.86,0.86,0.86,0.76,0.86,0.86,0.86,0.84,0.86,0.86,0.86,0.85,0.86,0.86,0.84,0.86,0.83,0.86,-1.13,0.86,0.86,0.83,0.86,0.86,0.86,0.86,0.86,0.84,0.86,0.86,-1.12,0.86,0.86,0.86,0.86,0.86,0.84,0.86,0.84,-1.08,0.86,0.86,0.86,0.86,0.86,0.83,0.86,0.86,0.84,0.86,-1.0,0.85,0.86,0.83,0.86,-1.06,0.86,0.84,0.79,0.86,0.86,0.86,0.81,0.74,0.86,0.84,0.86,0.86,0.86,0.86,0.86,0.84,0.86,0.86,0.86,0.86,0.85,0.86,0.86,0.83,0.86,0.86,0.86,0.85,0.86,0.86,0.86,0.86,0.86,0.86,0.86,-1.11,0.86,0.86,0.86,0.84,0.84,0.86,0.85,0.86,-1.03,0.74,0.78,0.86,0.86,0.85,0.86,0.84,0.84,0.86,0.86,0.85,0.84,0.86,0.86,0.86,0.86,0.79,0.86,0.86,0.86,0.84,0.86,-1.03,0.86,0.86,0.86,0.83,0.86,0.85,0.85,0.85,0.86,0.86,0.86,0.86,0.86,0.86,0.86,0.86,0.86,0.86,0.69,0.82,0.86,0.85,0.86,0.86,0.86,0.85,0.84,0.86,0.86,0.86,0.86,0.86,0.86,0.78,0.86,0.86,0.86,0.74,0.86,0.86,0.86,0.85,0.86,0.86,-1.13,-1.06,0.86,-1.12,0.86,0.86,0.86,0.84,0.83,0.86,0.85,0.86,0.86,0.86,0.85,0.86,0.86,0.83,0.86,0.86,0.85,0.86,0.86,0.85,0.86,0.86,0.86,0.86,0.84,0.73,0.85,-1.0,0.86,-1.11,0.86,-1.03,0.86,0.86,0.85,0.86,0.86,0.86,-1.16,0.86,0.86,0.86,0.86,0.86,0.86,0.72,0.83,0.86,-1.03,0.86,0.86,0.86,0.86,0.86,0.86,0.86,0.85,0.86,0.86,0.86,0.85,0.86,0.86,0.86,0.84,0.86,0.86,0.86,0.86,0.85,0.86,0.86,0.86,0.86,0.86,0.84,0.86,0.85,0.86,0.86,0.86,-1.07,0.86,0.85,0.86,-1.04,0.84,0.86,0.86,0.86,0.86,0.86,0.86,0.86,0.86,0.86,0.85,-1.04,0.86,0.86,0.86,0.86,0.85,0.86,0.86,0.86,0.86,0.86,0.84,0.86,0.86,0.86,0.86,0.78,0.84,0.86,0.85,0.86,0.86,0.85,0.85,0.86,0.71,0.86,-1.02,0.85,0.85,0.86,0.86,0.86,-1.09,0.86,-1.03,0.86,0.86,0.86,0.86,0.86,-1.09,0.63,0.86,0.86,0.86,0.85,0.85,0.86,0.86,0.71,0.86,0.86,0.86,0.85,0.84,0.86,0.86,0.86,0.86,0.86,-1.05,0.86,0.86,-1.04,0.86,-1.01,0.85,0.85,0.86,0.71,0.86,0.84,0.86,0.86,0.86,0.86,0.86,0.86,0.86,0.86,0.86,0.86,0.86,0.86,0.86,0.86,0.86,0.84,0.86,0.86,0.84,0.86,0.85,0.86,0.86,0.86,0.86,0.86,0.84,0.86,0.84,0.86,0.86,0.83,0.78,0.86,0.86,0.86,0.86,0.86,0.86,-1.07,0.86,0.86,-1.05,0.84,0.86,0.86,0.86,0.86,0.86,0.86,0.85,0.86,-1.14,0.86,0.86,0.86,0.83,0.86,0.86,0.85,-1.05,0.69,0.86,0.73,0.85,0.86,0.86,0.84,0.86,-1.12,0.86,0.86,0.86,0.86,0.86,0.86,0.84,0.86,0.86,0.86,0.86,0.86,0.86,0.86,0.86,-1.04,0.86,0.86,0.85,0.85,0.86,0.86,0.84,0.86,0.84,0.86,0.86,0.86,-1.13,0.71,0.74,0.85,0.86,0.84,0.86,0.86,0.84,0.86,0.86,-1.06,0.86,-1.14,0.84,0.83,-1.03,0.86,0.86,0.86,0.86,0.81,0.86,0.86,0.86,0.78,0.75,0.86,0.84,-1.09,0.86,0.86,0.8,0.86,0.86,0.85,0.86,0.84,0.86,0.85,-1.06,0.86,0.86,0.86,0.85,0.86,0.86,0.85,0.86,0.86,0.86,0.86,0.86,0.86,0.86,0.86,0.86,0.86,0.86,-1.11,0.84,0.69,0.86,0.86,0.85,0.86,0.86,0.86,0.86,0.86,0.86,0.86,0.84,0.86,0.86,0.86,0.86,-1.03,-1.19,0.85,0.86,0.86,0.86,0.86,0.85,0.7,0.86,-1.06,0.86,0.85,0.86,0.86,0.86,-1.04,0.85,0.86,0.86,0.86,0.86,0.86,0.86,0.86,0.86,0.85,-1.05,0.86,-1.12,0.86,0.86,-1.07,0.85,0.86,-1.02,0.86,0.84,0.86,0.86,0.86,0.86,0.83,0.86,-1.11,0.86,0.86,0.86,0.86,0.85,0.86,0.84,0.86,0.86,0.84,0.86,0.86,0.86,0.86,0.85,0.86,0.86,0.86,0.86,0.86,0.86,0.86,0.86,0.78,0.86,0.86,0.86,0.86,0.86,0.86,0.86,0.85,0.86,0.86,0.73,0.68,0.86,0.86,0.86,0.86,0.85,0.86,0.86,0.86,0.86,0.86,0.86,0.86,0.86,0.85,0.86,0.86,0.85,0.86,0.75,0.86,0.86,0.86,0.86,0.86,0.86,0.86,0.86,-1.13,0.84,0.86,0.86,0.85,0.86,0.85,0.85,0.86,0.86,0.86,0.85,0.86,0.86,0.86,0.86,0.86,0.86,0.86,0.69,0.86,0.86,0.86,0.86,0.86,0.86,0.86,0.84,0.86,0.86,0.85,0.86,0.86,0.85,0.85,0.86,0.85,0.86,-1.09,0.86,0.86,0.86,0.86,0.86,0.84,0.83,0.85,0.86,0.86,-1.03,0.85,0.86,0.71,0.85,-1.12,0.84,0.86,0.86,0.86,0.86,0.86,0.86,-1.13,0.86,0.85,0.86,0.86,0.7,0.86,0.86,0.86,0.86,0.74,0.77,0.86,0.86,0.85,0.85,0.86,0.84,0.86,0.86,0.72,0.83,0.86,0.86,0.85,0.86,0.86,0.84,0.86,0.86,0.84,0.86,0.86,0.86,0.86,0.86,0.86,0.86,-1.03,0.86,0.85,0.86,0.83,0.86,0.86,0.86,0.82,0.86,0.86,0.83,0.85,0.86,0.86,0.86,0.86,0.85,0.85,0.84,0.86,0.86,0.86,0.85,0.78,0.84,0.86,0.86,0.85,0.86,0.86,0.85,0.86,0.86,0.85,0.86,0.84,0.86,0.84,0.86,0.86,0.86,0.84,0.86,0.86,0.86,0.86,0.86,0.84,-1.14,0.85,0.86,0.86,0.58,0.86,0.86,0.86,0.86,0.86,0.86,0.86,0.86,0.86,0.86,0.86,0.86,0.85,0.86,0.85,0.86,0.86,0.86,0.86,0.86,0.86,0.86,0.86,0.86,0.86,0.86,0.71,0.86,0.85,0.86,0.85,-1.09,0.85,-1.12,0.84,0.86,0.85,0.85,0.86,0.86,0.86,0.86,0.86,0.86,0.86,0.86,0.86,0.86,0.86,0.85,0.86,-1.12,0.86,-1.02,0.86,0.86,0.86,0.86,0.86,0.86,0.84,0.86,0.86,0.85,0.86,0.86,0.84,0.86,0.86,0.86,0.86,0.86,0.86,0.86,0.86,0.86,0.85,0.86,0.86,0.86,0.85,0.86,0.86,0.86,0.85,0.86,0.86,0.86,0.86,0.85,0.86,-1.06,0.86,0.86,0.64,0.86,0.86,0.86,0.74,0.86,0.86,0.86,0.86,0.83,0.86,0.84,-1.06,0.86,0.86,0.79,0.86,0.86,0.85,0.86,0.86,0.86,-1.08,0.84,0.86,0.86,0.86,0.86,0.86,0.86,0.86,-1.09,0.86,0.86,0.84,0.85,0.86,0.86,0.86,0.85,0.84,0.85,0.86,0.86,0.86,0.84,0.84,0.86,0.85,0.86,0.86,0.86,0.86,0.86,0.86,0.86,0.86,0.85,0.86,0.86,0.58,0.86,0.86,0.86,0.86,0.86,0.86,0.85,0.77,0.86,0.86,0.86,0.86,0.86,0.86,0.86,0.86,0.86,0.86,0.86,0.86,0.86,0.86,0.86,0.82,0.83,0.86,0.86,0.86,0.86,0.86,0.85,0.86,0.84,-1.02,0.83,0.86,-1.13,0.86,0.83,0.86,0.86,0.86,0.86,0.86,0.86,-1.08,0.76,0.86,0.86,0.85,0.86,0.86,-1.07,0.85,0.86,0.85,0.82,0.83,0.86,0.86,0.86,0.86,0.86,0.86,0.86,0.86,0.86,0.86,0.86,0.86,0.86,0.82,0.86,0.86,0.86,0.86,0.86,0.86,0.85,0.86,-1.0,0.86,0.86,0.85,0.86,0.86,0.86,0.86,0.86,-1.13,0.86,0.84,-1.07,0.86,0.86,0.86,0.86,0.73,0.86,0.84,-1.06,0.86,0.86,0.86,0.86,0.86,-1.1,0.86,0.86,0.85,0.86,0.86,0.83,0.86,0.86,0.75,0.86,0.86,0.86,0.86,0.77,0.86,0.86,0.86,0.86,0.84,0.86,0.69,0.85,0.82,0.86,0.86,0.85,0.85,0.86,0.86,0.82,0.86,0.86,0.86,-1.08,-1.26,0.83,0.86,0.86,0.86,0.86,0.86,0.84,-1.01,0.85,0.86,0.85,0.86,0.86,-1.06,0.86,-1.07,0.86,0.86,0.83,-1.06,0.86,0.61,0.86,0.82,0.86,0.84,0.85,0.86,-1.09,0.82,0.85,0.86,0.84,0.86,0.84,0.86,0.85,0.86,0.86,0.86,0.86,0.86,0.86,0.86,0.84,0.79,0.86,0.86,-1.05,0.86,0.86,0.86,0.86,0.86,0.86,0.78,0.86,0.86,0.86,0.86,-1.09,0.86,0.83,0.86,0.86,-1.02,0.86,0.82,0.73,0.86,0.86,0.86,0.86,-1.1,0.84,0.86,0.85,0.85,0.86,0.86,0.86,0.83,-1.09,0.86,0.85,0.86,0.86,0.86,0.86,-1.09,0.86,0.75,0.86,0.82,0.86,0.86,0.86,0.86,0.86,0.86,0.86,0.86,0.86,0.86,0.86,0.82,0.86,-1.02,0.86,0.86,0.86,0.85,0.86,0.86,0.86,0.86,0.86,0.86,0.86,0.86,0.86,0.85,0.86,0.86,0.86,0.86,0.86,0.71,0.86,0.86,0.84,0.86,0.86,0.86,0.86,-1.02,-1.02,0.86,-1.06,-1.01,0.86,0.86,0.86,0.86,0.86,0.86,0.86,0.86,-1.06,0.85,0.84,0.86,0.85,0.86,0.84,0.86,0.86,-1.06,0.86,0.86,0.84,0.86,0.86,0.86,0.85,0.86,0.86,0.86,0.86,0.84,0.86,-1.01,0.86,0.86,0.86,0.86,0.86,0.85,0.86,0.86,0.86,0.86,0.86,0.86,0.86,0.86,0.86,0.86,0.86,0.86,0.86,-1.05,0.84,0.86,0.86,0.86,0.86,0.78,0.86,0.86,0.86,-1.0,0.86,0.86,0.86,0.86,0.86,0.75,0.86,0.84,0.86,0.86,0.86,-1.2,0.86,0.86,0.85,0.86,0.86,0.77,0.86,0.85,0.86,0.86,0.86,0.85,0.84,0.84,0.86,0.86,0.77,0.86,0.86,0.81,0.86,0.72,0.86,0.86,0.86,0.86,0.86,0.86,-1.13,0.85,0.86,0.85,0.86,0.86,0.86,0.84,0.86,0.86,0.86,0.86,0.86,0.86,0.85,0.86,0.86,0.86,0.86,-1.02,0.86,0.86,0.79,-1.08,0.85,0.83,0.85,0.85,0.86,0.86,0.86,0.78,0.86,0.86,0.86,0.86,-1.02,0.86,0.82,0.86,0.86,0.85,0.71,0.86,0.86,0.86,0.86,0.86,0.86,0.86,-1.14,-1.13,0.86,0.84,0.85,0.86,0.84,0.86,0.86,-1.07,0.83,0.86,0.86,0.86,0.86,0.86,0.86,0.86,0.86,0.86,0.86,-1.03,0.84,0.81,0.86,0.86,0.86,0.86,0.84,0.86,0.86,0.86,0.86,0.86,0.86,0.86,0.86,0.86,0.85,0.86,0.86,-1.08,0.72,0.86,0.85,0.86,0.86,0.86,0.86,0.86,0.86,0.86,0.84,0.86,0.86,0.86,0.86,0.86,0.86,0.86,0.86,0.86,-1.09,0.86,0.86,0.86,0.86,0.81,0.86,0.84,0.85,0.86,0.86,0.81,0.86,0.86,0.86,0.86,0.85,0.86,0.74,0.85,-1.09,0.86,0.85,0.86,0.86,0.86,0.86,0.79,-1.08,0.86,-1.03,0.84,0.86,0.86,0.86,0.86,0.82,0.84,0.86,0.86,0.86,0.86,0.86,0.86,0.86,0.84,0.86,0.86,0.86,0.86,0.86,0.86,0.86,0.86,0.86,0.86,0.86,0.86,0.86,0.86,-1.13,0.78,0.86,0.86,0.86,0.86,0.85,0.86,-1.1,0.86,0.86,0.86,0.85,0.86,0.86,0.86,0.74,0.86,0.86,0.86,0.86,0.86,0.86,0.86,0.86,0.86,0.86,0.86,0.86,0.86,0.86,0.86,0.86,0.86,0.86,0.86,0.85,0.86,0.86,0.86,0.86,0.86,0.86,0.86,0.81,0.85,0.86,0.86,0.86,0.86,-1.11,0.86,0.86,0.86,0.81,0.86,0.7,0.84,0.86,0.84,-1.14,0.85,0.86,-1.12,0.86,0.86,0.86,0.86,0.86,0.86,0.86,0.86,0.64,0.86,0.78,0.85,0.86,0.84,0.86,0.86,0.86,0.86,0.86,0.86,0.85,0.86,0.72,0.86,0.86,0.86,0.86,0.86,0.86,0.86,0.85,0.86,0.84,0.86,0.86,0.72,-1.11,0.86,0.86,0.86,0.86,0.84,0.84,0.86,0.86,0.86,-1.16,0.86,0.85,0.86,0.86,0.86,0.86,0.86,0.86,0.85,0.86,0.75,0.85,0.86,0.86,0.86,0.86,0.86,0.86,0.86,0.86,-1.13,-1.12,0.84,0.86,0.86,0.86,0.86,0.86,0.86,0.86,0.86,0.86,0.86,0.86,0.86,0.86,0.86,0.86,0.86,0.86,-1.1,0.86,0.85,0.86,0.86,0.86,0.86,0.86,0.86,0.85,0.86,0.86,0.86,0.86,0.86,0.86,0.86,0.86,0.84,0.86,0.86,0.86,0.86,0.84,0.86,0.86,-1.19,0.85,0.85,0.84,0.86,0.85,0.86,0.86,0.85,0.85,0.86,0.86,0.86,0.84,0.86,-1.05,0.85,0.86,0.86,0.85,0.86,0.86,0.86,0.85,0.86,0.86,-1.04,0.86,0.86,0.82,0.86,-1.02,0.86,0.83,0.84,0.86,0.86,0.86,0.86,0.86,0.86,0.86,0.86,0.86,0.86,0.86,0.86,0.86,0.86,0.86,0.86,0.86,0.86,0.86,0.86,0.86,-1.02,0.86,0.86,-1.09,0.86,0.86,-1.04,0.85,0.86,0.84,0.84,0.86,0.85,0.86,0.86,0.77,0.86,0.83,0.86,0.83,0.86,0.86,0.86,0.85,0.86,0.84,0.86,0.86,0.86,0.74,0.74,0.85,0.84,0.86,0.85,0.86,0.86,0.86,0.86,0.86,0.86,0.86,0.86,0.86,0.86,0.86,0.86,0.86,0.81,0.86,0.85,0.86,0.86,0.86,0.86,0.86,0.86,0.86,-1.03,0.84,0.86,0.86,0.86,0.85,0.86,0.84,0.86,0.86,0.86,0.85,0.86,0.86,0.86,0.86,0.86,0.86,0.86,0.86,0.86,0.86,0.86,-1.09,0.86,0.86,0.86,-1.04,0.86,0.86,0.86,0.86,0.86,0.86,0.86,0.86,0.86,0.86,0.86,0.86,0.86,0.86,0.86,0.86,0.86,-1.13,-1.13,0.86,0.86,0.86,0.85,0.86,0.86,0.86,0.86,0.86,0.86,0.85,0.86,-1.03,-1.01,0.85,0.83,0.82,0.86,0.86,0.85,0.86,0.85,-1.03,0.86,0.85,0.86,0.86,0.86,0.86,0.86,-1.0,0.84,0.86,0.86,0.86,0.86,0.86,0.86,0.86,0.86,0.86,0.86,0.85,0.86,0.86,0.86,-1.11,0.86,0.86,0.85,-1.11,0.83,0.86,-1.09,0.85,0.86,0.86,0.86,0.84,-1.07,0.86,0.86,0.86,0.86,0.86,0.86,-1.08,0.86,0.85,0.84,0.84,0.86,0.86,0.86,0.86,0.86,0.86,0.77,-1.01,-1.03,0.86,0.86,0.86,0.86,0.85,-1.1,-1.14,0.85,0.83,0.86,0.86,0.86,0.86,0.85,0.85,0.86,0.86,0.86,0.86,0.86,0.85,0.86,0.86,0.84,0.86,-1.08,0.86,-1.15,0.86,0.85,0.86,0.86,0.86,0.86,0.86,0.86,0.85,0.85,0.86,0.86,0.86,0.84,-1.13,-1.13,0.86,0.86,0.86,0.85,0.79,0.86,0.86,0.86,0.86,0.86,0.86,0.86,0.86,0.86,0.84,0.84,0.86,0.86,0.86,0.86,0.86,0.86,0.86,0.86,0.86,0.86,0.86,0.86,0.86,0.86,0.86,0.86,0.85,0.84,-1.09,0.82,0.86,0.86,0.86,0.83,0.86,0.86,0.86,0.86,0.86,0.86,0.84,0.86,0.86,-1.02,0.84,0.79,0.86,0.86,0.86,0.86,0.86,-1.11,0.86,0.86,0.86,0.75,0.86,0.86,0.85,0.86,0.84,0.86,0.86,0.85,0.86,0.86,0.86,0.86,0.85,0.86,0.84,0.86,0.86,0.86,0.86,0.86,0.84,0.86,-1.03,0.84,0.82,0.86,0.86,0.86,0.86,0.86,0.85,0.86,0.86,0.86,0.86,0.8,0.81,0.83,0.86,0.86,0.86,0.86,0.71,0.71,0.86,0.86,0.86,0.78,0.86,0.85,0.85,0.86,0.83,0.86,0.86,0.86,0.86,0.86,0.86,0.86,0.86,0.86,0.86,0.86,0.86,0.86,-1.0,0.86,0.85,0.85,0.86,0.85,0.86,0.85,0.86,0.86,0.84,0.86,0.86,0.86,0.85,0.86,0.86,0.86,0.85,0.86,0.86,0.86,0.86,0.86,0.86,-1.13,0.86,0.85,0.86,0.86,0.83,-1.02,0.86,0.86,0.86,0.84,0.86,-1.02,0.85,0.86,0.86,0.86,0.86,0.86,0.85,-1.02,0.86,0.86,0.86,0.81,0.82,0.86,0.86,0.84,0.86,0.86,0.86,-1.11,0.86,0.86,0.86,0.86,-1.0,0.86,0.86,0.86,0.86,0.86,0.86,-1.13,0.86,0.86,0.86,0.83,0.86,0.86,0.86,0.86,0.86,-1.1,0.84,0.86,0.86,0.86,0.86,0.86,0.86,0.83,0.86,0.84,0.86,0.86,0.86,0.86,0.86,0.86,-1.05,0.85,0.86,0.85,0.86,0.86,0.86,0.86,0.86,0.86,0.86,0.84,0.86,0.86,0.84,0.86,0.85,0.86,0.83,0.86,0.85,0.85,0.86,0.86,0.86,0.86,-1.12,0.85,0.83,0.85,0.86,0.86,0.86,0.85,0.85,0.86,0.86,0.86,0.86,0.86,0.8,0.86,0.86,0.86,0.86,-1.11,0.84,0.86,0.86,0.86,0.81,0.84,0.86,0.86,0.86,0.86,0.85,0.86,0.86,0.86,-1.13,0.86,0.86,-1.0,0.86,0.85,0.86,0.86,0.85,0.86,0.86,0.86,0.86,0.86,0.86,0.86,0.86,0.86,0.86,0.86,0.86,0.86,0.86,0.84,0.79,0.86,0.71,0.86,0.85,0.86,0.86,0.86,0.85,0.86,0.86,0.7,0.86,0.84,0.86,0.86,-1.07,-1.09,0.86,0.84,0.86,0.86,0.86,0.85,0.86,0.86,-1.02,0.84,0.86,-1.14,0.86,0.83,0.84,0.83,0.86,0.85,0.86,0.85,0.86,0.86,0.86,0.86,-1.08,0.86,0.85,0.85,0.86,0.86,0.86,0.85,0.84,0.84,0.86,0.82,0.86,0.86,0.86,0.86,0.83,0.84,0.85,-1.13,0.85,0.71,0.85,0.86,0.86,0.86,0.84,0.86,0.86,0.86,0.85,0.83,0.86,0.86,0.86,0.86,0.86,-1.01,0.85,0.86,-1.13,0.83,0.86,0.84,0.85,0.86,-1.02,0.86,-1.13,0.86,0.86,0.86,0.86,0.85,0.86,0.86,0.86,0.86,0.86,0.86,0.86,0.86,0.85,0.86,0.86,0.86,0.86,0.84,0.86,0.86,0.74,0.83,0.86,0.85,0.86,0.86,0.86,0.86,0.84,0.86,-1.11,0.86,0.86,0.86,0.86,0.85,0.86,0.85,0.86,0.86,0.86,0.86,0.86,0.85,0.85,0.86,0.86,0.84
-1.44,0.83,-1.05,-1.1,-1.03,0.79,-1.08,0.81,-1.1,0.86,-1.07,0.81,0.72,0.69,0.81,-1.02,-1.01,0.83,0.8,-1.0,0.67,-1.1,-1.08,-1.37,0.7,0.84,-1.04,0.79,0.83,0.84,0.77,0.86,0.8,0.84,0.84,-1.04,0.77,0.81,0.81,0.83,0.79,0.86,0.84,-1.16,0.85,0.85,0.86,0.84,0.77,0.84,0.84,0.86,0.83,0.84,0.8,0.86,0.85,0.84,0.86,0.86,0.86,0.84,0.86,0.86,0.85,0.86,0.86,0.86,-1.03,0.86,0.86,0.86,0.86,0.85,0.85,0.71,0.86,0.86,0.84,0.83,0.86,0.86,0.86,0.86,0.86,0.86,0.86,0.86,-1.1,0.84,0.76,0.86,0.81,0.86,0.85,0.86,0.86,0.86,0.86,0.86,0.86,0.86,0.86,-1.11,0.78,0.86,0.86,0.71,0.86,0.82,0.86,0.85,0.86,0.86,0.86,0.85,0.83,0.86,0.86,0.86,0.86,0.84,0.86,0.86,0.86,0.86,0.86,0.84,0.86,0.85,0.86,0.86,0.86,0.84,0.86,0.86,0.83,0.86,0.86,0.85,0.86,0.86,0.8,0.85,0.85,0.85,0.86,0.85,0.86,0.86,0.86,0.86,0.86,0.86,0.86,0.85,0.86,0.86,0.86,0.86,-1.04,-1.06,0.86,0.86,0.86,0.86,0.86,0.86,0.86,0.86,0.86,0.86,0.86,0.86,-1.14,0.86,0.86,0.86,0.86,0.85,0.86,-1.01,0.86,0.86,-1.04,0.86,0.85,0.85,-1.03,0.86,0.86,0.86,0.85,0.86,0.86,-1.01,0.86,0.86,0.86,0.86,0.84,0.86,0.86,0.85,0.84,0.86,0.86,0.85,0.86,0.86,0.86,0.86,0.86,0.86,0.85,-1.0,0.84,0.86,0.86,-1.13,0.86,0.86,0.84,0.86,0.86,0.86,0.86,0.86,-1.1,0.86,0.86,0.86,0.83,0.86,0.86,0.85,0.86,0.86,0.86,0.81,0.83,0.86,0.86,0.86,0.86,0.79,0.86,0.86,0.86,0.86,0.83,0.86,0.84,0.86,0.84,0.86,0.84,0.85,0.86,0.86,0.86,0.84,0.86,-1.14,0.84,0.86,0.86,0.86,0.86,0.86,0.84,0.86,0.86,0.86,0.86,0.8,0.86,0.86,0.82,0.86,0.86,0.86,0.86,0.86,0.86,0.86,0.86,0.86,0.86,0.86,0.86,0.86,0.86,0.86,0.86,0.86,0.86,-1.01,0.86,0.86,0.86,0.86,0.86,0.85,0.86,0.85,0.84,0.85,0.86,0.86,0.86,0.86,0.86,0.84,0.86,0.86,0.86,0.86,0.84,0.84,0.86,0.86,0.86,0.86,0.86,0.86,0.86,0.86,0.85,0.84,0.86,0.86,-1.14,-1.03,0.86,0.86,0.86,0.86,0.74,0.86,0.86,0.86,0.84,0.86,0.86,0.86,0.86,0.86,0.86,0.86,-1.03,0.86,0.86,0.86,0.85,0.86,0.76,0.85,0.86,0.86,0.86,0.86,0.85,0.82,0.86,0.86,0.86,0.86,0.86,0.86,0.85,0.86,0.86,0.86,-1.0,0.76,0.78,0.86,0.86,0.86,0.86,0.85,0.85,0.86,0.86,0.86,0.86,0.86,-1.07,0.84,0.86,0.86,0.86,0.86,0.86,0.86,0.86,0.84,0.86,0.86,0.86,0.84,0.86,0.82,0.86,0.77,0.86,0.85,0.86,0.86,0.86,-1.03,0.86,0.86,0.86,0.77,0.86,0.86,0.86,0.86,0.86,0.86,0.86,0.85,-1.02,0.84,0.86,0.86,0.86,0.86,-1.02,0.86,0.86,-1.04,0.86,0.71,0.86,-1.02,0.86,0.86,0.86,0.86,0.86,0.86,0.84,0.85,0.86,0.86,0.86,0.86,0.78,0.86,0.86,0.86,0.86,0.86,0.86,0.84,0.86,0.86,0.86,0.86,0.86,0.84,0.86,0.86,0.83,0.85,0.86,0.86,-1.14,0.86,0.86,0.85,0.86,0.83,0.86,0.86,0.86,0.86,0.86,0.86,0.86,0.86,0.82,0.79,-1.02,0.86,0.86,0.86,0.86,0.86,0.85,0.78,-1.08,0.86,0.86,0.86,0.86,0.86,0.86,0.85,0.86,0.86,0.86,0.86,0.86,0.86,0.86,0.86,0.86,0.86,0.86,0.86,0.85,0.86,0.86,0.86,0.86,0.86,0.86,0.86,0.8,0.85,0.86,0.86,0.86,0.86,0.86,0.86,0.86,0.86,0.86,0.7,0.84,0.86,0.86,0.86,0.86,0.86,-1.04,0.86,0.86,0.86,0.86,-1.05,0.86,0.86,0.86,0.86,0.84,0.86,0.86,0.86,0.85,0.84,0.86,0.86,0.86,0.86,0.83,0.86,0.81,0.86,0.86,0.86,0.86,0.86,0.84,-1.01,0.86,0.86,0.86,0.86,0.86,0.84,0.86,0.85,0.85,0.86,0.86,0.77,0.86,0.86,0.86,0.86,0.86,0.86,-1.02,0.86,0.86,0.86,0.86,0.86,0.86,0.86,0.86,0.85,0.86,-1.03,0.86,0.86,0.86,0.86,0.86,0.86,0.86,0.86,0.69,0.86,0.84,0.86,0.86,0.86,0.86,0.86,0.86,0.85,0.86,-1.08,0.86,0.86,0.84,0.85,0.86,0.86,0.86,0.86,0.86,0.86,0.79,0.86,0.8,0.86,0.85,0.86,0.84,0.86,0.86,0.86,0.86,0.86,0.86,0.86,0.86,0.86,0.86,0.86,0.86,0.86,0.73,0.86,0.86,0.86,0.86,0.86,0.86,0.84,0.86,0.86,0.86,0.71,0.86,0.86,0.86,0.86,0.86,0.85,0.86,-1.02,0.86,0.86,-1.01,0.83,0.86,0.86,-1.16,0.86,0.86,-1.02,0.85,0.86,0.86,0.86,-1.14,-1.17,0.85,0.86,-1.11,0.85,0.84,0.86,0.73,0.85,0.86,0.86,0.8,0.86,0.86,0.86,0.86,0.86,0.84,0.86,0.86,0.86,0.86,0.86,0.86,0.86,0.86,0.86,0.86,0.86,0.86,-1.04,0.86,0.86,0.84,0.67,0.84,0.86,0.85,0.86,0.85,0.84,0.86,0.86,0.86,-1.02,0.86,0.86,0.85,0.86,0.85,-1.01,0.86,0.86,0.86,0.86,0.86,0.86,0.86,0.86,-1.1,0.86,0.86,0.86,0.86,0.86,0.86,0.84,0.86,0.86,0.83,0.84,0.86,0.86,0.86,0.84,0.86,0.86,0.84,0.85,0.86,0.86,0.86,0.86,-1.02,0.84,0.86,0.86,0.86,0.86,0.86,0.86,0.86,0.86,0.86,0.86,0.86,0.86,0.86,0.86,0.86,0.86,0.86,0.85,0.86,0.86,0.86,0.86,0.86,0.83,0.86,0.83,0.86,0.86,0.86,0.86,0.86,0.86,0.86,0.86,0.86,0.86,0.86,-1.02,0.86,0.86,0.86,0.86,0.86,0.86,-1.13,0.86,0.75,0.86,0.86,0.86,0.84,0.86,0.85,0.86,0.86,0.86,0.86,0.86,0.85,-1.05,0.85,0.86,0.86,0.86,0.86,0.86,0.86,0.86,0.86,0.86,0.84,0.86,0.86,0.86,0.86,0.86,0.86,0.72,0.86,0.86,0.85,0.86,0.86,0.82,0.86,0.86,0.86,0.86,-1.12,0.86,0.86,-1.0,0.86,0.81,0.86,0.86,0.86,0.86,0.86,0.86,0.86,0.86,0.86,0.86,0.86,0.86,0.84,0.86,0.86,0.86,0.86,0.85,0.85,0.86,0.85,0.86,0.86,-1.03,0.85,0.86,0.86,0.86,0.86,0.86,0.86,0.84,0.75,0.86,0.84,0.86,0.86,0.86,0.74,0.86,-1.03,0.84,0.85,0.86,0.86,0.73,0.79,0.84,0.86,-1.14,0.86,0.86,0.86,0.86,0.86,0.86,0.86,-1.12,0.86,0.84,0.84,0.86,0.86,0.84,0.86,0.86,-1.04,0.86,0.86,0.86,0.86,0.86,0.86,0.86,-1.03,0.86,0.86,0.86,0.86,0.86,0.86,0.86,0.86,0.85,0.86,0.86,0.83,0.85,0.86,0.86,0.86,0.86,0.86,0.86,0.86,0.84,0.86,0.86,0.86,-1.01,0.86,0.86,0.84,0.86,0.86,0.84,0.86,0.86,0.86,0.86,0.85,0.84,0.86,0.86,0.86,0.7,0.86,0.86,0.86,0.86,0.86,0.86,0.86,-1.04,0.86,0.83,0.84,0.85,0.86,0.86,0.86,-1.04,0.86,0.85,0.86,0.86,0.86,0.86,0.85,0.77,0.84,0.86,0.86,0.86,0.85,0.86,0.86,0.86,0.86,0.86,0.86,0.86,0.84,0.86,0.86,0.86,0.86,0.86,0.86,0.86,0.86,0.86,0.86,0.86,0.86,0.86,0.85,0.86,0.86,0.86,0.86,0.82,0.86,0.86,0.86,0.86,0.82,0.86,0.86,0.75,0.86,0.86,0.84,0.86,0.86,0.85,0.86,0.86,0.81,0.86,0.85,0.86,0.86,0.84,0.86,0.86,0.86,0.86,0.84,0.86,0.86,0.86,0.86,0.86,0.86,0.86,0.86,0.86,0.86,0.86,0.86,0.86,0.86,0.86,0.86,0.86,0.86,0.86,0.86,0.86,0.86,0.86,0.86,0.85,0.83,0.86,0.83,0.86,-1.03,0.86,0.86,0.86,0.86,0.86,0.83,0.86,0.86,0.86,0.86,0.86,0.86,0.84,0.86,0.86,-1.04,0.84,0.84,0.86,0.86,0.84,0.86,0.86,-1.23,0.86,0.86,0.85,0.86,0.86,0.86,0.86,0.86,0.84,0.86,0.86,0.86,0.86,0.86,0.86,0.86,0.86,0.86,0.86,0.86,0.86,0.86,0.86,0.86,0.86,0.86,0.83,0.86,0.86,0.86,0.86,0.86,0.86,0.86,-1.04,0.85,0.86,0.86,0.86,0.86,0.84,0.75,0.86,0.86,0.83,0.82,0.85,0.84,0.86,0.86,0.86,0.86,0.86,0.86,0.83,0.86,0.86,0.83,0.86,0.86,0.86,0.86,0.83,0.86,0.86,0.86,0.83,0.86,-1.1,0.83,-1.0,0.86,0.84,0.86,-1.01,0.86,0.86,0.86,0.84,0.86,0.85,0.85,0.86,0.86,0.74,0.86,-1.03,0.84,0.86,0.86,0.83,0.86,0.83,0.86,0.86,0.86,-1.11,0.86,0.85,0.86,0.86,0.86,0.86,0.86,0.86,0.86,0.85,-1.13,0.86,0.85,0.86,0.85,0.86,0.86,0.86,0.86,0.86,0.86,0.86,0.86,0.86,0.86,0.86,-1.25,0.84,0.84,0.86,-1.01,0.85,0.84,0.86,0.84,0.86,0.86,0.86,0.86,0.86,0.86,0.86,0.86,0.86,0.86,0.86,0.86,0.83,0.84,0.84,0.86,0.86,0.86,0.81,0.86,0.85,0.86,-1.04,0.86,0.84,0.86,0.86,0.86,0.86,0.84,0.85,0.86,0.71,0.86,0.86,-1.14,0.86,0.86,0.85,0.86,0.86,0.83,0.86,0.86,0.86,0.86,0.86,0.86,0.86,0.86,0.84,0.86,-1.13,-1.02,0.86,0.86,0.86,0.86,-1.01,0.86,0.86,0.86,0.86,0.85,0.86,0.86,0.86,0.85,0.86,0.86,0.86,0.86,0.82,0.86,0.86,0.86,0.86,0.86,0.86,0.86,0.86,0.86,0.86,0.85,0.86,0.86,0.86,0.86,0.86,0.86,0.86,0.85,0.86,0.84,0.86,0.86,0.86,-1.1,0.86,-1.01,0.86,0.86,0.86,0.86,0.85,0.86,0.86,0.86,0.77,0.86,0.86,-1.13,0.86,0.86,0.86,0.86,-1.07,0.86,0.86,-1.13,0.86,0.86,0.86,0.86,0.86,0.86,-1.12,0.83,0.86,0.86,0.85,0.86,-1.09,0.85,0.86,0.86,0.86,0.86,0.86,-1.0,0.86,0.86,0.82,0.86,0.85,0.86,0.86,0.84,0.85,0.86,0.86,0.86,-1.12,0.86,0.86,0.86,0.86,-1.15,0.86,0.86,0.86,0.85,0.86,0.86,0.86,0.86,0.86,0.85,0.86,0.86,0.85,0.86,0.86,0.85,0.86,0.86,0.86,0.86,0.86,0.86,0.86,0.86,0.86,0.86,0.86,0.86,0.86,0.84,0.86,0.84,0.86,0.84,0.86,-1.14,0.86,0.85,0.86,0.86,0.86,0.85,0.86,0.86,0.86,0.86,0.75,0.85,0.86,0.86,0.85,0.86,0.86,0.86,0.86,0.86,0.86,0.86,0.86,0.86,0.86,0.86,0.84,-1.14,0.86,0.86,0.86,0.86,0.86,0.86,-1.09,0.86,0.86,0.86,0.85,0.86,0.84,0.86,0.84,0.86,0.86,0.86,0.86,0.86,0.86,0.86,0.86,0.86,0.86,0.86,0.86,0.86,0.86,0.86,0.86,0.86,0.86,0.86,0.86,0.86,0.85,0.84,0.86,0.86,0.86,0.86,0.86,0.86,0.86,0.86,0.85,0.84,0.86,0.85,0.85,0.84,0.86,0.86,-1.07,0.83,0.86,0.86,0.71,0.84,0.86,0.86,0.84,0.86,0.85,-1.05,0.86,0.86,0.86,0.84,0.84,0.86,0.77,0.86,0.86,0.86,0.84,0.86,0.78,0.84,0.86,0.86,0.86,0.86,0.86,0.86,0.86,0.86,0.86,0.86,0.86,-1.0,-1.0,0.86,0.85,0.86,0.86,0.86,0.83,-1.08,0.86,0.86,0.86,0.84,0.85,0.75,0.85,0.86,0.86,0.86,0.86,0.76,0.86,0.86,0.86,0.86,0.74,0.86,0.86,0.86,0.86,-1.07,-1.1,0.83,0.86,0.86,0.86,0.86,0.85,0.86,0.86,-1.09,0.84,-1.12,0.84,0.76,0.86,0.86,0.86,0.86,0.85,0.86,0.86,0.85,0.85,0.86,0.86,-1.02,0.84,0.86,0.86,0.73,0.86,0.85,0.81,0.84,0.86,0.73,0.85,0.86,0.84,0.86,0.81,0.86,0.86,0.86,0.86,0.86,0.84,0.86,0.84,0.86,0.86,0.84,0.86,0.86,0.85,0.84,0.86,0.86,0.86,0.86,0.86,0.86,0.86,0.86,0.86,0.86,0.86,0.82,0.86,0.86,0.86,0.86,0.79,0.86,0.84,0.86,0.86,0.86,0.86,0.86,0.86,0.84,0.85,0.86,0.86,0.86,0.86,0.86,0.86,0.86,0.86,0.86,-1.03,0.85,0.86,0.75,0.86,0.86,0.86,0.86,0.86,0.86,0.86,-1.13,0.86,0.86,0.86,0.85,0.86,0.86,0.86,0.86,0.86,0.86,0.84,0.84,0.86,0.86,0.86,0.86,0.86,0.86,0.86,0.86,0.86,0.86,0.86,0.86,0.86,0.86,0.86,0.86,0.85,0.86,0.86,0.85,0.86,-1.1,0.86,0.84,0.84,0.86,0.86,0.86,0.86,0.86,0.86,0.86,0.86,0.86,0.74,0.86,0.86,0.85,0.86,0.84,0.85,0.86,0.86,0.86,0.86,0.86,0.85,0.86,0.85,0.86,-1.09,0.85,0.86,0.84,0.85,0.86,0.86,0.86,0.86,0.86,0.86,0.86,0.86,0.86,0.86,0.73,0.86,0.86,-1.0,0.86,0.86,0.86,0.86,0.85,0.86,0.86,0.86,0.86,0.86,0.86,0.86,0.86,0.86,0.86,0.86,0.84,0.86,0.85,0.83,0.86,-1.02,0.85,0.86,-1.02,0.85,0.86,0.82,0.86,0.86,0.86,0.84,0.75,0.86,0.86,0.86,0.86,0.84,0.85,0.86,0.86,0.86,0.86,0.86,0.86,0.86,0.86,-1.14,0.83,0.86,-1.01,0.84,0.86,0.86,0.86,0.86,-1.12,0.86,0.86,0.86,0.86,0.83,0.86,0.86,0.84,0.86,0.86,0.85,0.86,0.78,0.86,0.86,-1.05,0.86,-1.08,0.85,0.82,0.86,0.85,0.85,0.85,0.78,0.86,0.86,-1.11,0.86,0.84,0.85,0.86,0.84,0.86,0.82,-1.04,0.73,0.86,0.86,0.85,0.86,0.86,0.86,0.84,0.86,0.86,0.86,0.84,0.86,0.86,0.86,0.86,0.86,0.86,0.86,-1.12,0.86,0.86,0.86,0.85,0.86,0.86,0.86,0.86,0.86,-1.02,0.86,0.86,0.86,0.85,0.72,0.72,0.86,0.86,0.86,0.86,0.86,0.86,0.86,0.86,-1.13,0.7,0.86,0.86,0.82,0.86,0.86,0.86,0.85,0.86,0.86,0.86,0.86,0.85,0.86,0.86,0.86,0.86,0.86,0.86,0.86,0.84,0.85,0.86,0.86,0.86,0.84,-1.06,0.85,0.86,0.85,0.86,0.86,0.85,0.77,0.83,0.85,-1.0,0.86,0.86,0.85,0.86,0.86,0.86,0.86,0.83,0.86,0.86,-1.1,0.82,0.86,0.86,0.86,0.84,0.86,0.86,0.86,0.86,0.85,0.86,0.86,0.86,0.86,0.86,0.86,0.86,0.86,0.86,-1.04,0.85,0.86,0.86,0.86,0.86,0.86,0.86,0.86,-1.02,0.85,0.85,0.86,0.86,0.86,0.84,0.86,0.85,0.85,0.86,-1.06,0.84,0.86,0.86,0.86,0.86,0.86,0.86,0.79,0.86,0.86,0.86,0.86,0.86,0.86,0.86,0.86,0.86,-1.06,0.86,0.85,0.86,0.86,0.84,0.86,0.86,0.85,0.86,0.86,0.86,0.86,0.86,0.83,0.85,0.86,-1.05,0.86,-1.14,0.85,0.86,0.86,0.86,0.84,0.86,0.86,0.86,0.84,0.78,0.86,0.86,0.86,0.86,0.86,-1.14,0.86,0.86,0.85,0.86,0.86,0.86,0.81,0.85,0.86,0.86,0.86,0.86,0.84,0.86,0.86,0.82,0.86,0.86,0.86,0.86,0.86,0.86,0.85,0.86,0.86,0.86,0.86,0.85,0.86,0.83,0.86,0.86,0.86,0.86,0.86,0.86,0.86,0.86,0.86,0.86,0.84,0.86,0.85,0.83,0.86,0.86,0.86,0.86,0.86,0.86,0.85,0.85,0.86,0.86,0.68,0.86,0.86,0.86,0.75,0.86,0.86,0.86,0.86,0.62,0.86,0.86,0.71,0.85,0.86,0.75,0.86,0.85,0.77,0.86,0.86,0.86,0.86,0.86,0.86,0.86,0.73,0.86,0.85,0.86,0.86,0.86,0.83,0.86,-1.25,0.82,0.86,0.86,0.86,0.86,0.86,0.86,0.86,0.86,0.85,0.86,0.86,0.86,0.86,0.86,0.86,0.84,0.84,0.85,0.84,0.85,0.86,0.84,0.84,0.86,0.86,0.86,0.86,0.86,-1.13,0.85,0.86,-1.1,0.85,0.86,0.86,-1.14,0.74,0.86,0.86,0.86,0.85,0.86,0.86,0.86,0.84,0.86,0.86,0.86,0.86,0.86,0.86,0.86,0.86,0.86,0.86,0.86,0.86,0.86,0.86,0.84,0.85,0.86,0.86,0.86,0.86,0.86,0.84,0.86,0.86,0.76,0.82,-1.07,0.86,0.85,0.86,0.85,0.86,0.86,0.86,0.86,0.86,0.86,0.86,0.86,0.71,0.86,0.86,-1.06,0.76,0.86,0.83,0.86,0.86,0.86,0.86,0.86,-1.04,0.81,0.84,0.86,0.85,0.85,0.85,0.85,-1.12,0.86,0.86,0.86,0.83,0.86,0.86,0.84,0.84,0.86,0.85,0.86,0.85,0.86,0.85,0.86,0.86,0.86,0.86,0.85,0.85,-1.09,0.86,0.85,0.86,0.75,0.85,0.86,0.86,0.86,0.76,0.85,0.86,0.86,0.8,0.86,-1.03,0.86,0.86,0.86,0.86,0.86,0.86,0.86,0.86,0.86,0.86,0.84,0.86,0.86,0.71,-1.04,0.83,0.86,0.85,0.85,0.86,-1.13,0.86,0.86,0.86,0.7,0.66,0.75,0.86,0.86,0.84,0.86,0.86,0.86,0.86,-1.13,0.84,0.86,0.86,0.86,0.86,0.76,0.86,0.86,0.85,0.85,0.86,0.86,0.86,0.86,0.86,0.86,0.86,0.86,0.81,0.86,0.85,-1.12,-1.17,0.86,0.84,0.84,0.86,0.86,0.86,0.86,0.85,0.71,0.86,0.86,0.86,0.85,0.86,0.86,0.86,0.86,0.86,0.86,-1.1,-1.24,0.86,0.84,0.86,0.86,-1.08,0.86,0.86,0.85,0.86,0.85,0.86,0.86,0.86,0.84,0.86,0.86,-1.15,0.85,0.85,0.86,0.86,0.86,0.86,0.86,0.86,0.86,0.85,0.86,0.86,0.86,0.86,0.84,-1.03,0.85,0.86,0.84,-1.06,0.86,0.85,0.86,0.86,0.86,0.86,0.86,0.86,0.86,0.84,0.86,0.86,0.86,0.85,0.86,0.86,0.86,0.86,0.85,0.8,0.86,0.86,0.86,0.86,0.84,0.86,0.84,0.86,0.86,0.86,0.86,0.86,0.86,0.84,0.86,0.85,0.86,-1.1,0.85,0.85,0.86,0.86,0.86,0.86,0.86,0.86,0.86,0.86,0.86,0.86,0.86,0.86,0.86,0.86,0.86,0.85,0.86,0.86,0.7,0.86,0.84,0.86,0.86,0.85,0.86,-1.11,0.86,0.86,0.86,0.86,0.86,0.86,-1.11,0.86,0.86,0.86,0.85,0.86,0.86,0.86,-1.1,0.82,0.86,0.86,0.86,0.86,0.85,0.86,0.86,0.84,0.86,0.86,0.86,0.86,0.86,0.85,0.86,0.85,0.84,0.85,0.85,0.86,0.82,0.86,0.86,0.86,0.86,0.86,0.86,0.84,0.86,0.86,0.84,0.86,0.86,0.86,-1.05,0.81,-1.2,0.86,0.85,0.84,0.86,0.86,0.86,0.85,0.86,0.86,0.86,0.86,-1.07,0.86,0.86,-1.08,0.86,0.86,0.86,0.84,0.86,0.86,0.85,-1.11,0.86,0.85,0.86,0.86,0.85,0.86,0.86,0.86,0.85,0.79,0.86,0.86,0.86,0.86,0.84,0.86,0.86,0.86,0.86,0.86,0.86,0.84,0.85,0.86,0.84,0.85,0.86,0.86,0.86,0.86,0.86,0.86,0.86,0.86,0.86,-1.16,0.84,0.86,0.86,0.86,0.86,0.86,0.85,0.86,0.86,0.86,0.86,0.86,0.84,0.86,0.86,0.86,-1.02,0.86,0.86,0.85,0.86,0.86,-1.01,0.86,0.85,0.85,0.86,0.84,0.86,0.86,0.86,0.86,0.86,0.86,0.86,0.86,0.86,0.86,0.86,0.86,0.86,0.86,0.84,0.86,0.86,0.86,-1.0,0.86,0.86,0.86,0.86,-1.12,0.86,0.86,0.86,0.86,0.84,0.84,0.85,0.86,-1.02,0.86,0.86,0.86,0.86,0.86,0.86,-1.0,0.86,0.86,0.86,0.86,0.83,0.84,0.84,0.84,0.86,0.86,0.86,0.86,-1.03,-1.14,0.85,0.86,0.85,0.86,0.86,0.85,0.86,0.86,0.86,0.86,0.86,0.86,0.86,0.86,0.86,0.86,-1.04,0.84,0.86,0.85,0.86,0.86,0.86,0.86,0.86,0.86,-1.1,0.85,0.85,0.86,0.83,0.85,0.86,0.86,0.72,0.86,-1.01,0.86,0.86,0.85,0.86,0.86,0.86,0.86,0.86,0.86,0.86,0.86,0.86,0.86,0.86,0.86,0.86,0.86,0.86,0.86,0.86,0.85,0.85,0.86,0.86,0.86,0.86,0.86,0.86,0.86,0.86,0.86,0.86,0.86,0.86,0.86,0.86,-1.06,-1.08,0.86,0.84,0.85,0.86,0.86,0.86,0.84,0.86,0.86,0.86,0.86,0.86,0.86,0.85,0.85,0.85,0.86,0.86,0.71,0.86,0.86,-1.02,-1.12,0.86,0.86,0.78,0.86,0.86,0.85,0.86,0.84,0.86,0.86,0.86,0.86,0.86,0.86,0.86,0.86,0.86,0.85,0.86,0.86,0.74,-1.02,0.82,0.86,0.86,0.86,0.86,0.86,0.86,0.86,0.86,0.86,0.83,0.84,0.85,0.86,0.86,0.85,0.85,0.86,0.71,0.86,0.86,0.86,0.86,0.86,0.86,0.86,0.86,0.86,0.86,0.86,0.84,0.86,0.86,0.86,0.86,0.86,0.86,0.84,0.86,0.86,0.86,0.86,0.86,0.86,0.86,0.86,0.86,0.86,0.86,0.86,0.86,0.86,0.86,0.86,0.86,0.84,0.86,0.86,0.86,0.86,0.84,0.86,0.86,0.85,0.85,0.86,0.86,0.86,0.86,0.86,0.86,0.85,0.76,0.84,0.86,0.86,0.86,0.86,0.85,0.86,-1.02,0.85,0.86,0.86,0.86,0.86,0.85,0.86,0.86,0.86,0.86,0.86,0.86,0.85,0.86,0.86,0.86,0.86,0.86,0.75,0.86,0.86,0.86,0.86,0.86,0.86,0.85,0.86,0.84,0.86,0.86,0.86,0.86,-1.12,0.83,0.86,0.85,0.86,0.86,0.86,0.86,0.73,0.86,0.84,0.83,0.85,0.86,0.86,0.86,0.86,0.86,0.78,0.86,0.85,0.86,-1.06,0.86,0.86,0.86,0.86,0.86,0.83,0.85,0.86,0.84,0.86,0.86,0.86,0.86,0.86,0.86,0.84,0.85,0.86,0.84,0.85,0.86,0.86,0.86,0.86,0.86,0.86,0.86,0.86,0.84,0.86,0.86,0.86,0.86,0.86,0.86,0.86,0.86,0.86,0.86,-1.11,0.84,0.85,0.86,0.83,0.86,0.86,0.84,0.86,0.86,0.86,0.86,0.86,0.86,0.86,0.86,0.86,0.86,0.82,0.86,0.76,0.83,-1.1,0.85,0.86,0.86,0.86,0.86,0.86,-1.13,0.85,0.86,0.86,-1.1,0.86,0.86,0.86,0.86,0.86,0.81,0.86
-1.31,0.81,0.83,0.8,0.8,0.86,0.83,-1.09,0.86,0.81,0.77,0.73,-1.03,-1.04,-1.09,-1.05,-1.07,-1.09,-1.04,-1.12,-1.0,0.7,0.78,-1.13,0.85,0.85,0.85,0.86,0.85,0.84,-1.07,0.85,-1.04,0.86,-1.07,-1.12,0.82,0.86,0.86,0.78,0.84,0.84,0.81,0.82,-1.1,0.86,0.86,0.81,0.84,0.86,0.86,0.86,0.83,0.85,0.84,0.85,0.82,0.85,0.82,0.86,0.86,0.86,-1.01,0.86,0.86,0.86,0.85,0.86,0.86,0.86,0.86,0.86,0.86,0.86,0.86,0.86,0.84,0.86,0.71,0.84,0.86,0.86,0.86,0.85,0.86,0.81,0.86,0.86,0.86,0.86,0.86,0.86,0.86,0.86,0.86,0.86,-1.14,0.86,0.86,0.86,0.86,0.71,0.85,0.85,0.84,-1.0,0.74,0.86,0.86,0.84,0.86,0.86,0.86,0.86,-1.03,0.86,0.86,0.82,-1.03,0.86,-1.12,0.86,0.86,0.86,0.86,0.86,0.84,0.86,0.86,0.86,0.86,0.86,0.86,0.86,0.86,0.86,0.86,0.85,0.85,0.86,-1.09,-1.01,0.75,0.86,0.85,0.82,0.86,0.86,0.86,0.85,0.86,0.84,0.86,-1.06,0.86,0.86,0.86,0.86,0.86,-1.12,0.86,0.86,0.86,0.86,0.86,0.86,0.86,0.86,0.84,0.86,0.86,0.86,0.71,0.86,0.86,0.86,0.86,0.86,0.86,0.86,0.86,0.86,0.86,0.86,0.86,0.86,-1.12,0.86,0.72,0.86,-1.14,0.86,0.86,0.86,0.86,0.84,0.86,0.84,0.86,0.86,0.86,0.86,-1.0,0.86,0.86,0.85,0.72,0.84,0.86,0.86,0.86,0.86,-1.01,0.86,0.86,0.86,0.86,0.86,0.86,0.76,0.86,0.86,0.86,0.83,0.86,0.86,0.86,0.86,0.86,0.86,0.86,0.86,0.84,0.86,0.86,0.86,0.84,0.86,0.86,0.86,0.86,0.86,0.86,-1.09,0.86,0.86,0.86,0.86,0.86,0.86,0.86,0.86,0.84,0.86,0.86,0.86,0.86,0.86,0.86,0.86,0.86,0.86,0.86,0.85,0.86,0.86,0.86,0.86,0.86,0.86,0.86,0.86,0.85,-1.01,0.83,0.86,0.86,0.73,-1.07,-1.09,0.77,0.86,0.86,0.86,0.86,0.86,0.86,0.86,0.86,0.86,0.86,0.86,0.86,0.86,0.86,0.86,0.86,0.86,-1.06,0.86,0.86,0.84,0.84,0.86,0.86,0.72,0.86,0.86,0.86,0.86,0.86,0.86,0.86,0.86,0.86,0.84,0.86,-1.03,0.86,0.84,0.86,0.86,0.86,0.86,0.84,0.86,0.86,0.86,0.86,-1.13,0.85,0.86,0.86,0.86,0.85,-1.12,0.86,0.86,0.86,0.86,0.86,0.85,0.86,0.86,0.86,0.73,0.85,0.86,0.86,0.86,0.86,0.86,0.86,0.83,0.86,0.86,0.86,0.86,0.86,0.86,0.86,0.86,0.86,0.86,0.86,0.86,0.86,0.86,0.86,0.86,0.86,0.86,0.86,0.86,0.86,0.86,-1.15,0.85,0.86,0.86,0.86,0.86,0.85,0.86,0.85,0.86,0.86,0.85,0.86,0.86,0.86,-1.03,0.84,0.86,0.86,-1.12,0.86,0.86,0.86,0.86,0.84,0.86,0.86,0.86,-1.1,0.86,-1.05,0.86,0.84,0.84,0.86,0.85,0.85,0.86,0.86,0.86,0.86,0.86,0.86,0.86,0.86,0.81,0.85,0.86,0.84,0.77,0.86,0.86,0.86,0.86,0.86,0.86,-1.02,0.86,0.86,0.84,0.86,0.86,0.86,0.86,0.86,0.86,0.86,0.86,0.86,0.86,0.86,0.86,-1.12,0.86,0.86,0.83,-1.03,0.86,0.86,-1.02,0.85,0.86,0.86,0.86,0.86,0.86,0.86,0.86,0.86,0.86,0.84,0.86,0.86,0.86,0.86,0.85,0.86,0.86,0.86,0.86,0.85,0.86,0.68,0.86,-1.15,0.86,0.86,0.86,0.86,0.86,0.86,0.86,0.76,0.86,0.86,0.84,0.86,-1.04,0.86,-1.13,0.86,0.86,0.84,-1.05,0.85,0.86,0.86,0.86,0.86,0.86,0.84,0.86,0.83,0.86,0.86,0.86,-1.02,0.84,0.86,0.86,0.86,0.86,0.86,-1.12,0.81,-1.09,0.86,0.86,0.86,0.85,0.86,0.77,0.85,0.86,0.86,0.85,0.86,-1.0,0.84,0.84,0.86,0.86,0.86,0.86,0.81,0.86,0.84,0.86,0.86,0.86,-1.12,0.86,0.86,0.86,0.86,0.86,0.85,0.86,0.83,-1.14,0.84,0.86,0.86,0.86,0.86,0.86,0.86,0.86,0.86,0.86,0.86,0.86,0.86,0.86,0.84,0.86,0.85,0.86,0.86,0.85,0.86,0.86,-1.05,0.85,0.77,0.86,0.86,0.86,-1.09,0.86,0.86,0.86,0.85,0.86,0.86,0.84,0.86,0.86,0.85,0.86,0.86,0.86,0.86,-1.01,0.86,0.86,0.86,0.83,0.86,-1.12,0.86,0.86,0.84,0.86,0.85,0.86,0.86,0.86,0.83,0.86,0.86,0.86,-1.01,0.86,0.86,0.81,0.82,0.86,0.85,0.86,0.86,0.84,0.86,0.86,0.86,0.86,0.86,0.85,0.86,0.86,0.86,0.85,0.86,0.86,0.86,0.86,0.86,0.86,0.86,0.86,0.86,0.86,-1.12,0.84,0.86,0.84,0.86,0.86,0.86,0.86,0.85,0.86,0.86,0.86,0.86,0.86,0.86,0.86,0.78,0.86,0.72,0.84,0.86,0.86,0.86,0.86,0.83,0.86,0.86,0.86,-1.11,0.86,0.86,0.86,0.86,0.86,0.86,0.83,0.86,0.86,0.86,0.79,0.86,0.86,0.86,0.86,0.86,0.86,0.84,-1.09,0.86,0.86,0.86,0.86,0.86,0.85,0.86,0.86,-1.06,0.85,0.86,0.86,0.86,0.85,0.84,0.85,0.86,0.86,0.86,0.86,0.86,0.83,0.86,0.86,0.86,0.86,0.86,0.86,0.86,0.79,-1.02,0.86,0.86,0.84,0.8,0.86,0.85,0.86,0.86,0.86,0.86,0.86,0.86,0.86,0.85,0.85,0.86,0.84,0.86,0.69,0.86,0.8,0.84,0.86,0.86,0.86,0.86,0.85,0.85,0.86,0.85,0.86,0.84,0.86,0.86,0.86,0.86,0.86,0.86,0.86,0.83,-1.12,0.84,0.86,0.86,0.76,0.86,0.84,0.85,0.84,-1.12,0.86,0.86,0.86,0.86,0.86,0.86,0.86,0.84,0.86,0.86,0.86,0.86,-1.02,0.86,0.86,0.86,0.86,0.86,0.86,0.86,0.83,0.86,-1.03,0.85,0.86,0.86,0.86,0.86,-1.19,0.84,0.81,0.86,0.85,0.85,0.85,0.86,0.86,0.85,0.84,0.86,0.86,0.86,0.86,0.86,0.86,0.84,0.85,-1.02,-1.08,0.86,0.86,0.86,0.86,0.86,0.85,0.86,0.86,0.85,0.86,0.77,0.86,-1.13,0.85,0.86,0.86,0.86,0.86,0.85,0.86,0.86,0.86,0.86,-1.14,0.86,0.86,-1.11,0.86,0.61,0.86,0.86,-1.0,0.86,0.86,0.86,0.86,0.86,0.86,0.86,0.86,0.86,0.86,0.86,0.86,0.84,0.86,0.75,0.86,0.86,0.86,0.86,-1.11,0.86,0.86,0.86,0.86,-1.06,0.86,0.86,0.86,0.86,0.85,0.86,0.86,0.76,0.86,0.86,0.86,0.85,0.84,0.86,0.84,0.86,0.86,0.86,0.86,0.86,0.86,0.86,-1.02,0.86,0.86,0.86,0.85,0.86,0.84,0.86,0.86,0.86,-1.12,0.86,0.86,0.86,0.84,0.86,0.85,0.86,0.85,0.86,0.86,0.86,-1.03,0.86,0.86,0.86,0.86,0.85,0.86,0.86,0.86,0.86,0.86,0.86,0.86,0.74,0.81,-1.1,-1.14,0.86,0.86,0.86,0.86,-1.12,0.84,0.86,0.86,-1.14,0.86,0.86,0.86,0.86,0.86,0.86,0.86,0.84,0.83,0.86,0.86,-1.0,0.86,0.85,0.85,0.82,0.86,0.73,-1.03,0.86,0.84,0.86,0.86,0.86,0.86,0.86,0.86,0.86,0.84,0.86,0.86,0.86,0.86,0.86,0.77,0.86,0.86,0.86,0.84,0.86,0.86,0.85,0.85,0.86,0.86,0.86,0.86,0.85,0.86,0.86,0.86,0.86,0.86,0.86,0.82,-1.01,0.86,0.84,0.86,0.86,0.83,0.86,0.86,0.86,0.86,0.86,0.86,0.86,0.84,0.86,0.86,0.85,0.86,-1.06,0.86,0.86,0.86,0.86,0.86,0.76,0.86,0.86,0.86,0.81,0.72,0.86,0.86,-1.02,0.84,0.86,0.86,0.84,0.86,0.86,0.86,0.86,-1.03,0.86,0.86,0.84,0.86,0.84,0.86,0.85,0.86,0.86,0.86,0.86,0.79,0.86,0.86,0.86,0.84,0.86,0.86,0.86,0.84,0.86,0.86,0.86,0.86,0.86,0.86,0.86,0.85,0.86,0.85,0.86,0.86,0.86,0.86,0.86,0.73,0.86,0.86,0.83,0.86,-1.13,0.86,0.84,0.86,0.86,0.83,0.86,-1.03,0.86,-1.05,0.86,0.84,0.84,0.86,0.86,0.86,0.86,0.86,0.83,0.74,0.86,0.86,0.86,0.86,0.86,0.86,0.86,0.86,0.86,0.86,0.86,0.86,0.86,0.86,0.84,0.81,0.86,0.86,0.86,0.86,0.86,0.84,0.86,0.86,0.86,0.86,0.86,-1.14,0.86,0.86,0.79,0.86,0.68,0.85,0.83,0.86,0.86,0.86,0.86,0.86,0.77,0.86,0.86,0.86,0.86,0.84,0.86,0.86,0.86,0.84,0.85,0.85,0.86,0.86,-1.06,0.85,0.72,0.86,0.86,0.86,0.86,0.86,0.86,0.86,0.86,0.86,0.86,0.86,0.86,0.86,0.86,0.86,0.84,0.86,0.86,0.86,0.86,0.86,0.86,0.86,0.85,0.86,-1.1,0.77,-1.11,0.86,-1.12,0.86,0.86,0.85,0.86,0.86,0.85,0.86,0.86,0.86,0.86,0.86,0.84,0.86,0.84,0.86,0.86,0.86,0.86,0.86,0.86,0.81,0.86,0.86,0.86,-1.03,0.86,0.85,0.86,0.86,0.86,0.86,0.86,-1.04,0.86,0.83,0.86,0.86,0.86,0.86,0.86,0.86,0.85,0.86,0.86,0.86,0.82,0.86,0.86,0.86,0.86,-1.04,0.86,0.86,0.86,0.86,0.86,0.86,0.86,0.86,0.84,0.86,0.86,0.86,0.85,0.85,0.86,0.86,0.86,0.85,0.86,0.86,0.84,0.86,0.86,-1.15,0.86,0.85,0.86,0.86,0.86,0.86,0.84,0.86,0.86,0.86,0.86,0.84,0.86,0.86,0.86,0.86,0.8,0.86,0.86,0.84,0.86,0.86,0.86,0.86,0.86,0.86,0.86,0.86,0.86,0.86,0.86,0.85,0.86,0.86,0.83,0.86,0.86,0.86,0.86,0.86,-1.1,0.86,0.84,0.84,0.85,-1.13,0.86,0.86,0.86,0.86,0.86,0.86,0.85,0.86,0.86,0.86,0.86,-1.14,0.83,0.86,0.86,0.86,0.86,0.86,0.86,0.83,0.86,0.85,0.86,0.86,0.86,0.86,0.86,0.83,0.84,0.86,0.84,0.84,0.86,0.86,0.83,0.86,0.86,-1.13,0.85,0.86,0.86,0.86,0.86,0.86,0.82,0.86,0.86,0.86,0.86,0.85,0.86,-1.06,0.86,0.84,0.86,0.86,0.86,0.86,0.86,0.86,0.83,0.86,-1.0,0.86,0.85,0.86,0.86,0.86,0.85,0.86,0.86,0.86,0.86,0.86,0.86,0.86,0.73,0.86,0.83,-1.14,0.86,0.86,0.86,0.86,0.86,0.86,0.86,0.86,0.86,0.86,0.86,0.83,0.86,0.84,0.86,0.85,-1.03,0.85,0.86,0.86,0.86,0.86,0.86,0.86,-1.07,0.85,0.86,0.86,0.86,0.86,0.86,0.86,0.86,0.86,0.86,0.84,0.86,0.85,0.86,0.86,0.86,0.86,0.86,0.86,0.85,-1.09,0.86,-1.21,0.82,0.86,0.86,0.86,0.86,0.85,0.86,-1.0,0.86,0.86,0.84,0.86,0.86,0.85,0.85,0.85,0.86,0.86,-1.13,0.83,0.86,-1.0,0.86,0.86,0.86,0.86,0.86,0.86,0.86,0.83,0.86,0.85,-1.0,0.85,0.86,0.84,0.86,0.86,0.86,-1.13,0.86,0.86,0.86,0.86,0.86,0.86,0.86,0.86,0.86,0.84,0.82,-1.13,-1.1,0.86,0.82,0.86,0.86,0.86,-1.08,0.85,0.84,0.85,0.85,0.86,0.86,0.86,0.86,0.84,-1.11,0.85,-1.06,0.86,-1.11,0.85,0.85,0.83,0.86,-1.02,0.86,0.84,0.84,0.84,0.86,0.85,0.85,-1.0,0.85,0.86,0.86,0.86,0.86,0.86,0.84,0.82,0.86,0.86,0.84,0.86,0.86,0.86,0.83,-1.11,0.85,0.71,0.86,0.85,0.86,0.85,0.85,0.85,0.86,0.83,0.86,0.85,0.86,0.85,-1.2,0.86,0.85,0.86,0.86,0.86,-1.11,0.86,0.85,0.86,0.85,0.71,-1.13,-1.03,0.79,0.84,0.86,0.85,0.86,0.86,0.86,-1.03,0.86,0.86,0.85,0.86,-1.1,0.86,0.84,0.86,0.86,0.85,0.86,0.86,0.86,0.85,0.76,-1.02,0.86,0.86,0.84,0.86,0.86,0.84,0.86,0.86,0.86,0.86,0.86,0.71,0.86,0.86,0.86,-1.05,0.86,0.85,0.85,0.86,0.86,0.86,0.86,0.85,0.86,0.86,0.86,0.85,0.77,0.86,0.86,0.86,0.84,0.86,0.84,0.86,0.86,0.86,0.86,0.86,0.84,0.86,0.85,0.86,0.86,0.86,0.85,0.81,0.86,0.81,-1.08,0.86,0.85,0.86,0.86,0.86,0.85,0.84,0.86,0.86,0.86,0.86,0.86,0.86,0.74,0.82,0.86,-1.0,0.86,0.86,0.86,0.76,-1.08,0.86,0.86,0.86,-1.08,-1.07,0.85,0.86,0.86,0.83,0.84,0.86,0.86,0.86,0.86,0.84,0.85,0.85,0.85,0.86,0.86,0.83,0.85,0.85,0.85,0.86,0.86,0.73,0.84,-1.1,-1.07,0.85,0.83,0.85,0.86,0.86,0.86,0.86,0.86,0.85,0.86,-1.12,0.86,0.86,0.86,0.86,-1.13,0.85,0.86,0.86,0.86,0.86,0.86,0.84,0.86,0.86,0.86,0.86,0.83,0.86,0.86,0.86,0.86,0.86,0.86,0.84,0.86,0.81,0.86,-1.09,0.84,0.86,0.85,0.86,0.86,0.86,0.86,0.86,0.86,0.86,0.86,0.85,0.86,0.78,0.86,0.86,0.86,0.86,0.79,0.86,0.79,0.86,0.86,0.86,0.86,-1.12,0.86,0.86,0.86,0.86,0.86,0.86,0.86,0.74,0.85,0.86,0.86,0.86,-1.12,0.86,0.86,0.86,0.86,0.86,0.86,0.85,0.86,0.86,0.86,0.86,0.86,-1.03,0.86,0.86,0.86,0.86,0.8,-1.03,0.86,0.77,0.86,0.86,0.86,0.86,0.86,0.86,-1.0,0.86,0.86,0.86,-1.02,0.86,0.86,0.86,0.86,0.86,0.85,0.86,0.86,0.86,0.86,0.86,0.86,0.86,0.84,0.86,0.86,0.78,0.86,0.86,0.86,0.84,0.76,0.86,0.84,0.86,0.83,0.86,0.86,0.86,0.86,0.86,0.86,0.86,0.86,-1.1,0.85,0.84,0.86,0.86,0.83,0.86,0.86,0.86,-1.06,0.86,0.86,0.86,0.85,-1.02,0.86,0.86,0.84,0.86,0.86,0.86,0.86,0.86,0.84,0.86,0.83,0.86,0.86,0.86,0.85,0.84,0.86,0.86,0.86,0.85,0.86,0.86,0.86,0.84,-1.14,0.84,0.86,0.84,0.85,0.8,0.84,0.86,0.82,0.86,0.86,0.86,0.86,0.86,0.86,0.86,0.86,0.86,0.86,0.86,0.7,0.85,0.86,0.84,0.86,0.86,0.86,0.86,0.86,0.86,0.86,0.86,0.86,-1.0,0.86,0.86,-1.13,0.86,0.82,0.85,0.86,0.86,0.85,0.86,0.85,0.85,0.86,0.86,0.86,0.85,0.86,0.86,0.86,0.84,0.86,0.81,0.86,0.86,0.86,0.86,-1.14,-1.15,0.84,0.83,0.86,0.86,0.86,0.85,0.86,0.86,-1.23,0.79,0.84,0.86,0.85,0.86,-1.02,0.86,0.86,0.86,0.86,0.85,0.86,0.86,0.86,0.84,0.85,0.83,0.85,-1.03,-1.13,0.86,0.86,-1.14,0.86,0.84,0.86,0.86,0.86,0.86,0.86,0.84,-1.11,0.73,0.86,-1.13,0.74,0.86,0.84,0.86,0.86,0.84,0.85,-1.07,0.85,0.85,0.86,0.86,0.86,0.73,0.86,0.85,0.82,0.85,0.83,0.86,0.86,0.85,0.86,0.84,0.84,0.85,0.86,0.85,0.71,0.86,0.86,0.79,0.82,0.83,0.86,0.85,0.86,0.86,0.86,-1.12,0.83,0.86,0.71,-1.12,0.86,0.85,0.82,0.85,0.86,-1.06,0.86,0.86,0.85,0.85,0.86,0.86,0.86,0.86,0.8,0.84,0.86,0.86,0.85,0.86,0.86,0.86,0.86,0.79,0.86,0.83,0.86,0.86,0.86,0.86,0.86,0.86,-1.07,0.86,0.86,0.86,0.86,0.79,0.86,0.86,0.86,0.86,0.85,0.86,0.86,0.85,0.86,0.86,0.86,0.86,0.86,0.85,0.86,-1.06,0.85,0.85,0.86,0.86,0.86,0.86,0.86,0.86,0.86,0.86,0.86,0.86,0.86,0.86,0.86,0.86,0.86,0.86,0.86,0.86,0.86,0.86,0.86,-1.13,0.85,0.86,0.86,0.86,0.86,0.86,0.86,0.86,0.86,0.84,0.84,0.86,0.86,0.86,0.83,0.86,0.86,0.86,0.86,0.86,0.86,0.85,0.86,0.85,0.86,0.86,0.86,0.86,0.86,0.86,0.86,0.86,0.86,0.85,0.86,0.86,0.86,0.86,0.86,0.86,0.86,0.86,0.86,0.86,0.83,-1.07,0.85,0.85,0.86,0.86,0.86,0.86,0.86,0.86,0.86,0.86,0.86,0.84,0.86,0.86,0.86,0.86,0.86,0.83,0.84,0.86,0.86,0.85,0.86,0.86,-1.03,0.86,0.85,0.85,0.85,0.86,0.86,-1.13,0.86,0.76,0.86,0.86,0.86,0.86,0.86,-1.01,0.86,0.86,0.86,0.86,0.72,0.86,0.82,0.86,0.86,0.86,0.85,0.86,0.86,-1.11,0.85,0.82,-1.0,0.86,0.86,0.86,-1.13,0.84,0.86,0.84,0.86,-1.08,0.79,0.86,0.86,0.84,0.86,0.86,0.85,0.86,0.84,0.86,0.84,0.86,0.86,0.86,0.86,0.86,0.86,0.86,0.86,0.86,0.86,0.86,0.86,0.79,0.86,0.86,-1.07,0.86,0.86,0.86,0.86,0.86,0.74,0.86,0.59,0.86,0.86,0.86,0.85,0.85,0.86,0.86,0.86,0.86,0.85,0.86,0.86,0.86,0.86,0.84,0.86,0.86,0.86,0.86,0.86,-1.03,0.85,0.86,0.85,0.86,0.85,0.86,0.86,0.86,0.86,0.86,0.86,0.86,0.86,0.86,0.86,0.82,0.86,0.86,0.86,0.86,0.84,0.86,0.86,0.86,0.86,0.86,0.86,0.86,0.86,0.86,0.84,0.86,0.86,0.84,0.72,0.86,0.78,0.86,0.86,0.85,0.86,-1.01,0.85,-1.1,0.85,0.86,0.86,0.86,0.86,0.86,0.85,0.86,0.86,0.86,0.86,0.86,0.86,0.86,0.86,0.86,0.86,0.85,0.86,0.86,0.84,0.86,0.86,0.86,0.86,0.86,0.86,-1.01,0.86,0.86,0.86,0.85,0.86,0.86,0.86,0.84,0.86,0.86,0.85,0.86,0.83,-1.12,0.86,0.86,0.86,0.86,0.86,-1.05,0.85,0.86,-1.15,0.86,0.84,0.86,-1.02,0.86,0.86,0.85,0.86,0.86,0.86,0.86,0.86,0.86,0.86,0.72,0.71,0.86,0.86,0.86,0.72,0.86,0.86,0.86,0.86,0.86,0.86,0.86,0.86,0.86,0.86,0.85,0.86,0.86,0.86,0.86,0.85,0.86,0.81,0.84,0.84,0.86,0.86,0.86,0.86,0.86,0.86,0.86,0.86,0.85,0.86,0.86,0.86,0.86,0.86,0.86,0.86,-1.14,0.85,0.86,0.86,0.86,0.84,0.86,0.86,0.86,0.86,0.84,0.85,-1.14,0.86,0.86,0.86,0.86,-1.01,0.86,0.86,0.82,0.86,0.86,0.86,-1.06,0.86,0.86,0.86,0.86,0.86,0.86,0.86,0.86,-1.07,0.84,0.85,0.86,0.86,0.84,0.86,0.86,-1.03,0.86,0.86,0.84,0.85,0.86,-1.02,0.86,0.86,0.86,0.85,0.86,0.85,0.86,0.78,0.84,-1.0,0.85,0.85,0.86,0.84,0.86,0.83,0.86,0.86,0.86,0.86,0.85,0.85,0.74,0.86,0.86,0.71,0.86,0.86,0.86,0.86,0.86,0.85,0.86,0.86,0.86,0.86,0.86,0.86,0.86,0.86,0.84,0.85,0.82,0.86,0.86,-1.1,0.86,-1.02,0.86,0.86,0.86,0.86,0.86,0.83,0.86,0.86,0.86,-1.09,0.85,0.86,0.86,0.85,0.86,0.84,0.83,0.86,0.86,0.86,0.86,0.86,0.86,0.84,0.86,0.86,0.83,0.86,0.86,0.86,0.86,0.86,0.86,0.86,0.86,0.86,0.86,0.86,0.86,0.86,0.86,0.86,0.86,-1.1,0.84,0.69,0.84,0.86,0.86,0.82,0.84,0.86,0.86,0.85,0.86,0.86,0.59,0.86,0.86,0.86,0.86,0.86,0.86,-1.12,0.86,0.85,0.86,-1.14,0.85,0.86,-1.12,0.86,0.85,0.86,-1.18,0.86,0.86,0.86,0.86,0.86,0.86,0.84,0.86,-1.12,0.85,0.86,0.86,0.86,0.85,0.86,0.84,0.86,0.86,0.85,0.86,0.86,0.86,0.86,-1.0,0.86,0.86,0.86,0.86,-1.1,0.86,0.86,0.86,0.86,0.86,0.86,0.86,0.86,0.86,-1.24,0.86,0.85,0.76,0.86,0.86,0.86,0.86,0.86,0.86,0.84,0.86,0.86,0.86,0.86,0.86,0.86,0.84,0.86,0.86,0.84,0.86,0.86,0.85,0.86,0.85,0.85,0.86,-1.02,0.86,0.86,0.86,0.86,0.85,0.86,0.86,0.86,0.86,0.85,0.84,0.86,0.86,0.86,0.86,0.86,0.86,0.86,-1.03,0.78,-1.14,0.86,0.86,0.86,0.86,0.86,-1.03,0.86,0.85,0.86,0.86,0.74,0.86,0.86,0.86,0.86,0.86,-1.06,0.85,0.84,0.86,-1.0,0.86,0.86,0.86,0.86,0.86,0.86,0.85,0.86,0.86,0.86,0.84,0.86,0.86,0.86,0.86,0.86,0.86,0.86,0.86,0.86,0.86,0.86,0.86,0.86,0.86,0.86,0.85,0.86,0.85,0.86,0.85,0.86,0.86,-1.05,0.85,0.86,0.86,-1.07,0.85,0.84,0.86,0.86,0.86,-1.1,0.86,0.84,0.86,0.85,0.86,0.86,0.86,0.86,0.84,0.86,0.86,0.86,0.86,0.86,0.86,0.84,0.86,0.85,0.86,0.86,0.72,0.86,0.86,0.86,0.86,0.86,0.86,0.85,0.84,0.86,0.86,-1.04,0.85,0.84,0.86,0.86,0.85,0.86,0.86,0.86,0.86,0.86,0.86,0.86,0.86,-1.05,0.84,0.85,0.86,0.85,0.86,0.86,0.86,0.86,0.86,0.86,0.84,0.86,0.86,0.86,0.86,0.86,0.86,0.86,0.85,0.86,0.86,0.86,0.86,0.85,0.86,0.86,0.86,-1.07,0.86,0.85,-1.09,-1.02,0.83,0.83,0.86,0.85,0.86,0.85,0.86,0.86,0.85,0.86,0.85,0.86,0.86,0.86,-1.12,0.86,0.85,0.85,0.86,0.84,0.86,0.86,0.86,0.86,0.86,0.86,0.86,-1.12,0.85,0.86,0.85,0.86,0.85,0.86,0.86,0.86,0.68,0.86,0.85,0.85,0.86,0.86,0.86,0.86,0.86,0.86,0.86,0.86,0.86,0.86,0.86,0.85,0.86,0.86,0.86,0.86,0.86,0.86,0.86,0.86,0.86,0.86,0.81,0.86,0.86,0.86,0.86,0.85,0.86,0.86,0.86,-1.11,0.83,0.86,0.86,0.86,0.77,0.86,0.86,0.74,0.85,0.85,0.85,0.83,0.86,0.86,-1.02,0.86,-1.09,0.86,0.84,0.85,0.86,0.86,-1.06,0.86,0.75,0.86,0.86,0.84,0.86,0.86,-1.13,0.85,0.86,-1.02,0.85,0.86,0.86,0.85,0.85,0.85,0.86,0.86,0.86,0.86,0.86,0.67,0.86,0.86,0.86,0.85,0.85,0.86,0.86,0.86,0.86,0.86,0.84,0.86,0.86,0.84,0.86,0.86,0.86,0.86,0.86,-1.03,0.84,0.84,-1.13,0.82,0.75,0.86,0.84,0.86,0.84,0.86,0.86,0.86,0.86,0.85,0.86,0.86,0.86,0.86,0.86,0.86,0.86,0.81,0.86,0.86,0.86,-1.15,0.86
-1.03,-1.02,-1.16,0.79,-1.04,-1.04,0.63,-1.12,-1.11,-1.05,-1.0,0.62,-1.05,0.82,-1.22,0.79,0.81,0.79,-1.02,0.64,0.67,-1.25,0.86,0.76,-1.05,-1.26,0.84,-1.12,-1.29,0.8,0.8,0.66,0.84,0.78,0.82,0.83,0.86,0.86,0.77,0.85,-1.04,0.69,-1.12,0.84,0.85,0.86,0.86,0.79,0.86,0.81,0.74,0.81,0.72,0.84,0.86,0.84,0.69,0.86,0.86,0.86,0.86,-1.12,0.86,0.86,-1.05,0.86,0.86,0.86,0.86,0.86,0.86,0.76,0.86,0.86,0.86,0.86,0.85,0.85,0.85,-1.0,0.86,0.86,0.84,-1.0,0.86,0.86,0.86,0.86,0.86,0.86,0.82,0.86,0.86,0.86,0.86,0.86,0.86,0.86,0.86,0.86,0.86,0.86,0.86,0.86,0.86,0.86,0.79,0.86,0.86,0.86,0.83,0.85,-1.03,0.86,0.86,0.86,0.86,0.84,0.86,0.84,0.86,0.83,0.86,0.86,0.86,0.84,0.86,0.75,0.86,0.86,0.84,0.86,-1.07,0.84,0.86,0.83,0.86,0.85,-1.05,0.86,0.86,0.86,0.86,0.86,0.86,0.86,0.84,0.86,0.86,0.86,0.84,0.86,0.86,0.86,0.86,0.86,0.86,0.86,0.86,0.86,0.85,0.86,0.86,0.86,-1.02,0.86,0.83,0.86,0.86,0.86,0.86,0.86,0.86,0.86,0.84,0.86,0.86,0.86,0.85,-1.06,0.86,0.86,0.85,0.86,0.84,0.84,0.86,0.86,0.84,0.86,0.86,0.86,0.86,0.86,0.86,0.86,0.84,0.84,0.86,0.86,0.86,0.86,0.86,0.86,0.86,0.86,0.86,0.86,0.86,0.85,0.85,0.86,0.86,-1.06,0.85,0.86,0.84,-1.08,0.86,0.86,0.84,0.86,0.86,0.86,0.86,0.86,0.86,0.85,0.86,0.86,0.86,0.86,0.86,0.86,-1.02,0.85,0.86,0.86,0.86,0.85,0.86,0.86,0.86,0.86,0.84,0.84,0.86,0.84,0.86,0.86,0.86,0.86,0.86,0.86,0.86,0.73,0.72,0.86,0.86,0.85,0.82,-1.24,0.86,0.86,0.86,0.86,0.84,0.86,0.79,0.86,0.86,0.86,0.77,0.85,0.85,0.86,0.84,0.86,0.86,0.86,0.86,0.86,0.85,0.86,0.86,0.85,0.86,0.86,-1.12,0.86,0.86,0.86,0.86,0.86,0.86,0.82,0.85,0.86,0.86,0.84,0.79,0.86,0.86,0.86,0.86,0.86,0.85,0.86,0.86,0.86,0.85,0.86,0.85,0.86,0.86,0.84,0.83,0.86,0.86,0.86,0.86,0.86,0.85,0.86,0.86,0.86,0.85,0.86,0.83,0.86,0.86,0.84,0.86,0.86,0.86,0.85,0.86,0.86,0.85,0.85,0.84,0.86,0.86,0.86,0.84,0.86,0.85,0.85,0.71,0.86,0.86,-1.21,0.84,-1.08,0.85,0.76,0.86,0.86,0.85,0.86,0.86,0.86,0.86,0.86,0.86,0.86,0.85,0.86,0.86,0.84,0.86,0.86,0.75,0.86,-1.05,0.85,0.84,0.86,0.86,0.86,0.86,0.86,0.83,0.86,0.86,0.85,0.86,0.86,0.79,0.84,0.84,0.84,0.86,0.86,0.84,0.86,0.86,0.65,-1.01,0.86,0.86,0.86,0.86,0.86,0.86,-1.03,0.86,0.86,0.86,0.84,0.86,0.84,0.86,0.86,0.86,0.86,0.86,0.86,0.86,0.86,0.85,0.86,0.86,0.86,0.75,0.86,0.73,0.86,0.86,0.86,0.86,0.86,0.86,0.86,0.86,0.86,0.86,0.86,0.86,0.86,0.86,0.86,0.86,0.86,0.86,0.86,0.86,0.86,-1.02,0.86,0.85,-1.01,0.85,-1.04,0.85,0.86,0.86,0.86,0.85,0.86,0.86,0.86,0.86,0.86,0.86,0.81,0.86,0.86,0.86,0.86,0.86,0.86,0.86,-1.02,0.86,0.86,0.85,0.86,0.86,0.86,0.86,0.86,0.86,0.86,0.86,-1.14,0.86,0.85,0.86,0.82,0.7,-1.02,0.85,0.86,-1.07,-1.02,0.86,0.85,0.84,0.85,0.86,0.86,0.86,0.86,0.85,0.86,0.86,0.86,0.86,0.86,0.86,0.84,0.85,0.84,0.86,0.85,0.84,0.86,0.86,0.86,0.86,-1.03,0.86,0.86,0.86,0.86,0.86,0.85,0.86,0.86,0.86,0.86,0.86,0.81,0.83,0.86,0.86,0.86,0.86,0.7,0.86,0.86,0.86,0.86,0.86,0.86,0.86,0.86,0.84,0.86,0.86,0.85,0.86,0.86,0.84,-1.12,0.86,0.86,0.86,0.84,0.86,0.86,0.86,0.86,0.86,0.85,0.86,0.85,0.82,-1.03,0.84,0.86,0.86,0.86,0.86,-1.04,0.86,0.86,0.86,0.86,0.86,0.86,0.86,0.86,0.86,0.86,0.86,0.86,0.86,0.85,0.86,0.86,-1.06,0.86,0.86,0.86,0.86,0.86,0.86,0.86,-1.04,0.86,0.86,-1.0,0.86,0.86,0.85,0.86,-1.02,0.84,0.86,0.86,0.86,0.85,0.86,0.86,0.86,0.84,0.86,0.85,0.85,0.86,0.86,0.86,-1.03,0.86,0.86,0.85,0.85,0.86,0.86,0.86,0.86,0.85,-1.04,0.86,0.86,-1.03,0.86,0.86,0.86,0.86,0.86,0.86,0.86,0.86,0.86,0.86,0.86,0.86,0.86,0.86,0.86,0.86,0.85,0.86,0.75,0.86,0.85,0.86,0.84,0.86,0.86,0.86,0.86,0.85,-1.13,0.79,0.85,0.86,0.86,0.86,0.86,0.86,0.86,0.86,0.86,0.85,0.86,0.76,0.86,0.86,0.86,0.86,0.86,0.86,0.86,0.86,0.7,0.86,0.86,-1.0,0.86,0.84,0.83,0.86,0.86,0.86,0.86,0.86,0.86,0.86,0.86,0.86,0.86,0.79,0.85,0.85,0.86,0.86,0.86,0.84,0.86,0.86,0.86,0.86,0.86,0.86,0.86,0.86,0.86,0.86,0.86,-1.15,0.86,0.86,0.86,0.85,0.86,0.86,-1.09,0.86,0.86,0.85,0.73,0.86,0.86,0.86,0.86,0.86,0.86,0.84,0.86,0.86,0.86,0.76,0.86,0.86,0.86,0.85,0.86,0.86,-1.03,0.86,0.86,0.85,0.86,0.86,0.86,-1.03,-1.13,0.86,0.86,0.86,0.86,0.86,0.86,0.86,-1.1,0.85,0.84,0.74,0.86,0.84,-1.0,0.84,0.86,0.76,-1.11,0.86,0.84,0.86,0.86,0.76,0.86,0.86,0.85,0.85,0.86,0.86,0.86,0.86,0.86,0.84,0.84,0.86,0.86,0.86,0.86,0.86,0.86,-1.0,0.86,0.86,0.86,-1.13,0.52,0.86,0.86,0.86,0.86,0.84,0.86,-1.08,0.86,0.84,0.86,0.86,0.83,0.86,0.86,0.86,0.86,0.85,0.86,0.86,0.86,0.86,0.84,0.86,0.86,0.86,0.74,0.86,0.86,0.86,0.86,0.86,0.85,0.84,0.86,0.76,0.86,0.86,0.86,0.75,0.86,0.85,0.86,-1.03,-1.11,0.86,0.86,0.86,0.86,0.84,0.86,0.86,0.86,0.86,0.86,0.86,0.86,0.86,0.86,0.86,0.86,0.86,0.86,0.86,0.86,0.86,0.86,0.86,0.86,0.86,0.86,0.73,0.86,-1.14,0.8,0.86,0.85,0.86,0.86,0.86,0.86,-1.08,0.86,0.86,0.84,0.85,0.86,0.86,0.86,0.86,0.86,0.86,0.77,0.86,0.86,0.86,0.82,0.86,0.86,0.85,0.86,0.86,0.86,0.72,0.86,0.86,0.86,0.84,0.78,0.86,0.86,0.73,0.86,0.86,0.86,0.86,0.86,0.86,0.86,0.85,0.84,0.84,0.85,0.86,0.86,0.86,0.79,0.82,0.84,0.84,0.86,0.86,0.86,0.85,0.86,-1.13,0.86,0.85,-1.06,-1.02,0.85,0.86,0.86,0.86,0.86,0.85,0.86,0.86,0.86,0.86,0.85,0.86,0.86,0.86,0.86,-1.11,0.86,0.86,0.86,0.86,0.84,0.86,0.85,0.86,0.86,0.86,-1.11,0.86,0.86,0.86,0.86,0.86,0.86,0.86,0.86,0.86,0.85,0.86,-1.13,0.86,0.84,0.86,0.86,0.86,0.86,0.84,0.86,0.86,0.86,0.81,0.86,0.86,0.86,0.86,0.86,-1.14,0.86,0.86,0.86,0.86,0.86,0.86,0.86,0.86,0.86,0.86,0.82,0.86,0.86,0.86,0.86,0.86,0.85,0.86,0.86,0.86,0.86,0.86,0.86,0.86,0.86,0.86,0.86,0.86,0.73,0.86,-1.01,0.86,-1.05,0.86,0.85,0.86,0.86,0.86,0.86,0.85,0.86,0.86,0.86,0.78,0.86,0.86,-1.12,0.86,0.86,0.86,0.86,-1.12,0.85,0.86,-1.01,0.86,0.86,0.86,0.86,0.86,-1.1,0.84,0.86,0.86,0.86,0.86,0.86,0.86,0.85,0.86,0.86,0.86,0.76,0.86,-1.11,-1.01,0.86,0.86,0.86,0.86,0.86,0.86,0.86,0.86,0.85,0.86,0.83,0.84,0.85,0.74,0.85,0.86,0.86,0.86,0.74,0.84,0.83,0.86,0.86,0.86,0.86,0.86,0.86,0.84,0.86,0.86,0.85,0.86,0.86,0.81,0.86,0.86,0.86,0.85,0.86,0.86,0.86,-1.05,0.85,0.86,0.86,-1.03,0.86,0.84,0.86,-1.05,-1.04,0.86,0.86,0.81,-1.14,-1.1,0.85,0.86,0.86,0.86,0.86,0.86,0.86,0.86,0.86,0.86,-1.13,0.86,0.86,-1.13,0.86,0.86,0.86,0.86,0.86,0.86,0.86,0.86,0.86,0.84,0.86,0.86,0.78,0.76,0.86,0.64,0.86,0.86,0.86,0.86,0.86,0.86,-1.0,0.82,0.86,0.84,0.86,0.79,0.86,0.86,0.86,0.86,0.86,0.86,0.82,0.86,0.84,0.86,-1.13,0.79,0.77,0.86,0.86,0.86,0.86,0.86,0.86,0.86,0.86,0.84,0.81,0.86,0.86,-1.05,0.86,0.86,0.86,0.85,0.86,0.85,0.86,0.86,0.85,-1.02,0.86,0.86,0.86,0.84,0.86,0.86,0.86,-1.02,0.84,0.86,0.86,0.86,0.84,0.84,0.86,0.86,0.85,0.84,0.86,0.86,0.86,0.86,0.86,0.86,-1.09,0.86,0.86,0.86,0.86,0.86,0.86,0.86,0.86,0.86,0.86,0.78,0.86,0.86,0.86,0.86,0.86,0.86,0.84,0.86,0.86,0.86,0.86,0.85,0.86,0.86,0.86,0.86,0.86,0.86,0.86,0.86,0.86,0.86,0.84,0.86,0.84,0.86,0.86,-1.02,0.86,0.86,0.86,0.86,0.86,0.84,0.86,0.86,0.84,-1.03,0.86,0.86,0.86,0.86,0.86,-1.19,0.86,0.86,0.86,0.85,0.84,0.86,0.85,0.86,0.86,0.85,0.81,0.85,0.86,0.86,0.86,0.86,0.86,0.86,0.86,0.81,0.86,0.83,0.86,-1.13,0.86,0.86,0.74,0.86,0.86,0.86,0.86,0.86,0.86,0.86,0.86,0.86,0.86,0.85,-1.14,0.86,0.86,0.86,0.86,0.86,0.86,0.86,0.86,0.86,0.78,0.86,0.86,-1.12,0.85,0.86,0.86,0.86,0.86,0.8,0.86,0.86,0.86,0.85,0.85,0.85,0.86,0.86,0.86,0.86,0.86,0.86,0.86,0.85,0.84,0.86,0.86,-1.05,0.86,-1.09,0.86,0.85,0.86,-1.02,0.83,0.84,0.86,-1.13,0.86,0.74,0.86,0.86,0.86,0.83,0.86,0.84,0.86,0.86,0.86,0.86,0.73,0.86,0.86,0.86,0.86,0.86,0.86,0.86,0.85,0.86,0.86,0.86,0.86,0.86,0.86,-1.01,0.83,0.86,0.86,0.85,0.86,-1.02,0.86,0.86,0.85,0.85,0.86,0.86,0.86,0.86,0.85,0.86,0.86,0.86,0.84,0.84,0.86,0.86,-1.09,0.85,0.85,0.78,0.8,0.86,0.85,-1.03,0.83,0.86,0.84,0.86,0.82,0.86,0.8,0.84,0.86,0.85,0.86,0.86,0.85,0.86,-1.01,0.86,0.84,0.86,0.86,0.86,0.86,0.83,0.86,0.85,0.85,0.85,0.86,0.86,0.86,0.86,0.85,0.83,0.86,0.86,0.86,0.86,-1.02,-1.04,0.86,0.86,0.86,0.86,0.86,0.79,0.86,0.86,0.86,0.77,0.86,0.86,0.86,0.86,0.86,0.86,0.86,0.86,0.75,0.85,0.86,0.86,0.86,0.86,0.86,0.86,0.85,0.86,0.86,0.86,0.86,0.82,0.86,0.86,0.86,0.86,0.86,0.86,0.86,0.86,0.85,0.84,-1.05,0.86,-1.02,0.84,0.86,0.85,0.86,0.86,0.82,-1.13,0.86,-1.12,0.86,0.86,0.86,0.86,0.86,0.86,0.86,0.86,0.86,0.86,0.86,0.86,0.84,0.86,0.86,0.86,0.86,0.86,0.86,0.86,0.86,0.86,0.86,0.84,-1.12,0.84,0.86,0.86,-1.06,0.86,0.77,0.86,0.85,0.84,0.86,0.86,0.86,0.84,0.86,0.73,0.84,0.86,0.86,0.56,0.86,0.86,0.86,0.86,0.86,-1.06,0.86,0.86,0.86,-1.06,0.84,0.86,0.86,0.85,0.85,0.86,0.86,0.86,0.86,0.86,0.86,0.85,0.86,0.85,0.86,0.86,0.86,0.86,0.86,0.86,0.86,0.86,0.86,0.86,-1.09,0.86,-1.0,0.86,-1.07,0.86,0.86,0.85,0.85,0.83,0.86,0.86,0.86,0.84,0.86,0.84,0.86,0.86,0.86,0.86,0.86,0.8,0.86,0.86,0.86,-1.14,0.86,-1.07,-1.13,0.86,0.85,-1.02,0.85,0.85,0.85,0.81,-1.02,0.86,0.85,0.86,0.82,-1.1,0.84,0.86,0.85,0.85,0.8,0.86,0.86,0.78,0.86,0.86,0.86,0.86,0.86,0.86,0.86,0.86,0.86,0.86,0.86,0.86,0.85,0.86,0.85,0.86,0.86,0.86,0.86,0.86,0.86,0.85,0.86,0.84,-1.01,0.86,0.85,0.86,0.86,0.86,0.85,0.86,0.86,0.86,0.86,0.86,0.86,0.86,0.86,0.86,-1.12,0.85,0.83,0.86,0.86,0.86,-1.02,0.86,0.84,0.86,0.86,0.86,0.86,0.86,0.86,0.86,0.8,0.76,0.86,0.86,-1.04,0.86,0.86,0.84,0.86,0.86,0.86,-1.14,0.86,0.84,0.86,0.83,0.86,0.86,0.85,0.86,0.85,0.86,0.86,-1.03,0.86,0.86,0.82,0.86,0.86,0.86,0.86,0.86,0.85,0.86,0.86,0.84,0.86,0.86,0.85,0.85,0.85,0.86,-1.12,0.86,0.86,0.85,0.86,0.8,0.86,0.86,0.83,0.86,0.86,0.86,0.86,0.86,0.86,-1.1,0.86,0.86,0.86,0.86,0.84,0.86,0.86,0.86,0.86,0.86,0.86,-1.04,0.85,0.86,0.86,0.86,0.86,0.86,0.85,0.86,0.86,0.85,0.86,0.86,0.86,0.86,0.86,0.86,0.86,0.86,0.86,0.86,0.86,0.86,0.85,0.86,0.85,0.86,0.81,0.86,0.86,0.86,0.86,0.86,0.86,0.86,0.86,0.86,0.86,0.85,0.86,0.86,0.86,0.86,0.86,0.86,0.84,0.86,0.86,0.86,0.86,0.86,0.86,0.86,0.86,0.81,0.86,0.86,0.86,0.86,-1.02,0.86,0.84,0.86,0.86,0.86,0.86,0.86,0.86,-1.02,0.84,0.86,0.86,0.86,0.86,0.85,0.86,0.86,0.86,0.83,0.86,0.86,-1.1,0.82,0.84,0.86,0.86,-1.06,0.86,0.86,0.86,0.86,0.86,0.86,0.86,0.86,0.86,0.86,0.84,0.86,0.86,0.86,0.86,0.86,0.86,0.86,0.86,0.86,0.86,0.86,0.86,0.86,0.85,0.86,0.86,0.86,0.85,0.78,0.86,0.85,0.85,0.85,0.86,0.86,0.86,0.86,0.86,0.86,0.82,0.86,0.86,0.86,-1.09,0.52,0.86,0.86,0.86,0.86,0.86,-1.11,0.86,0.86,0.85,0.86,0.86,0.86,0.86,0.86,0.86,0.86,0.84,0.86,0.85,0.86,0.83,0.86,0.85,0.86,0.86,0.86,0.85,0.86,0.86,0.86,0.86,0.85,0.86,0.86,0.86,0.86,0.86,0.86,0.85,0.86,0.86,0.86,0.85,0.86,0.85,-1.07,0.86,0.86,0.84,-1.06,0.86,0.86,0.86,-1.04,0.86,0.86,0.86,0.86,0.83,0.84,-1.02,0.85,0.86,0.85,0.85,0.85,0.86,0.85,0.85,0.85,0.86,0.78,0.86,0.86,0.84,0.86,0.69,0.86,0.84,0.86,0.84,0.86,0.86,0.86,0.86,0.86,0.86,0.81,0.85,0.83,-1.12,0.85,0.84,0.86,0.86,0.86,0.86,0.86,0.86,0.86,0.86,0.86,0.86,0.86,0.86,0.86,0.86,0.86,0.86,0.86,0.86,0.86,-1.08,0.82,0.86,0.86,0.86,0.86,0.86,0.84,0.86,0.85,0.86,0.86,0.86,0.86,0.86,0.86,0.86,0.85,0.86,0.85,0.86,0.83,0.86,0.86,0.85,0.86,0.86,0.86,0.86,0.86,0.84,0.86,0.86,0.86,0.86,0.85,0.86,0.85,0.86,0.84,0.86,0.85,0.86,0.86,0.84,0.84,0.86,0.86,0.84,0.84,0.84,0.86,0.86,0.86,0.85,0.86,0.86,0.85,0.86,0.86,0.86,0.86,0.86,0.86,-1.07,0.86,0.86,0.86,0.86,0.86,-1.06,0.86,0.86,0.86,-1.04,0.86,0.85,0.83,0.86,0.86,0.84,0.86,0.86,0.86,0.86,0.86,0.85,0.86,0.78,0.86,0.86,-1.06,0.86,0.85,0.85,-1.04,-1.14,0.86,0.86,0.86,0.86,-1.12,0.84,0.86,0.86,0.86,0.86,0.84,0.86,0.86,0.85,-1.01,0.85,0.82,-1.03,0.86,0.86,0.84,0.86,0.85,0.86,0.81,0.86,0.85,0.86,0.83,0.86,0.86,0.86,0.86,0.86,0.86,0.86,0.86,0.86,-1.14,0.86,-1.02,0.86,0.86,-1.08,0.86,0.86,0.86,0.86,0.86,0.8,0.86,0.74,0.86,0.86,0.86,0.85,0.86,0.86,0.86,0.85,0.86,0.86,0.86,0.83,0.86,0.86,0.86,0.85,0.86,0.86,0.86,0.86,0.86,0.86,0.86,0.84,0.86,0.86,0.86,-1.03,0.84,0.86,0.85,0.85,0.86,0.85,0.85,0.86,0.85,0.84,0.85,0.86,0.86,0.85,0.86,0.86,0.86,0.86,0.86,0.86,0.86,0.85,0.86,0.86,0.86,0.84,0.86,0.86,0.86,0.86,-1.05,0.85,0.86,0.86,0.86,0.86,0.86,0.86,0.86,0.86,0.86,0.86,0.86,-1.04,0.86,0.86,-1.12,0.86,0.86,0.86,0.86,0.86,0.86,0.72,-1.14,-1.08,0.85,0.79,-1.01,0.85,0.83,0.85,0.86,0.84,0.86,0.86,0.86,0.86,0.86,0.86,0.86,0.86,0.86,0.86,0.86,0.86,0.86,0.86,0.86,0.86,0.86,0.86,0.86,0.86,0.85,0.86,0.86,0.85,0.76,0.86,0.84,0.85,0.86,0.84,0.86,0.86,0.86,0.86,0.86,0.86,0.86,0.86,0.86,0.85,0.86,0.86,0.85,0.86,-1.06,0.86,0.85,0.86,0.86,0.86,0.86,0.86,0.84,-1.08,0.86,0.86,0.86,0.85,0.86,0.86,0.86,0.86,0.86,0.86,0.86,0.86,0.86,0.86,0.85,0.85,0.86,0.86,0.85,0.86,0.86,0.86,0.85,0.86,0.86,0.86,0.86,0.86,0.85,0.86,0.86,-1.13,0.86,-1.09,0.85,0.84,0.86,0.86,0.83,0.86,0.86,0.86,0.78,0.86,0.86,0.86,0.86,0.86,0.86,0.72,0.86,0.86,0.86,0.82,0.86,0.86,0.86,0.86,0.86,-1.01,0.86,0.86,0.86,0.86,0.86,0.86,0.84,0.85,0.86,0.86,0.85,0.86,0.86,0.86,0.86,0.86,0.85,0.8,0.85,0.84,0.86,0.85,0.86,0.86,-1.03,-1.1,0.86,0.86,0.85,0.85,0.86,0.83,0.84,0.85,0.84,0.86,0.86,0.86,0.86,-1.13,0.84,0.86,0.86,0.86,0.86,0.86,0.86,0.86,0.86,0.86,0.83,0.86,0.86,0.82,0.86,0.86,0.86,0.86,-1.03,0.86,0.86,0.85,0.86,0.78,0.86,0.86,0.86,0.86,0.85,0.86,0.86,0.86,-1.16,0.86,0.82,0.86,0.86,0.84,0.86,-1.08,0.86,0.86,0.86,0.86,0.86,0.86,0.85,0.86,0.86,0.86,0.86,0.86,0.86,0.86,0.86,0.86,0.86,0.86,0.86,0.86,0.86,0.86,0.84,0.85,0.86,0.86,0.83,0.85,0.86,0.86,0.86,-1.09,0.86,0.83,0.86,0.85,0.84,0.86,0.86,0.78,0.85,0.86,0.86,0.86,0.86,0.86,0.86,0.86,0.86,-1.02,0.86,0.86,0.86,0.85,0.86,0.86,0.85,0.86,0.86,0.86,0.86,0.86,0.86,0.86,0.86,0.86,0.86,0.86,0.86,0.86,0.86,0.86,0.86,0.86,0.86,0.86,0.86,0.86,0.86,0.85,0.86,0.86,0.85,0.86,0.86,0.86,0.86,0.78,0.86,0.85,0.86,0.86,0.86,0.86,0.86,0.84,0.86,0.86,0.86,0.86,0.86,0.86,0.86,0.86,0.86,0.86,0.85,0.86,0.85,0.84,0.84,0.85,0.72,0.86,0.86,0.83,0.86,0.75,-1.26,0.86,0.85,-1.15,0.85,0.86,0.85,0.85,0.86,0.75,0.85,0.85,0.86,-1.02,0.86,0.86,0.86,0.86,0.86,0.86,-1.02,0.86,0.85,0.84,-1.04,0.86,-1.05,0.85,0.83,0.86,0.85,0.86,0.86,0.86,-1.09,0.81,0.86,0.85,0.85,0.84,0.86,0.86,0.86,0.84,0.86,0.86,0.86,0.86,0.77,0.86,0.86,0.86,0.86,0.86,0.86,0.86,0.86,0.86,0.86,-1.11,0.86,0.85,0.86,0.86,0.86,-1.14,0.85,0.83,0.86,0.85,0.86,0.86,-1.06,0.85,0.86,0.85,0.86,-1.02,0.85,0.83,0.85,0.86,0.86,0.86,0.81,0.85,0.86,0.86,0.85,0.86,0.84,0.86,0.86,-1.07,0.85,0.72,0.85,0.86,0.86,-1.15,0.85,0.86,0.86,0.85,0.86,0.86,0.86,0.86,0.86,0.86,-1.02,0.86,0.85,0.86,-1.02,0.85,0.86,-1.05,0.71,0.86,0.86,-1.01,0.86,0.83,0.86,0.86,0.86,0.86,0.82,0.82,0.84,0.86,-1.15,0.86,0.85,-1.19,0.86,0.85,0.85,0.86,0.86,0.86,0.85,0.86,0.86,0.85,0.86,0.85,0.86,0.86,0.86,0.86,-1.14,0.86,0.85,0.85,0.86,0.86,0.86,0.86,0.85,0.86,0.86,0.85,0.84,-1.02,0.85,0.86,0.86,0.86,0.86,0.86,0.86,0.85,0.86,0.86,0.86,0.85,0.86,-1.02,0.53,0.86,0.86,0.86,0.86,0.85,0.86,0.86,0.86,0.86,0.85,0.84,0.86,-1.02,0.85,0.84,0.85,0.86,0.86,0.86,0.84,0.86,0.86,0.86,0.86,0.86,0.7,0.86,0.86,0.86,-1.04,-1.11,0.86,0.84,0.73,0.8,0.86,0.85,0.86,0.86,0.86,0.84,0.86,-1.14,0.86,0.86,0.86,0.86,0.86,0.85,0.86,0.84,0.85,0.83,0.86,0.86,0.86,0.86,0.86,0.85,0.85,0.82,0.85,0.86,-1.08,0.86,0.85,0.86,0.86,0.86,0.85,0.86,0.86,0.86,0.86,0.86,0.85,0.86,0.86,0.86,0.84,0.86,0.85,0.86,0.86,0.86,0.86,0.85,0.86,0.86,-1.0,0.86,0.86,0.86,0.86,0.74,0.86,-1.0,0.86,0.86,0.86,0.86,0.86,0.86,0.86,0.86,0.86,0.86,0.84,0.86,0.86,0.86,0.86,0.86,0.86,0.85,0.85,0.86,0.86,0.86,0.86,0.85,0.86,0.86,0.86,0.86,0.8,0.6,0.86,0.86,0.86,-1.13,0.86,0.86,0.86,0.86,0.86,0.86,0.86,0.86,0.86,0.86,0.86,0.86,0.85,0.86,0.86,0.86,0.86,0.86,0.86,0.86,0.86,0.86,0.86,0.86,0.83,0.86,0.86,0.84,0.85,0.84,0.86,0.86,0.86,-1.0,0.86,0.86,0.86,0.86,0.86,0.85,0.86,0.86,0.86,0.86,0.86,0.86,0.86,0.86,0.86,0.86,0.86,0.84,0.86,0.85,0.71,0.86,0.85,-1.06,0.86,0.86,0.86,0.86,0.86,0.86,0.86,0.86,0.86,-1.09,0.86,0.85,0.86,0.85,0.86,0.86,0.86,0.86,0.86,0.86,0.86,0.86,0.84,0.86,0.86,0.86,0.8,0.85,0.86,0.86,0.82,0.86,0.86,-1.01,0.79,0.86,0.86,0.84,0.86,0.86,0.86,0.85,0.86,0.83,0.85,-1.03,-1.14,0.85,0.85,0.83,0.86
-1.12,-1.21,-1.08,0.54,-1.02,-1.14,0.83,-1.06,-1.13,-1.04,-1.05,-1.01,0.83,-1.17,-1.02,0.81,0.71,-1.14,0.84,0.81,0.76,0.85,0.7,0.84,0.76,0.55,0.76,0.79,-1.1,-1.03,0.73,-1.21,0.73,0.84,0.86,-1.06,-1.02,0.85,0.83,-1.02,0.81,0.86,0.79,0.8,0.75,0.84,0.79,0.86,0.86,0.79,0.86,0.8,0.84,0.86,0.86,0.86,0.84,0.86,0.84,0.86,0.82,0.85,0.86,-1.12,0.86,0.85,0.72,0.85,0.84,0.86,0.86,0.86,0.86,0.85,0.86,0.86,0.86,0.86,0.86,0.86,0.86,0.86,0.86,0.84,0.86,0.86,0.84,0.85,-1.08,0.85,0.86,0.86,0.8,0.86,-1.13,0.85,0.86,0.86,0.86,0.86,0.84,0.86,0.86,0.86,-1.01,-1.05,0.86,0.86,0.86,0.86,0.86,0.86,0.86,0.85,0.85,0.86,0.86,0.86,0.86,0.86,0.86,0.84,0.83,0.86,0.85,0.86,0.86,0.85,0.86,0.86,0.86,0.86,0.86,-1.0,0.86,0.86,0.86,0.86,0.86,0.86,0.86,0.86,-1.13,0.78,0.86,-1.14,0.85,0.86,0.86,0.84,0.86,0.85,0.86,0.86,0.85,0.86,0.84,-1.03,0.84,0.85,0.86,0.86,0.86,0.86,0.85,0.84,0.82,0.86,0.84,0.86,-1.04,0.84,0.86,0.86,0.86,0.86,0.84,0.86,0.86,0.86,0.86,0.86,0.86,0.86,0.86,0.86,0.86,0.86,0.86,0.86,0.86,0.86,0.86,0.84,0.86,-1.0,0.86,0.76,0.86,0.86,0.85,0.84,0.86,0.86,0.84,0.86,0.86,0.85,0.86,0.86,0.86,0.86,0.78,0.86,0.86,0.86,0.85,0.73,0.85,0.86,0.86,0.86,0.85,0.86,-1.14,0.86,-1.07,0.86,0.86,0.86,0.83,0.86,0.86,0.86,0.85,0.86,0.86,0.86,0.86,0.86,-1.12,0.86,0.86,0.86,0.86,0.86,0.82,0.85,0.86,0.85,0.86,0.86,0.85,-1.06,0.85,0.85,-1.07,0.86,0.86,0.7,0.86,-1.29,0.82,0.86,0.86,0.86,0.86,-1.08,0.86,0.86,0.86,0.86,0.86,0.85,0.86,0.86,0.86,0.85,0.86,0.86,-1.24,0.86,0.85,0.85,0.86,0.86,0.84,0.86,0.86,0.86,0.86,0.86,0.86,0.86,0.86,0.85,0.86,0.85,0.86,0.86,0.86,0.86,0.86,0.85,0.83,0.85,0.84,0.86,0.86,0.86,0.86,0.86,0.86,0.86,0.86,0.86,0.85,0.86,0.84,0.78,0.86,0.86,0.86,0.86,0.86,0.84,0.86,0.86,0.86,0.85,0.84,0.85,0.85,0.86,0.86,-1.08,0.86,0.86,0.86,0.86,0.85,0.84,0.86,0.86,-1.01,0.86,0.86,-1.03,0.86,0.86,0.86,0.86,-1.1,0.84,0.86,0.86,0.86,0.86,0.86,0.79,0.86,0.86,0.86,0.85,0.86,0.86,0.75,0.86,0.86,0.86,0.86,0.86,0.78,0.86,0.86,-1.01,0.86,0.86,0.86,-1.09,-1.34,0.86,0.86,0.86,0.86,0.86,0.86,0.86,0.86,0.86,-1.1,0.86,0.85,0.86,0.86,0.84,0.86,0.86,-1.04,0.86,0.86,0.86,0.86,0.86,0.86,0.86,0.75,-1.13,0.86,-1.01,0.85,0.86,0.86,0.86,0.86,0.86,0.86,0.86,0.86,-1.09,0.86,0.86,0.86,0.86,0.83,-1.1,0.86,0.86,-1.04,0.85,0.86,0.86,0.86,0.86,0.86,0.86,0.86,0.86,0.86,0.86,0.86,0.78,0.76,0.86,0.86,0.86,0.86,0.86,0.86,0.86,0.86,0.84,0.79,0.85,0.86,0.71,0.86,0.86,0.86,0.86,0.86,0.86,0.85,0.86,0.86,0.86,0.86,0.86,0.86,0.82,0.86,0.86,0.86,0.86,0.86,0.86,0.86,0.86,0.86,0.86,0.86,0.86,0.86,0.86,0.86,0.84,0.86,0.84,0.86,0.78,0.79,0.86,-1.02,0.86,0.86,0.86,0.86,0.86,-1.1,0.85,0.86,-1.07,0.85,0.86,0.86,0.84,0.85,0.86,0.86,0.86,0.86,0.85,0.85,0.85,-1.05,0.84,-1.1,0.86,0.86,0.86,-1.11,0.86,0.85,0.84,0.86,0.85,0.86,0.86,-1.02,0.86,0.86,0.86,0.84,0.86,0.86,0.86,0.84,0.86,0.86,0.86,0.81,0.86,0.86,0.86,0.86,0.86,0.86,-1.03,0.86,0.86,0.86,0.85,0.86,0.86,0.86,0.84,0.84,0.86,0.86,0.86,0.86,0.86,0.86,0.86,0.86,0.84,0.86,0.86,0.86,0.8,0.86,0.86,0.86,0.73,0.86,0.85,0.86,0.86,0.85,0.85,0.86,0.85,0.86,0.86,0.84,0.86,0.86,0.86,0.85,-1.12,0.86,0.86,0.86,0.86,0.86,0.86,0.86,0.86,0.86,0.86,0.86,0.83,0.85,0.86,0.86,0.86,0.86,0.85,0.86,0.86,0.86,0.86,0.84,0.86,0.86,0.86,0.86,0.86,0.86,0.85,0.86,0.86,0.86,0.86,0.86,0.86,0.86,0.86,0.86,0.86,0.86,0.86,0.84,0.86,0.86,-1.0,0.86,-1.03,0.86,0.86,0.71,0.78,0.84,0.69,0.84,0.86,0.84,0.85,0.76,0.86,0.86,0.86,0.86,-1.03,0.86,-1.06,0.86,0.85,0.86,0.86,0.86,0.86,0.85,0.86,0.86,0.86,0.86,0.86,0.86,0.86,0.86,0.86,0.84,0.84,0.84,0.73,0.86,0.86,0.86,0.86,-1.12,0.86,0.86,-1.0,0.85,0.86,0.84,0.84,0.86,0.86,0.86,0.86,0.86,0.84,0.86,0.85,0.86,0.86,0.85,0.84,0.86,0.85,0.86,0.86,0.86,0.86,0.86,0.73,0.86,0.86,0.86,0.86,0.86,0.86,0.83,-1.13,0.86,0.86,0.86,0.86,0.86,0.86,0.86,0.86,0.85,-1.0,0.86,0.86,0.83,0.84,0.86,0.86,0.86,0.83,0.86,0.86,0.86,0.86,0.84,0.86,0.83,0.86,0.86,0.86,0.86,0.77,0.85,0.86,0.86,-1.12,0.86,0.86,0.86,0.86,0.86,-1.06,0.86,0.86,0.86,0.86,0.86,0.86,0.86,0.86,0.86,0.86,0.86,0.75,0.86,0.86,0.86,0.86,-1.08,0.86,0.86,0.86,0.86,0.86,0.86,0.86,0.84,0.86,0.86,0.86,0.86,0.86,-1.11,0.86,0.86,0.86,0.86,0.86,0.86,0.86,0.85,-1.09,0.85,0.72,0.86,0.86,-1.0,0.86,0.86,0.86,0.86,0.84,0.86,0.86,0.86,0.81,0.84,0.86,0.86,-1.02,0.86,0.86,0.86,0.86,0.86,0.86,0.82,0.84,0.75,0.84,0.86,0.85,0.86,0.86,0.86,0.86,0.86,0.84,-1.04,0.86,0.86,0.78,0.86,0.86,0.86,0.86,0.86,-1.07,0.86,-1.0,0.86,0.86,0.86,0.86,0.86,0.86,0.86,0.86,0.84,0.86,0.83,0.86,0.86,0.86,0.86,0.86,0.86,0.83,0.86,0.86,-1.04,0.86,0.86,0.86,0.86,0.86,0.84,0.86,0.86,0.86,0.86,0.84,0.86,0.86,0.86,0.86,-1.14,0.85,0.86,0.86,0.86,0.86,0.86,0.86,0.86,-1.13,0.86,-1.09,0.86,-1.02,0.86,0.77,0.86,0.86,0.86,0.86,0.86,0.86,0.86,0.7,0.86,0.86,0.86,-1.13,0.85,0.86,0.86,0.86,0.86,0.86,0.86,0.86,0.73,0.75,-1.01,0.86,0.85,0.86,0.86,0.84,0.86,0.86,0.86,0.86,0.86,0.86,0.86,-1.09,0.85,0.86,0.86,0.86,0.86,0.86,0.86,0.83,0.81,0.86,0.84,0.86,0.86,0.86,0.86,0.85,0.86,0.85,0.86,0.86,0.77,0.86,0.86,0.84,0.86,0.77,0.86,0.86,0.86,0.86,-1.12,0.84,0.86,0.66,0.85,0.86,0.86,0.83,0.86,0.78,0.86,0.86,0.86,0.86,0.86,0.86,0.86,0.86,-1.03,0.85,0.86,0.86,0.85,0.86,0.86,0.86,0.86,0.71,-1.13,0.86,0.86,0.86,0.86,0.84,0.85,0.86,0.86,-1.1,0.86,0.82,0.86,0.86,0.86,0.86,0.86,0.86,0.84,0.86,0.86,0.86,0.86,0.86,0.84,0.86,0.86,0.86,0.86,0.85,0.85,0.86,0.86,-1.04,0.86,0.84,0.86,0.86,0.76,0.84,0.86,0.86,0.78,0.86,0.86,0.86,0.86,0.86,0.85,0.86,0.86,0.78,0.86,0.86,0.86,0.85,0.73,0.86,0.86,0.85,0.86,0.86,0.85,0.86,0.86,0.8,0.86,0.86,0.86,0.85,0.85,0.84,0.86,-1.03,-1.03,0.85,0.86,0.86,0.86,0.86,0.86,0.84,0.85,0.86,0.86,0.84,0.86,0.86,0.86,0.86,0.86,0.86,0.85,0.86,0.86,0.86,0.86,0.85,0.85,0.86,0.85,0.85,0.86,0.86,0.84,0.86,0.85,0.86,0.83,0.85,0.72,0.86,0.86,0.85,0.86,0.86,0.86,0.86,0.85,0.85,-1.05,0.86,0.86,0.86,0.86,0.86,0.78,0.86,0.85,0.86,0.86,0.86,0.86,0.86,0.85,0.84,0.86,-1.02,0.84,0.86,0.86,0.86,0.86,0.86,0.86,0.86,0.86,0.85,0.84,0.84,0.86,0.82,0.86,0.84,0.86,0.86,0.86,0.86,0.83,0.84,0.86,0.86,0.86,0.86,0.86,0.86,0.86,0.86,0.86,0.86,0.86,0.86,0.85,0.86,-1.07,0.85,0.7,0.86,-1.09,0.86,0.86,0.86,0.86,0.85,0.86,0.86,0.86,0.86,0.86,0.86,0.85,0.86,0.68,0.86,0.86,0.85,-1.08,0.86,0.86,0.86,0.86,0.86,0.86,0.86,-1.1,0.86,0.86,0.86,0.86,0.86,0.85,0.86,0.8,0.85,0.86,0.86,0.86,0.86,0.86,-1.12,0.86,0.84,0.86,0.86,0.86,0.86,0.86,-1.13,0.86,0.86,0.86,0.85,0.86,0.82,0.86,0.86,0.86,0.83,0.86,0.86,0.86,0.86,0.85,-1.0,0.86,0.86,0.86,0.86,0.86,0.86,0.86,0.86,0.86,0.86,0.85,0.86,0.86,0.83,0.86,0.86,0.86,0.86,0.86,0.86,-1.01,0.86,0.85,0.68,0.83,0.86,0.85,0.86,0.86,0.85,0.85,0.86,0.86,0.86,0.86,-1.13,0.86,0.86,-1.1,0.86,0.77,0.86,0.86,0.86,0.86,0.84,0.86,0.86,0.86,0.86,0.85,0.86,0.86,0.86,0.86,0.86,-1.07,0.86,0.86,0.86,0.8,0.86,0.85,0.86,-1.03,0.85,0.86,-1.14,0.85,0.85,0.86,0.86,0.86,-1.11,0.85,0.86,0.86,0.84,0.86,0.86,0.86,0.86,0.86,0.86,0.86,0.86,0.86,0.86,0.85,-1.03,0.86,0.86,0.86,0.86,0.86,0.86,-1.07,0.86,0.86,0.84,0.86,0.86,0.85,0.86,0.86,0.85,-1.09,0.85,0.85,0.86,0.86,0.86,0.86,0.76,0.86,0.86,0.84,-1.07,0.85,0.86,0.86,0.85,0.86,-1.07,0.86,0.83,0.86,0.86,0.83,0.86,0.86,0.84,0.85,-1.1,0.85,0.86,0.86,0.86,0.86,0.86,0.83,0.86,0.86,0.86,0.86,0.86,0.86,0.86,0.86,0.85,0.86,0.86,0.86,-1.09,-1.12,0.86,0.86,-1.03,0.8,0.86,0.86,-1.09,0.86,0.86,0.86,0.86,0.86,0.86,0.86,0.86,0.86,0.86,0.84,0.86,0.83,0.86,0.86,0.86,0.86,0.86,0.86,0.86,0.86,0.86,0.86,0.85,0.86,0.86,-1.03,0.86,0.86,0.86,0.86,0.86,0.82,0.86,0.86,0.86,0.86,0.86,0.86,0.74,0.86,0.84,0.86,0.84,0.86,0.86,0.86,0.82,0.86,0.86,-1.01,0.86,0.86,0.86,0.86,0.86,0.86,0.86,0.86,0.86,0.86,0.85,-1.12,0.86,0.85,0.86,0.85,0.86,0.86,0.86,0.86,0.86,0.86,0.86,0.86,0.86,0.86,0.86,0.86,0.86,0.86,0.86,0.86,0.86,0.86,0.86,0.86,0.86,0.86,0.86,0.86,0.86,0.86,0.86,0.86,0.86,0.86,0.86,-1.12,0.86,0.86,0.86,0.86,0.85,0.86,0.86,0.86,0.84,-1.12,0.86,0.84,-1.0,0.86,0.86,0.86,0.86,0.85,0.86,-1.12,0.86,0.86,0.86,0.86,0.86,0.86,0.85,0.78,0.86,-1.05,0.86,0.86,0.86,-1.12,0.86,0.83,0.86,0.71,0.86,0.86,0.83,-1.22,0.86,0.85,0.86,0.85,0.85,0.85,0.85,0.86,0.86,0.86,0.86,0.86,0.86,0.86,0.86,0.74,0.86,0.73,0.85,-1.17,0.84,-1.0,0.86,0.85,0.86,0.85,0.86,0.83,0.85,0.86,0.86,0.86,0.86,0.86,0.86,0.84,0.86,0.86,0.86,0.86,0.85,-1.07,0.86,0.86,0.75,0.86,0.86,0.83,0.86,0.86,0.84,0.84,0.86,0.86,0.84,0.86,0.86,0.86,0.86,0.86,0.86,0.86,0.86,0.86,0.86,0.79,0.86,-1.06,0.85,0.84,0.86,0.84,0.86,0.86,0.86,0.84,0.85,0.84,0.86,0.86,-1.12,0.86,0.86,0.86,0.86,-1.12,0.84,0.86,0.86,0.86,0.86,0.84,0.85,0.86,0.86,0.86,0.85,-1.02,0.86,0.86,0.86,0.86,0.86,0.86,0.86,0.86,0.84,-1.09,0.86,0.81,0.86,0.86,0.86,0.86,-1.03,0.86,0.86,0.84,0.86,0.86,0.86,0.86,0.86,0.86,0.86,-1.09,0.77,0.84,0.86,0.86,0.86,0.86,0.86,0.86,0.84,0.86,0.86,0.86,-1.01,0.85,-1.03,0.86,0.86,0.86,0.84,0.86,0.86,0.86,0.83,0.86,0.86,0.86,0.84,0.86,0.86,0.85,-1.0,0.86,0.86,0.86,0.86,0.86,0.86,0.86,0.86,0.86,0.86,0.86,0.85,0.86,0.8,0.86,0.86,0.86,0.86,0.86,0.83,0.85,0.86,0.76,0.76,0.86,0.72,0.86,0.86,0.85,0.86,0.86,0.86,0.86,0.85,0.86,0.86,0.85,0.85,0.86,0.86,-1.03,0.86,0.86,0.86,0.86,0.86,0.86,0.86,0.86,-1.03,0.86,0.8,0.86,0.86,0.86,0.86,0.86,0.86,0.84,0.81,0.86,-1.14,0.86,0.86,0.86,-1.06,0.86,0.84,0.84,0.78,0.86,0.86,0.82,0.82,0.86,0.86,0.85,0.86,0.86,0.8,0.86,0.86,0.85,-1.12,0.83,0.85,0.86,0.86,-1.02,0.84,0.86,0.84,0.86,0.84,0.86,0.86,0.86,0.86,0.86,0.86,0.86,0.86,0.86,0.86,0.85,0.86,0.86,0.86,0.86,0.85,0.85,0.84,0.86,0.86,0.86,0.86,0.81,0.86,0.86,-1.02,0.83,0.86,0.86,0.86,0.86,0.86,-1.08,-1.03,0.86,0.86,0.86,-1.03,0.86,0.86,0.86,0.79,0.86,0.86,0.86,0.86,0.86,0.86,0.86,0.86,0.86,0.86,-1.08,0.8,0.86,0.86,0.86,0.84,0.86,0.86,0.8,0.86,-1.1,0.84,0.86,0.86,0.86,0.86,0.86,0.85,0.71,0.86,0.86,0.79,0.86,0.86,0.77,0.85,0.86,0.86,0.86,0.86,-1.16,0.86,0.86,0.86,0.84,-1.13,0.85,0.83,0.86,0.86,0.86,0.86,0.86,0.86,0.86,0.86,0.84,0.86,0.86,0.86,0.86,0.83,0.86,0.75,0.86,0.86,0.86,0.79,0.86,-1.16,0.85,-1.09,0.86,0.86,0.86,0.85,0.86,0.86,0.84,0.85,0.8,0.86,0.77,0.86,-1.25,0.86,0.85,0.86,0.86,0.86,0.86,0.74,-1.02,0.84,-1.1,0.86,0.77,0.86,0.86,0.86,-1.09,0.84,0.86,0.86,0.84,0.83,0.86,0.86,0.86,-1.04,0.86,0.86,0.85,0.86,-1.13,-1.03,0.86,0.86,0.85,0.86,0.85,0.86,0.86,-1.02,0.83,0.86,0.74,0.86,0.86,0.86,0.86,0.86,0.86,0.86,0.86,0.85,0.86,0.86,0.86,0.86,0.86,0.85,0.86,0.86,0.86,0.86,0.86,0.86,0.84,0.86,0.83,0.86,0.86,-1.12,-1.09,0.85,0.86,0.86,0.86,0.86,0.81,0.86,0.86,0.84,0.86,0.86,0.86,0.7,0.85,0.86,0.86,0.86,0.86,-1.18,0.71,0.84,0.74,0.85,0.86,0.86,0.86,0.86,0.84,0.86,0.85,0.84,0.84,0.86,0.85,0.86,0.86,0.86,-1.09,-1.13,0.86,0.86,0.86,0.85,0.85,0.86,0.86,0.7,0.86,0.86,0.86,0.86,0.84,0.86,0.86,0.82,0.86,0.86,0.85,0.86,0.86,0.85,0.85,0.77,0.86,0.86,0.86,0.86,0.82,0.86,0.86,0.86,0.86,0.86,0.86,0.85,0.83,0.86,0.85,0.85,0.86,0.85,0.86,0.85,0.86,0.85,0.86,0.86,0.86,0.86,0.86,0.86,0.86,0.85,0.83,0.86,0.86,0.86,-1.13,0.84,0.86,0.86,0.86,0.86,0.86,0.86,0.86,0.86,0.86,0.86,0.86,0.86,0.86,0.86,0.86,0.86,0.86,0.85,0.86,0.85,0.86,0.86,-1.13,0.83,0.86,0.86,0.86,0.86,0.86,0.86,0.86,0.86,0.86,0.86,0.85,0.86,0.86,-1.08,0.83,0.86,0.86,0.86,0.86,0.86,0.84,0.86,0.86,0.86,0.86,0.86,0.86,0.86,0.86,0.78,-1.01,-1.08,0.86,0.86,0.86,0.86,0.86,0.86,0.86,0.86,0.86,0.86,0.86,0.86,0.86,0.86,0.86,0.86,0.86,0.86,-1.02,0.85,0.85,0.84,0.86,0.86,0.86,0.85,-1.07,0.86,-1.1,0.86,0.84,0.86,0.86,0.86,0.86,0.86,0.86,0.86,0.85,0.86,-1.06,0.86,0.85,0.86,0.86,0.86,0.84,0.86,0.86,0.77,0.86,0.86,0.75,0.86,0.86,0.86,0.86,0.84,0.86,0.86,0.86,0.86,0.86,0.77,0.86,0.86,-1.12,0.85,0.86,0.85,0.85,0.86,0.86,0.86,0.86,-1.01,0.86,0.86,0.84,0.83,0.86,-1.01,0.86,0.84,0.86,0.85,0.85,0.86,0.86,0.85,0.86,0.86,0.86,0.86,0.84,0.86,0.73,0.86,-1.08,0.83,0.85,0.84,0.86,0.86,0.86,0.86,0.86,0.86,0.86,0.86,0.86,0.86,0.86,0.85,0.86,0.86,-1.1,0.86,0.86,0.86,0.84,0.86,0.84,0.86,0.86,0.84,0.86,-1.1,0.84,0.86,0.86,0.86,0.85,0.86,0.85,-1.08,0.86,0.86,0.85,0.86,0.86,0.86,0.86,0.86,0.85,0.86,0.86,0.86,0.86,0.86,0.86,0.86,0.86,0.86,0.86,0.86,0.86,0.86,0.86,0.86,0.86,0.86,-1.03,0.86,0.85,0.86,0.86,0.86,0.86,0.86,0.86,-1.08,0.84,0.86,0.86,0.86,0.83,0.83,0.85,0.86,0.86,0.86,0.78,0.86,-1.07,0.86,0.86,0.86,0.86,0.86,0.84,-1.05,0.83,-1.0,0.86,0.86,0.86,0.86,0.86,0.86,0.85,0.85,0.86,0.84,0.85,0.86,0.81,0.86,0.86,0.86,0.86,0.85,0.86,0.86,0.86,0.86,0.86,0.86,0.86,0.86,0.86,0.86,0.86,0.86,-1.07,0.86,0.84,0.86,0.8,0.86,0.86,0.86,0.84,0.86,0.86,0.86,0.86,0.82,0.86,0.86,0.86,0.86,0.85,0.86,0.82,0.84,0.86,0.86,0.85,0.84,0.86,0.85,0.86,-1.0,0.86,0.86,-1.12,0.86,0.86,0.86,0.86,0.86,0.86,0.86,0.86,0.86,0.82,0.86,-1.03,0.86,0.86,0.86,0.86,0.86,0.85,0.85,0.86,0.86,0.86,0.86,0.86,0.86,-1.0,0.85,0.86,0.85,-1.12,0.86,0.85,0.85,0.86,0.7,0.86,0.85,0.86,0.86,0.86,0.86,0.86,0.86,0.84,0.86,0.86,-1.06,0.78,0.86,0.86,0.86,0.86,0.85,0.86,0.86,0.86,0.86,0.86,0.86,0.86,0.86,0.84,0.86,0.86,0.86,-1.1,0.78,0.86,0.85,0.85,0.86,0.86,0.86,0.86,0.86,0.78,0.86,0.86,0.86,0.86,0.86,0.86,0.82,0.86,0.86,0.86,0.86,0.86,0.86,0.86,0.86,0.76,-1.1,0.86,-1.05,0.84,0.86,0.86,0.86,0.85,0.85,0.85,0.86,0.86,0.86,0.86,0.86,0.86,0.86,0.82,0.86,0.86,0.86,0.86,-1.05,0.85,0.86,0.86,0.86,0.86,0.86,0.86,0.86,0.86,0.84,0.86,0.86,0.86,0.86,-1.18,0.83,0.85,0.86,0.86,0.86,0.85,0.86,-1.05,0.86,0.86,0.86,0.86,0.86,0.86,0.84,0.86,0.86,0.86,0.86,0.86,0.86,0.86,0.85,0.85,0.86,0.85,-1.03,0.86,0.86,0.86,0.86,0.86,0.86,0.86,0.86,0.86,0.86,0.86,-1.02,0.84,0.85,0.86,0.85,0.85,0.86,0.81,0.86,0.86,0.86,0.86,0.86,0.86,0.86,0.86,-1.12,0.86,0.86,0.86,0.86,0.86,0.86,0.86,0.86,0.84,0.86,0.84,0.86,0.86,0.86,0.86,0.84,0.86,0.86,0.86,0.86,0.85,0.84,0.82,0.86,0.86,0.84,0.84,0.86,0.86,0.86,-1.03,0.84,0.86,0.86,0.86,0.86,0.86,0.86,0.86,0.86,0.86,0.85,-1.14,0.86,0.85,0.86,0.86,0.8,0.86,0.86,0.86,0.86,0.86,-1.02,0.86,0.86,0.85,0.86,0.86,-1.03,0.86,0.86,0.86,0.86,0.86,0.86,0.86,0.84,-1.13,0.85,0.86,0.84,0.86,0.86,0.86,-1.03,0.86,0.84,0.86,-1.1,0.8,0.86,0.84,0.86,0.86,-1.26,0.86,0.84,0.86,0.85,0.86,0.85,0.86,0.86,0.86,0.85,0.83,0.86,0.85,0.86,0.86,0.86,-1.02,0.86,0.86,0.86,0.86,0.86,0.85,0.85,0.85,0.86,0.86,0.86,0.86,0.86,0.86,-1.0,0.86,0.86,0.86,0.86,0.86,0.86,0.86,0.86,0.86,0.86,0.76,0.86,0.85,0.86,0.86,0.86,0.86,0.86,0.86,-1.13,0.86,0.86,0.84,0.86,0.86,0.86,0.86,0.86,0.76,0.86,0.85,-1.05,0.85,0.86,0.86,-1.04,0.83,0.86,-1.12,0.86,0.86,0.86,0.86,0.84,0.83,0.86,0.85,0.86,0.86,0.86,0.86,0.86,0.83,0.86,0.86,0.85,0.86,0.86,0.86,0.86,0.86,0.86,0.86,0.85,0.86,0.86,0.86,0.86,0.86,0.86,0.86,0.86,0.84,0.86,0.86,0.86,0.86,0.86,0.86,0.8,0.86,0.86,0.85,0.84,0.86,0.86,0.71,0.86,0.86,0.86,0.86,0.83,0.86,0.85,0.86,0.86,0.86,0.83,0.86,0.86,0.86,0.86,0.85,0.86,-1.1,0.86,0.85,0.83,0.86,0.85,0.84,0.86,0.85,0.86,0.86,0.86,0.86,-1.08,0.86,0.84,0.86,0.85,0.85,0.86,0.86,0.86,0.86,0.75,0.86,0.86,-1.0,0.86,0.86,0.84,0.86,0.86,0.85,0.86,0.86,0.85,0.86,0.86,0.86,0.86,0.85,0.86,0.86,0.86,0.86,0.86,0.86,0.84,0.86,0.86,0.86,0.86,0.79,0.84,0.86,0.86,0.86,0.86,0.86,0.77,0.86,0.86,0.86,0.86,0.86,0.85,0.86,0.86,0.86,0.86,0.86,0.86,0.86,0.86,0.86,0.86,0.86,0.86,0.86,0.86,0.86,0.86,0.86,0.86,0.86,0.81,0.86,0.84,0.86,0.86,0.86,0.86,0.86,0.86,0.86,0.85,0.86,0.86,0.86,0.85,0.86,0.86,0.86,0.86,0.85,0.86,0.86,0.86,0.86,0.86,0.86,0.86,0.77,0.86,0.85,0.86,0.86,0.85,0.85,0.86,0.81,0.86,0.85,0.83,-1.03,0.86,0.85,0.86,0.86,0.85,0.86,0.86,0.86,0.85,0.86,0.86,0.86,0.86,0.77,0.85,0.86,0.86,0.86,0.86,0.86,0.86,0.85,0.86,0.86,0.86,0.86,0.86,0.86,0.86,0.86,0.86,0.86,0.86,0.86,0.86,0.75,0.86,0.86,0.86,0.86,0.86,0.86,0.86,0.86,0.86,0.86,0.86,0.86,0.86,0.85,-1.0,0.85,0.86,0.86,0.86,0.86,0.86,0.84,0.86,0.86,0.83,0.86,0.86,0.86,0.84,0.85,0.86,0.86,0.86,0.86,-1.02
-1.04,-1.05,-1.16,-1.13,0.79,-1.09,-1.07,-1.18,-1.35,-1.02,0.85,0.85,0.86,0.85,-1.09,-1.0,0.82,0.85,-1.17,0.56,0.77,0.83,0.84,-1.12,-1.08,0.83,0.83,0.84,0.81,0.84,0.75,0.85,0.82,0.83,0.86,0.85,0.77,0.77,0.81,0.86,0.86,0.86,0.84,-1.06,0.85,0.84,-1.24,-1.12,0.81,0.86,0.86,-1.06,0.81,0.7,0.86,0.86,0.86,0.85,0.86,0.86,0.85,0.86,0.86,0.86,0.86,-1.1,0.86,0.86,0.86,0.86,0.82,0.86,0.86,0.86,0.86,0.86,0.84,0.86,0.85,0.86,0.86,0.85,0.86,0.84,0.86,0.86,0.86,0.86,0.85,0.86,0.86,0.86,-1.0,0.86,0.86,-1.07,-1.07,0.85,0.86,0.86,0.85,0.84,0.86,0.86,0.78,0.86,0.86,0.86,-1.06,-1.05,0.86,0.86,0.85,0.86,0.85,0.86,0.86,-1.07,0.86,0.86,0.86,0.86,0.86,0.86,0.86,0.86,0.85,0.86,0.86,0.86,0.86,0.86,0.86,-1.0,0.85,0.86,0.86,-1.01,0.86,0.86,0.86,0.86,0.84,0.86,0.86,0.85,0.86,0.86,0.84,0.86,-1.11,0.86,0.86,0.86,0.85,0.86,0.85,0.76,0.86,0.86,0.86,0.86,0.86,0.86,0.86,0.86,0.86,0.85,-1.07,0.86,0.86,0.86,0.86,0.85,0.77,-1.0,0.86,0.84,0.86,0.86,-1.02,0.84,0.86,0.86,-1.02,0.86,0.86,0.86,0.86,0.85,-1.08,0.72,0.86,0.86,0.86,0.86,0.86,0.86,0.83,0.86,0.86,0.86,0.86,0.86,0.86,0.86,0.86,0.86,0.86,0.86,0.86,0.86,0.86,0.86,0.86,0.86,0.86,0.86,0.85,0.86,0.86,0.86,0.86,-1.1,0.86,0.86,0.86,0.86,0.86,-1.08,0.86,0.86,0.84,0.86,0.86,0.86,0.86,0.86,0.86,0.86,0.86,0.86,0.86,0.86,0.86,-1.09,-1.02,0.86,0.86,0.86,0.86,0.86,0.85,-1.13,0.86,0.86,0.86,0.84,0.86,0.79,-1.14,0.86,0.86,0.84,0.86,0.86,0.86,0.86,-1.13,0.86,0.85,0.86,0.86,0.86,0.71,0.85,0.86,0.86,0.86,0.86,0.86,0.86,0.86,0.86,0.86,0.86,0.86,0.86,0.86,0.86,0.86,0.81,0.86,0.84,0.86,0.86,0.86,0.86,-1.02,0.86,0.85,0.86,0.86,0.86,0.86,0.86,0.86,0.83,0.86,0.86,0.86,-1.0,0.86,-1.03,0.86,0.86,-1.13,0.86,0.85,0.86,0.86,0.86,0.84,0.86,0.86,-1.04,0.86,0.81,0.84,0.84,0.8,0.86,-1.0,0.86,0.85,0.86,0.86,0.86,0.86,0.86,0.86,0.86,0.86,0.86,0.86,0.86,0.86,-1.05,0.86,0.86,0.86,0.86,0.86,0.75,0.86,0.84,0.86,0.86,0.86,0.86,0.85,0.86,0.86,0.84,0.85,0.86,0.86,0.85,-1.02,0.86,0.86,0.84,0.86,0.85,0.86,0.86,-1.03,0.86,0.86,0.86,-1.09,-1.12,0.86,0.85,-1.13,0.83,0.86,0.86,0.84,0.85,0.86,0.85,-1.13,-1.11,0.86,0.84,0.85,-1.02,0.86,0.86,0.86,0.86,0.86,0.86,0.86,0.86,0.86,0.86,0.86,0.73,0.86,0.86,0.85,0.86,0.86,0.86,0.86,-1.12,0.83,0.86,0.86,0.85,0.85,0.86,0.86,0.86,-1.09,0.86,0.86,0.86,0.86,0.86,0.86,0.85,0.86,0.86,0.86,0.86,0.86,0.86,0.86,0.86,0.86,0.86,0.86,0.86,0.85,0.86,0.86,0.86,0.84,0.86,0.85,-1.03,0.84,0.86,0.85,-1.04,0.86,0.86,0.86,0.86,0.86,0.86,0.84,0.85,0.86,-1.1,0.86,0.86,0.84,-1.03,0.85,0.86,0.86,0.86,0.83,0.86,0.86,0.86,0.86,0.86,0.86,0.86,0.85,0.86,0.86,0.86,0.86,0.86,-1.03,0.79,0.85,0.86,0.85,0.84,0.86,0.86,0.85,0.86,0.86,0.86,0.86,0.85,0.86,0.86,-1.06,0.86,0.86,-1.05,0.84,0.86,0.86,0.86,0.85,0.85,0.86,0.85,0.86,0.85,0.86,0.86,0.86,0.81,0.86,0.86,0.86,0.86,0.86,0.86,0.86,0.86,0.86,0.86,0.85,-1.0,0.86,0.86,0.86,0.86,0.84,0.86,0.86,0.83,0.86,0.86,0.85,0.86,0.86,0.86,0.86,0.86,0.86,0.86,0.86,0.86,0.86,-1.0,0.86,0.86,0.78,0.86,0.86,0.84,0.86,0.86,0.86,-1.02,-1.12,0.86,0.86,0.86,0.86,0.86,0.86,0.86,0.86,0.86,0.86,0.86,0.86,0.86,0.86,0.85,0.76,0.86,0.86,0.86,0.85,0.7,0.86,0.86,-1.01,0.86,0.86,0.86,0.86,0.86,0.86,0.85,0.84,0.86,-1.13,0.86,0.84,0.85,0.86,-1.14,0.86,0.86,0.86,0.86,0.86,0.86,0.86,0.86,0.86,0.86,0.85,-1.03,0.86,0.86,0.86,0.86,0.86,0.86,0.85,0.86,0.84,0.86,0.84,0.81,0.86,0.86,0.86,0.83,0.86,-1.01,0.86,0.86,0.86,0.86,0.86,0.86,0.86,0.85,0.86,0.86,0.85,0.85,0.84,0.85,0.79,0.86,0.85,0.86,0.86,0.86,-1.03,0.86,0.78,0.86,0.86,0.86,0.86,0.86,0.86,0.86,0.86,0.86,0.86,0.86,0.86,0.85,0.85,0.86,0.84,0.77,0.85,0.86,0.86,0.86,0.86,0.86,0.86,0.84,0.86,0.82,0.86,0.85,0.86,0.86,0.86,-1.02,0.83,-1.02,0.85,0.86,0.86,0.86,0.85,0.86,0.86,0.86,0.86,0.84,0.86,0.86,-1.12,0.74,0.86,0.86,0.86,0.86,0.86,0.86,0.86,0.85,0.86,0.86,0.86,0.86,0.86,0.86,0.86,0.86,0.86,0.86,0.86,0.86,0.86,0.86,0.84,0.86,0.86,0.86,0.86,0.86,0.86,-1.02,-1.17,-1.17,0.86,-1.02,0.86,0.86,0.86,0.86,0.78,0.86,0.86,0.86,0.86,0.86,0.86,0.84,-1.15,0.86,0.86,0.86,0.86,0.86,0.84,0.86,0.82,0.86,0.86,0.85,0.86,0.86,0.86,0.86,0.86,0.8,0.86,0.86,0.86,0.86,0.86,0.84,0.86,0.86,0.86,0.86,0.78,0.85,0.86,0.84,0.86,0.86,0.86,0.86,0.86,0.86,0.86,0.86,0.86,0.86,0.86,0.86,0.86,-1.07,0.86,0.86,-1.06,0.86,-1.14,0.86,0.86,0.84,0.82,0.86,0.86,0.86,0.86,0.86,0.86,0.86,0.85,0.86,0.86,0.86,0.86,0.86,0.84,-1.08,0.84,0.82,0.82,0.86,0.86,0.86,0.85,0.85,0.86,0.86,0.86,0.86,0.84,0.84,0.86,0.83,0.85,0.86,0.74,0.83,0.86,0.85,-1.09,0.83,0.86,0.86,0.86,0.86,0.86,0.86,0.86,0.85,0.86,0.86,0.86,0.86,-1.14,0.86,0.86,0.86,0.86,0.86,0.86,0.85,0.72,0.86,0.84,0.86,0.86,0.85,0.86,0.86,0.84,0.86,0.85,0.86,0.86,0.86,0.86,0.86,0.86,0.86,0.86,0.86,0.86,0.86,0.86,0.86,0.86,0.86,0.86,0.86,0.86,0.86,0.83,0.71,0.86,0.86,0.85,0.86,0.85,0.86,0.84,0.86,0.86,0.85,0.86,0.86,0.86,0.86,0.86,0.86,0.84,0.84,0.86,0.86,0.86,0.86,0.84,0.86,-1.04,0.86,0.85,0.85,0.84,0.85,0.86,0.86,0.86,0.86,0.84,0.86,-1.03,0.86,0.86,0.86,0.86,0.86,0.85,0.86,0.86,0.86,0.86,0.86,0.86,0.86,0.85,0.86,0.86,-1.12,0.86,0.86,0.8,0.85,-1.12,0.86,0.86,0.86,0.86,0.86,0.86,0.86,0.86,0.86,0.86,-1.08,0.86,0.86,0.86,0.85,0.86,0.86,0.72,0.85,0.86,0.86,-1.07,0.86,0.85,0.86,0.82,0.86,0.85,0.86,0.84,0.86,0.84,0.78,-1.12,0.86,0.86,0.84,0.86,0.86,0.86,0.86,0.86,0.86,0.86,0.86,0.86,0.86,0.76,0.86,0.86,0.86,0.86,0.86,0.86,0.86,0.86,0.86,0.86,0.86,-1.16,0.86,0.86,0.86,-1.14,0.85,-1.03,-1.08,0.86,-1.13,0.76,0.86,0.86,0.86,0.84,0.86,0.86,0.86,0.86,0.86,0.86,0.86,0.86,0.86,0.86,0.84,0.84,0.86,0.86,0.86,0.86,0.86,0.86,0.86,0.86,0.86,0.85,0.86,0.86,0.84,0.86,0.86,-1.03,0.86,0.86,0.86,0.86,0.86,0.86,0.86,0.86,0.86,0.86,0.86,0.73,0.85,0.86,0.86,0.86,0.86,0.84,0.86,0.86,0.85,0.86,0.86,0.86,0.86,0.86,0.85,0.86,0.86,0.86,0.86,0.85,0.85,0.86,0.86,0.86,0.86,0.86,0.84,0.84,0.76,0.84,0.86,0.84,0.86,0.86,0.86,0.86,0.86,0.85,0.85,0.86,0.86,0.86,0.86,0.86,0.86,0.85,0.86,0.86,0.86,0.86,0.86,0.86,0.86,0.85,0.85,0.84,0.86,0.86,0.86,0.86,0.86,0.86,0.86,0.84,0.86,0.86,0.86,0.86,-1.12,0.85,0.85,0.86,0.86,0.86,0.75,0.86,0.84,0.86,0.81,-1.06,0.83,0.84,0.86,0.85,0.86,0.86,0.85,0.86,0.86,0.86,0.86,0.86,0.86,0.86,0.86,0.86,0.86,0.86,0.86,0.86,0.86,0.86,0.86,0.85,0.85,0.86,0.86,0.86,0.86,0.86,0.86,-1.07,-1.02,0.86,0.62,0.85,0.86,0.86,0.86,0.86,0.86,0.86,0.86,0.86,0.86,0.86,0.86,0.86,0.85,0.86,0.86,-1.1,0.86,0.83,0.86,0.86,0.83,0.84,0.86,0.85,0.85,0.86,0.86,0.86,0.86,0.86,-1.02,-1.16,0.86,0.86,0.86,-1.14,0.86,0.86,0.86,0.85,0.86,0.86,0.86,0.76,0.86,0.84,0.86,0.86,0.76,0.86,0.85,0.86,0.86,0.86,0.86,0.86,-1.08,0.85,0.85,0.86,0.86,0.84,0.86,0.84,0.86,0.86,0.86,0.86,0.86,0.86,0.86,0.86,0.84,0.85,0.86,0.86,0.86,0.86,0.86,0.86,0.86,0.86,0.72,0.86,0.86,0.86,0.86,0.86,0.86,0.86,0.86,0.86,-1.07,0.86,0.85,0.77,0.86,0.84,0.69,0.86,0.86,0.84,0.86,0.86,0.86,0.86,0.85,0.86,0.86,0.82,0.86,0.86,-1.07,0.85,0.86,-1.06,-1.13,0.86,0.86,0.86,0.86,0.86,0.86,0.86,0.86,0.58,0.83,0.85,-1.09,0.84,0.86,0.85,0.84,0.86,0.86,0.86,0.86,0.86,0.86,0.86,0.86,0.86,0.86,0.86,0.86,0.86,0.85,-1.12,0.85,0.86,0.86,0.86,0.86,0.86,0.86,-1.0,0.86,0.86,0.86,-1.04,0.85,0.86,0.86,0.86,0.86,0.86,-1.45,0.84,0.86,0.86,0.86,0.86,0.85,0.83,0.86,0.83,0.86,0.85,0.86,0.86,-1.08,0.86,0.86,0.86,-1.06,0.86,0.86,0.86,0.86,0.86,0.86,0.85,0.86,0.86,0.86,0.86,0.83,0.86,0.86,0.86,0.86,0.86,0.86,0.86,0.86,0.84,0.86,0.86,0.86,0.84,0.86,0.86,0.86,0.86,-1.14,0.86,0.86,-1.14,0.86,0.86,0.86,0.77,0.86,0.86,0.86,0.86,0.84,0.86,0.86,0.85,0.86,0.86,0.86,0.86,0.86,0.86,0.77,0.86,0.85,0.86,0.86,0.86,0.85,0.86,0.86,0.86,0.86,0.86,0.86,0.86,0.86,0.73,0.86,0.86,-1.02,0.86,-1.1,0.86,0.84,0.86,0.86,0.86,0.86,0.84,0.85,0.86,0.86,0.86,0.86,0.86,-1.03,0.86,0.86,0.86,0.86,0.86,0.86,0.86,0.86,0.86,0.86,0.82,0.86,0.86,0.86,0.86,0.86,-1.08,0.86,0.84,0.86,0.86,0.86,0.86,0.86,-1.13,0.86,0.84,0.86,0.86,0.86,0.86,0.84,0.86,0.86,0.86,0.86,0.86,0.86,0.86,0.86,0.86,0.86,0.86,0.86,0.86,0.86,0.86,-1.15,0.86,0.73,0.84,0.85,0.84,0.86,0.86,0.86,0.84,0.86,0.86,0.86,0.86,0.86,0.86,0.86,0.86,0.86,0.86,0.86,0.84,0.86,0.85,0.84,0.86,0.86,0.86,0.86,0.85,0.86,0.86,0.86,0.86,0.86,0.85,0.86,0.86,0.86,0.86,0.86,0.85,0.86,0.86,0.86,0.86,0.85,0.86,0.86,0.85,0.71,-1.14,0.86,0.84,0.84,0.84,0.86,0.86,0.85,0.86,0.86,0.86,0.86,0.86,0.83,0.86,0.85,0.86,0.86,0.86,0.86,0.86,0.86,0.86,0.86,0.86,0.86,0.86,0.86,0.86,0.86,0.85,0.86,0.85,0.86,0.85,0.8,0.86,0.86,0.86,0.86,0.86,0.86,0.84,0.86,0.86,0.85,0.86,0.84,0.86,0.86,0.86,0.86,0.85,0.86,0.86,0.86,0.86,0.86,0.86,0.83,0.85,0.85,0.86,0.86,0.86,0.86,0.85,0.86,0.86,0.86,0.86,0.86,0.86,0.72,-1.12,-1.12,0.86,0.86,0.85,0.86,0.86,0.85,0.85,0.83,0.86,0.86,0.86,0.86,0.86,0.86,0.86,0.86,0.84,0.86,0.86,0.78,0.86,-1.01,0.83,0.86,0.86,0.85,0.86,0.86,0.85,0.86,-1.09,0.85,0.86,0.86,0.85,0.86,0.74,-1.07,0.85,0.86,-1.12,0.86,0.86,-1.12,0.85,0.86,0.86,0.86,0.85,0.86,0.86,0.67,0.86,-1.02,0.86,0.74,0.86,0.84,0.86,0.84,0.85,0.86,0.84,0.86,0.86,0.86,0.86,0.86,0.86,0.86,0.86,0.85,0.86,0.85,0.86,0.86,0.86,0.83,0.86,0.77,0.86,0.85,0.86,0.84,0.86,0.86,0.86,0.86,0.86,0.86,-1.13,0.86,0.85,0.68,0.86,0.86,0.86,0.84,0.86,-1.04,0.85,-1.08,0.85,0.85,0.86,0.86,0.86,0.86,0.86,0.86,0.85,0.86,0.86,0.85,0.86,0.86,0.86,0.86,0.86,0.86,0.86,0.83,0.86,0.86,0.86,0.86,0.86,-1.13,0.86,0.86,0.86,0.86,0.86,0.86,0.86,-1.02,0.86,0.86,0.86,0.86,0.8,0.86,-1.02,0.86,0.86,0.85,0.86,0.74,0.84,0.86,0.86,0.86,0.85,0.86,-1.07,0.86,0.85,0.85,0.86,0.86,0.86,0.86,0.86,0.86,0.86,0.85,0.84,0.86,0.86,-1.25,0.86,0.86,0.86,-1.0,0.86,0.86,0.85,0.86,0.86,0.86,0.86,-1.1,-1.12,0.85,0.86,0.86,0.84,0.8,0.85,0.86,0.86,0.85,0.86,0.85,0.86,0.86,0.86,0.86,0.84,0.86,0.86,0.86,0.86,0.86,0.86,0.86,0.86,0.86,0.86,-1.02,-1.02,-1.1,0.86,-1.13,-1.14,0.84,0.85,0.86,0.86,0.86,0.86,0.86,0.86,0.75,0.85,0.86,-1.07,0.85,0.86,0.86,0.86,0.86,0.83,-1.04,0.86,0.84,-1.06,0.74,0.83,0.85,0.85,0.85,0.85,0.86,0.86,0.85,0.84,0.86,0.86,0.86,0.86,0.86,0.86,0.72,-1.02,0.86,0.71,0.86,0.86,0.81,0.86,0.8,-1.03,0.85,0.84,0.84,0.86,0.86,0.86,0.86,0.85,0.86,0.83,0.86,0.86,0.86,0.86,0.86,0.86,0.86,0.86,0.86,0.86,0.86,0.86,0.86,0.86,0.84,0.85,0.86,0.86,0.86,0.86,0.85,0.86,0.86,0.86,0.86,0.86,0.85,0.86,0.84,0.86,0.86,0.86,0.84,0.86,0.86,0.86,0.79,0.86,0.86,0.86,0.86,0.86,0.86,0.86,0.86,0.84,0.84,0.86,0.86,0.85,0.86,0.85,0.86,0.86,0.86,0.86,0.86,0.85,0.86,0.86,0.86,0.86,0.85,0.86,0.86,0.86,0.86,0.86,0.86,0.86,0.86,0.86,0.86,0.86,0.86,0.86,0.86,0.86,-1.08,0.86,0.86,0.86,0.86,0.86,0.82,0.86,0.86,0.86,0.86,0.86,0.85,-1.09,0.71,0.86,0.86,0.86,0.84,0.86,0.85,0.86,0.86,0.86,-1.12,0.86,0.86,0.86,0.85,0.86,0.84,0.86,0.86,0.86,0.86,0.86,0.85,0.86,0.86,0.86,0.86,0.86,0.86,0.85,0.86,0.86,0.85,0.86,0.86,0.86,0.86,0.86,0.86,0.86,0.86,0.86,0.86,0.86,0.85,0.86,0.81,0.86,0.86,0.86,0.85,0.86,-1.13,0.76,-1.05,0.85,-1.01,0.86,0.86,0.86,-1.04,0.86,0.86,0.86,0.86,0.86,-1.06,0.86,0.86,0.86,0.86,0.85,0.86,0.85,0.85,0.86,-1.09,0.86,0.86,0.86,0.86,0.86,0.86,0.86,0.86,0.86,0.85,0.86,0.86,0.81,0.86,0.86,-1.12,0.85,0.86,0.86,0.85,0.86,0.74,0.86,0.84,0.85,0.86,0.86,0.86,-1.09,0.86,0.86,-1.12,0.86,0.86,0.86,0.84,0.86,0.86,0.84,-1.14,0.85,0.86,0.86,0.86,0.82,0.86,0.85,0.67,0.83,0.86,0.86,0.86,0.86,0.86,0.85,0.84,0.85,0.86,0.86,0.86,0.86,0.86,0.86,0.86,0.86,0.81,0.86,0.84,0.86,0.85,-1.05,0.86,0.86,0.86,0.86,0.86,0.86,-1.06,0.85,0.86,0.86,0.86,0.86,0.86,0.86,0.85,0.85,0.86,0.86,0.86,0.86,0.86,0.86,0.86,0.86,0.86,0.86,0.86,0.86,0.86,0.86,0.78,0.86,0.86,-1.03,0.86,0.86,0.86,-1.09,0.85,0.86,0.86,0.86,0.86,0.86,0.86,0.86,0.86,0.86,0.86,0.86,0.86,0.86,0.86,0.84,0.86,0.86,0.86,0.86,0.82,0.86,0.86,0.86,0.86,0.86,0.86,0.72,0.86,0.86,0.81,0.85,0.86,0.86,0.86,0.85,0.86,0.85,0.86,0.86,0.84,0.86,0.86,0.86,0.86,0.86,0.86,0.86,0.84,0.86,0.86,0.86,0.86,0.86,0.86,0.86,0.86,0.86,0.86,0.86,0.86,0.86,0.86,0.86,0.86,-1.07,0.85,0.86,0.86,0.86,0.86,0.86,0.85,0.86,0.86,0.86,0.86,-1.02,0.86,0.86,-1.13,-1.08,0.85,0.86,0.86,0.86,0.84,0.86,0.74,0.86,0.84,0.85,-1.13,0.86,-1.1,0.86,0.72,0.86,0.85,0.86,0.86,0.86,0.86,0.86,0.86,0.86,0.85,0.86,0.86,0.86,0.86,0.75,0.86,0.83,0.86,0.86,0.86,0.86,0.86,0.86,0.86,0.82,0.86,0.86,0.86,0.86,0.86,0.86,0.86,0.79,0.86,0.86,0.86,0.86,0.86,0.86,0.86,0.86,0.86,0.85,0.74,0.85,0.86,0.86,0.84,0.86,0.86,0.86,0.86,0.86,0.76,0.86,0.86,-1.14,0.86,-1.08,0.85,0.86,0.86,0.86,0.86,0.86,0.86,0.85,0.82,0.85,0.86,0.86,0.86,0.86,0.86,0.86,0.86,0.86,0.72,0.86,0.84,0.86,0.73,0.86,0.86,0.86,0.86,0.86,0.86,0.86,0.86,0.86,0.86,0.86,0.86,0.86,0.86,0.86,0.86,0.86,0.86,0.86,0.86,0.86,0.86,0.86,0.75,0.72,0.86,0.86,0.86,0.86,0.86,0.86,0.86,0.86,0.86,0.86,0.86,0.86,0.82,0.86,0.86,0.86,0.86,0.86,0.86,0.85,0.86,0.86,0.82,0.85,0.86,0.86,0.86,0.86,0.86,0.86,-1.08,0.85,0.86,0.86,0.86,0.86,0.86,0.86,0.84,0.86,0.85,0.78,0.86,0.85,0.86,0.85,0.86,0.86,0.86,0.86,-1.11,0.86,0.86,0.86,0.84,0.83,0.86,0.86,0.86,0.85,0.85,0.86,0.86,0.86,0.86,-1.06,-1.01,0.84,0.85,0.86,0.85,0.86,0.86,0.86,0.85,0.85,-1.12,0.86,-1.07,0.84,0.85,0.71,0.86,0.86,0.86,0.86,0.86,0.86,0.86,-1.0,0.86,-1.07,0.86,0.86,0.86,0.85,0.86,0.86,0.79,0.86,0.85,0.86,0.86,0.86,0.81,0.86,0.62,0.86,0.86,0.86,0.86,0.86,0.86,0.86,0.86,0.86,0.86,0.86,0.86,0.86,0.86,0.86,0.86,0.86,0.86,0.86,0.86,0.86,0.86,0.86,0.86,0.86,0.7,0.86,0.85,0.86,0.86,0.84,0.86,0.86,0.86,0.85,0.86,0.86,0.86,0.86,0.86,0.86,0.86,0.86,0.86,0.83,0.86,0.86,0.86,0.86,0.86,0.85,0.86,0.86,0.86,0.86,0.83,0.86,0.86,0.81,0.86,0.86,0.86,0.86,0.86,0.82,0.86,0.86,-1.06,0.86,0.85,0.86,0.85,0.86,0.86,0.86,0.86,0.86,0.86,0.86,0.86,-1.1,0.86,0.86,0.86,0.86,0.84,0.84,0.86,0.86,0.85,-1.1,0.86,0.86,0.86,0.86,0.86,0.86,0.86,0.84,0.86,-1.02,0.86,0.86,0.86,-1.12,0.83,0.86,-1.15,0.84,0.86,0.86,0.86,0.86,0.86,-1.02,0.86,0.86,0.86,0.86,0.83,0.85,0.86,0.85,0.86,0.85,0.86,-1.03,0.86,-1.15,0.86,0.86,0.82,0.86,-1.1,0.86,0.86,0.81,0.86,-1.06,0.84,0.86,0.84,0.85,0.86,0.86,0.86,0.85,0.86,0.85,0.86,0.82,0.85,0.84,-1.03,0.8,0.86,0.85,0.86,0.86,0.86,0.86,0.86,0.86,-1.08,0.84,-1.13,-1.13,0.84,0.86,0.86,0.72,-1.12,0.86,0.85,0.86,0.86,0.86,0.83,0.86,0.86,0.82,0.86,0.86,0.86,0.86,0.86,0.86,-1.0,0.86,0.86,0.86,0.86,0.86,-1.12,0.85,0.86,0.86,0.86,0.86,0.86,0.86,0.85,0.86,0.86,0.86,0.86,0.86,0.86,0.86,0.84,-1.12,0.86,0.86,0.86,0.83,0.86,0.85,0.86,0.86,0.86,0.86,0.86,-1.1,0.86,0.86,0.86,0.86,0.86,0.86,0.86,0.86,0.86,0.86,0.86,0.86,0.84,0.86,0.85,0.86,0.86,0.86,0.85,0.86,0.85,0.64,0.86,-1.14,0.85,0.86,-1.07,0.86,0.86,0.86,0.86,0.71,0.86,0.86,0.86,0.86,0.86,0.86,0.86,0.86,0.86,-1.03,0.84,0.86,0.86,0.86,0.86,0.86,0.86,0.84,0.86,0.84,0.86,0.86,0.84,0.85,0.86,0.86,0.86,0.86,0.86,0.86,0.86,0.86,-1.13,0.86,0.86,0.86,0.86,0.86,0.86,0.86,0.86,0.85,0.86,0.86,0.85,-1.13,0.86,0.86,0.86,0.86,0.86,0.84,0.86,0.86,0.86,0.86,0.86,0.86,-1.13,-1.06,0.84,0.85,0.85,0.86,0.86,0.86,0.86,0.84,0.86,0.86,0.86,0.86,0.86,0.86,0.86,0.86,0.86,0.86,0.86,0.86,0.86,0.86,0.86,0.85,0.86,0.86,0.86,0.86,0.84,0.85,0.86,0.86,0.85,0.86,0.86,0.85,0.86,0.86,0.86,0.86,0.86,0.86,0.86,0.86,0.86,0.86,0.86,0.86,0.86,0.86,0.84,0.86,0.84,0.86,0.86,0.86,0.86,0.86,0.84,0.86,0.84,0.85,0.86,0.84,0.86,0.86,0.86,0.86,0.86,0.86,0.86,0.86,0.84,-1.08,0.81,0.86,0.86,0.86,0.86,0.86,0.86,0.86,0.86,0.86,0.86,0.36,0.86,0.86,0.85,0.86,0.86,0.86,0.86,0.86,0.86,0.86,0.86,0.86,0.86,0.86,0.86,0.86,0.86,-1.1,0.86,0.85,0.86,0.86,0.86,0.86,0.86,0.86,0.86,0.74,0.86,0.71,0.86,0.86,0.86,0.86,0.86,-1.02,0.86,0.86,0.86,0.81,0.86,0.86,0.86,0.85,0.86,0.83,0.86,0.86,0.86,0.86,0.86,0.78,0.86,0.86,0.86,0.86,0.86,0.86,-1.13,0.86,0.86,0.86,-1.03,0.86,-1.08,0.85,0.86,0.72,0.86,0.86,0.86,-1.13,0.86,-1.01,0.86,0.86,0.86,-1.12,0.86,0.86,0.86,0.84,0.86,0.86,0.86,-1.1,0.86,0.86,0.86,0.84,0.81,0.74,0.84,0.86,0.86,0.86,0.86,0.84,0.85,0.85,0.85
-1.01,-1.24,-1.09,0.8,-1.02,0.83,0.69,-1.0,-1.11,-1.1,-1.04,0.82,0.81,0.8,-1.17,-1.02,-1.07,-1.2,0.79,-1.12,0.84,0.81,0.83,0.82,-1.12,-1.03,0.86,0.69,0.82,0.86,0.69,0.73,-1.0,0.85,-1.01,0.77,-1.07,0.84,-1.23,0.86,0.8,0.65,0.84,-1.04,0.83,-1.08,0.86,0.85,0.85,0.83,0.79,0.86,0.86,0.86,0.85,0.86,0.86,0.86,0.86,0.86,0.86,0.77,0.86,0.74,0.86,0.86,0.86,0.85,0.86,0.84,0.86,0.85,0.86,0.86,-1.08,0.86,0.86,0.86,0.86,0.86,0.86,0.85,0.86,0.85,0.86,0.86,0.86,0.86,0.86,0.85,0.86,0.86,-1.12,0.86,0.79,0.86,-1.02,0.86,0.86,0.83,0.86,-1.08,0.86,0.86,0.85,0.86,0.86,0.86,0.85,0.86,0.86,0.86,0.86,0.86,0.86,0.86,0.86,0.86,0.84,0.86,0.86,0.86,0.86,0.86,0.86,0.86,0.86,0.86,0.85,0.86,0.86,0.82,0.86,0.86,0.85,0.86,0.86,0.85,0.86,0.86,0.86,0.86,0.86,0.86,0.84,-1.01,0.84,0.86,0.86,0.86,-1.13,-1.04,0.86,0.85,0.86,-1.03,0.86,0.86,0.86,0.86,0.86,0.86,0.86,0.86,0.86,0.86,0.86,0.86,0.86,-1.03,0.86,0.86,0.86,0.86,0.85,0.78,0.86,0.57,0.85,0.86,0.86,0.86,0.86,0.86,0.86,0.76,0.86,0.86,0.86,0.84,0.86,-1.14,0.82,0.86,0.86,0.86,0.86,0.86,0.83,0.86,0.86,0.86,0.86,0.86,-1.13,0.85,-1.09,0.86,0.86,-1.23,0.86,0.72,0.86,0.86,0.86,0.86,0.86,0.86,0.84,0.86,0.85,0.86,-1.03,0.84,0.86,0.86,0.83,0.86,0.86,0.86,0.86,0.85,0.86,0.86,0.84,0.86,0.86,-1.08,0.76,0.86,0.86,0.85,0.86,0.86,0.85,0.86,0.86,0.86,0.83,0.84,0.86,0.86,0.82,0.86,0.86,0.86,0.86,0.85,0.86,0.86,0.86,0.86,0.86,0.86,0.86,0.86,0.86,0.86,-1.14,0.86,0.86,0.84,0.86,0.86,0.86,0.86,0.85,0.86,0.86,0.86,0.86,0.86,0.86,0.86,0.85,0.85,0.86,0.86,0.82,0.86,0.86,0.86,0.86,0.86,0.86,0.85,0.86,0.86,0.86,0.86,0.86,0.86,0.86,0.86,0.71,0.82,-1.11,-1.14,0.84,0.86,0.85,0.86,0.86,0.86,-1.03,-1.12,0.86,0.86,0.85,0.84,0.86,0.86,0.86,0.84,0.86,0.85,-1.11,0.86,0.86,0.86,0.86,0.86,0.86,0.86,0.86,0.84,0.86,0.86,0.86,0.86,-1.09,0.86,0.86,0.86,0.86,0.86,0.86,0.86,0.86,0.86,0.86,0.86,0.86,0.86,0.86,0.86,0.86,0.86,0.86,0.86,0.86,0.86,0.86,0.86,0.86,0.84,0.86,0.86,0.85,0.86,0.86,0.79,0.86,0.86,0.86,0.86,0.86,0.86,0.84,0.86,0.86,0.86,0.86,0.86,0.77,0.86,0.86,0.86,0.86,0.86,0.86,0.85,0.86,0.86,0.86,0.86,0.86,0.84,0.86,0.86,0.86,-1.08,0.86,0.86,0.72,0.86,0.86,0.86,0.86,0.86,0.86,0.86,0.86,0.86,0.86,0.86,0.86,0.86,0.86,0.86,0.86,0.86,0.86,0.86,0.85,0.82,-1.12,0.86,0.86,0.86,0.86,0.86,0.85,0.86,0.86,0.86,0.85,0.86,0.86,0.86,0.86,-1.04,-1.08,0.86,0.79,0.86,0.74,0.86,0.86,0.86,0.86,0.86,0.86,0.86,-1.12,0.86,0.86,0.86,0.86,-1.03,0.86,0.86,0.86,0.86,0.86,-1.1,0.86,0.86,0.86,0.86,0.84,-1.1,0.86,0.86,0.86,-1.06,0.84,0.86,0.86,0.85,0.86,0.86,0.86,0.86,0.86,0.86,0.86,0.86,0.86,0.86,0.86,0.84,0.86,0.86,0.86,0.85,0.86,0.84,0.85,0.86,0.85,0.85,0.86,0.86,0.86,0.86,0.86,0.72,0.84,0.86,0.85,-1.02,0.86,-1.03,0.86,0.86,0.86,0.86,0.85,0.86,0.85,0.86,0.85,0.86,0.86,0.86,0.84,0.86,0.86,0.86,0.86,0.86,0.86,0.85,0.86,-1.09,0.86,0.86,0.86,0.86,0.86,0.86,0.84,-1.07,0.86,0.85,0.86,0.85,0.86,-1.11,0.86,0.86,0.86,0.86,0.86,0.85,0.84,0.86,0.71,0.86,0.86,0.86,0.86,0.86,0.86,0.86,0.86,0.85,0.85,0.86,0.86,0.86,0.86,-1.01,0.85,0.86,0.86,0.86,0.86,0.86,0.86,-1.02,0.86,0.86,0.86,0.86,0.84,0.86,-1.12,0.86,0.86,0.85,0.86,0.86,0.86,0.86,0.86,0.86,-1.04,0.86,0.86,0.86,0.86,0.69,0.86,0.86,0.86,0.86,0.84,0.85,0.86,0.86,0.85,0.86,0.84,0.86,0.86,0.84,0.86,0.85,0.85,0.86,0.86,0.86,0.86,0.86,0.86,0.86,0.84,-1.12,0.86,0.86,0.86,0.86,0.86,0.86,0.86,0.86,0.84,0.86,0.85,0.85,0.86,0.85,0.86,0.86,0.86,0.86,0.86,0.86,0.86,0.85,0.86,0.86,0.85,0.86,0.86,0.86,0.84,0.86,0.86,0.86,0.77,0.86,0.85,0.86,0.86,0.86,-1.01,-1.04,0.86,0.86,0.86,0.86,-1.14,0.86,0.86,0.86,0.86,0.84,0.84,0.86,0.86,0.86,0.85,0.84,-1.03,0.86,0.73,0.86,-1.13,0.86,0.86,0.86,0.86,0.84,0.86,0.86,0.86,0.85,0.84,0.86,0.85,0.86,0.86,0.86,0.85,0.85,0.85,0.86,0.86,0.86,0.85,0.86,0.86,0.86,0.86,0.85,0.86,0.86,0.86,0.86,-1.09,0.86,0.86,0.86,0.86,0.86,0.86,0.86,0.86,0.86,0.86,0.85,0.86,0.85,0.86,0.84,0.86,-1.06,0.85,0.85,0.86,0.86,-1.12,0.73,0.85,0.86,0.86,-1.09,0.86,0.86,0.85,-1.12,0.86,0.86,0.86,0.86,0.86,0.84,0.86,0.86,0.86,0.86,0.86,0.86,0.86,0.86,0.86,0.86,0.84,0.85,0.75,0.86,0.86,0.86,0.85,0.86,0.86,0.86,0.86,0.86,0.86,0.85,0.86,0.84,0.86,0.86,0.85,0.86,0.86,0.85,0.83,0.85,0.71,0.86,0.86,-1.0,0.86,0.86,0.7,0.86,0.86,0.86,0.86,0.86,0.85,0.84,-1.13,0.86,0.86,0.86,0.86,0.86,0.8,0.83,0.86,0.85,0.86,0.86,0.83,0.75,0.81,0.86,0.86,0.86,0.86,0.86,0.82,0.86,0.85,0.86,0.84,0.86,0.86,0.86,0.86,0.77,0.86,0.86,0.86,0.86,0.86,0.85,0.86,0.86,0.86,0.86,0.86,0.86,0.84,0.86,0.86,0.86,0.86,0.86,0.86,0.86,0.82,-1.1,0.86,0.86,0.86,0.86,0.84,0.86,0.86,-1.0,0.86,0.86,0.86,0.86,0.85,-1.02,0.86,0.86,0.86,0.85,0.85,-1.06,0.86,0.86,0.86,-1.14,0.85,-1.08,0.86,0.86,0.86,0.86,0.86,0.86,0.86,0.86,0.86,0.86,0.86,0.86,0.86,0.85,0.86,0.86,0.86,0.86,0.86,-1.06,0.85,0.86,0.86,0.86,0.86,0.86,0.84,0.86,0.86,-1.08,0.85,0.86,0.84,0.86,0.86,-1.12,0.86,0.86,0.86,0.86,0.86,0.86,0.86,0.86,0.86,0.86,0.86,0.82,0.86,0.86,0.86,0.86,0.85,0.86,0.86,0.86,0.85,0.86,0.86,0.85,0.86,0.86,0.86,0.85,-1.02,0.69,0.86,0.76,0.86,0.86,0.86,0.83,0.86,0.84,0.86,0.86,0.86,0.86,0.86,0.86,0.86,0.84,0.86,0.86,0.86,0.86,0.86,0.86,0.86,0.86,0.85,0.86,0.86,0.86,0.86,0.86,0.86,0.86,0.79,-1.07,0.86,0.86,0.86,0.84,0.86,0.86,0.86,0.86,0.86,0.86,0.86,0.86,0.86,0.86,0.86,0.86,0.86,0.86,0.86,0.86,0.86,0.86,0.86,0.86,0.84,0.86,0.86,-1.16,-1.14,0.86,0.84,0.86,0.86,-1.02,0.85,0.86,0.86,0.84,0.86,0.86,0.84,0.86,0.86,0.86,0.84,0.84,0.86,0.85,0.86,0.84,0.86,0.86,0.86,0.86,0.86,-1.11,0.86,0.85,-1.09,0.86,-1.01,0.84,-1.04,0.86,0.84,0.86,0.86,0.85,0.84,0.86,0.86,0.86,0.86,0.86,0.86,-1.13,0.86,-1.03,0.85,0.85,0.86,0.86,0.86,0.86,0.85,-1.1,0.85,0.86,0.86,0.86,0.85,0.85,0.86,0.86,0.86,0.86,-1.12,0.86,0.85,0.86,0.86,0.85,0.86,0.86,0.86,0.84,0.86,0.86,0.86,0.86,0.86,0.86,0.86,0.86,0.86,0.85,0.86,0.86,0.86,0.86,0.86,0.86,0.86,0.85,0.85,0.86,0.86,0.86,-1.09,0.85,0.86,0.86,0.86,0.82,0.86,0.86,-1.05,0.85,0.86,0.86,0.86,0.86,0.85,0.85,0.86,0.86,0.86,0.86,0.75,0.85,0.84,-1.13,0.86,0.85,0.86,-1.07,0.84,0.85,0.84,0.86,0.86,0.85,0.86,-1.15,0.86,0.85,0.85,0.86,0.86,0.86,0.86,0.86,0.86,0.86,0.86,0.86,0.79,0.86,0.86,0.86,-1.02,0.86,0.86,0.84,0.84,-1.02,0.85,0.83,-1.1,0.86,0.83,0.86,0.86,-1.16,-1.04,0.83,0.85,0.86,0.86,0.84,0.84,0.86,0.86,0.86,0.83,0.86,0.86,0.86,0.86,0.85,0.86,0.86,0.86,0.86,0.85,0.86,0.86,0.86,0.86,0.86,0.84,-1.12,0.86,0.86,-1.06,0.84,0.85,0.85,0.86,0.86,0.86,0.84,0.86,0.86,0.86,0.86,0.84,-1.09,-1.07,0.85,0.86,0.86,0.86,0.84,0.86,0.83,0.84,0.86,0.86,0.86,0.73,0.86,0.86,0.86,0.86,0.86,0.86,0.86,0.86,0.85,0.86,0.85,0.86,0.86,0.86,0.83,0.86,0.86,0.86,0.86,0.86,0.85,0.86,0.86,0.86,0.86,0.84,0.86,0.86,0.86,0.86,0.86,0.76,0.86,0.86,0.86,0.86,-1.08,0.86,0.86,0.84,0.86,0.86,0.86,0.83,0.83,0.86,0.86,0.86,0.86,0.86,-1.13,0.86,0.86,0.86,0.86,-1.14,0.86,0.86,0.86,0.86,0.86,0.86,0.81,0.86,0.86,0.86,0.86,0.8,0.86,0.84,0.86,0.86,0.85,-1.08,0.85,0.86,0.86,0.86,0.85,0.85,0.86,0.79,0.86,0.86,0.86,0.79,0.86,0.84,0.86,0.86,0.85,-1.1,0.86,0.86,0.86,0.8,0.86,0.86,-1.09,-1.07,0.85,0.86,0.79,0.86,0.84,0.86,0.84,0.86,0.86,0.86,0.83,-1.12,0.86,0.86,0.86,0.86,0.85,0.86,-1.02,0.84,-1.13,0.86,0.85,0.86,0.86,0.84,0.86,0.86,0.86,-1.12,0.78,0.86,0.83,0.86,0.81,0.8,-1.05,0.85,0.86,0.79,0.85,0.86,0.86,0.86,0.86,0.86,-1.01,0.86,0.85,0.86,0.86,0.86,0.86,0.77,0.86,0.86,-1.16,0.86,-1.0,0.85,0.86,0.86,0.86,0.83,0.82,0.86,0.86,0.86,0.86,0.86,-1.07,0.86,0.85,-1.08,0.86,0.86,0.86,0.86,0.85,0.84,-1.05,0.86,0.86,-1.03,0.86,0.85,0.86,0.86,-1.01,0.85,0.84,0.86,0.86,0.85,0.86,0.74,0.86,0.86,0.86,0.86,0.86,0.86,0.86,0.86,0.86,0.86,0.86,0.86,0.86,0.84,0.86,0.86,0.86,0.86,-1.0,0.86,0.86,0.86,0.86,0.86,0.79,0.86,0.86,0.86,0.86,0.86,0.86,0.86,0.84,0.86,0.86,0.86,0.86,0.86,-1.09,0.86,0.86,0.86,0.85,0.86,0.86,0.86,0.86,-1.06,0.86,0.86,0.86,0.86,0.8,0.84,0.86,0.86,0.85,0.86,0.86,0.84,0.86,0.85,0.84,0.86,0.86,-1.01,0.86,0.86,0.86,-1.0,0.86,0.86,0.86,0.86,0.86,-1.0,0.86,0.86,0.86,0.85,0.86,0.86,0.86,0.86,0.86,0.86,0.86,0.86,0.86,0.86,0.86,0.86,0.86,0.86,0.86,0.8,0.86,0.86,0.86,0.86,0.86,0.86,0.86,0.86,0.86,-1.02,0.86,0.86,0.83,0.86,0.86,0.86,0.84,0.86,0.86,0.86,0.86,0.86,0.86,0.86,0.74,0.86,0.86,0.86,0.86,0.86,0.83,0.85,0.86,0.76,0.84,0.84,0.85,0.86,0.74,0.86,0.86,0.86,0.86,0.86,0.84,0.84,0.86,0.86,0.86,0.85,0.85,0.72,0.86,0.86,0.86,0.85,0.85,0.86,0.86,0.86,0.86,0.86,0.69,-1.02,0.84,-1.08,0.86,0.86,0.86,0.79,0.84,0.81,0.72,0.85,0.86,0.86,-1.0,0.86,0.85,0.86,0.86,0.84,-1.12,-1.03,0.86,0.86,0.86,0.86,0.86,0.86,0.86,0.86,0.71,0.86,-1.11,0.86,0.86,0.86,0.86,0.86,0.86,0.86,0.85,-1.13,0.85,0.86,0.86,0.86,0.86,0.86,0.86,0.86,0.86,0.86,0.86,-1.13,0.86,0.86,0.86,0.86,0.86,0.86,0.84,0.86,0.85,0.84,0.86,0.8,0.85,0.86,0.86,0.86,0.86,0.86,0.86,0.86,0.86,0.84,0.86,0.86,0.85,0.85,0.86,0.85,0.86,-1.06,0.86,0.85,0.86,0.86,0.85,0.86,0.86,0.86,0.86,0.86,0.86,0.85,0.86,0.85,0.86,0.86,0.77,-1.07,0.86,0.84,0.86,0.86,0.84,0.86,0.86,0.86,0.86,0.86,0.86,0.85,0.86,0.86,0.86,-1.01,0.85,0.86,0.86,0.86,0.86,0.86,0.84,0.85,0.86,0.83,0.86,0.86,0.86,0.86,0.86,0.86,0.86,0.86,0.84,0.86,0.84,0.84,0.86,0.86,0.86,0.85,0.84,0.86,0.86,0.85,0.86,0.71,0.86,0.86,0.86,0.86,0.86,0.86,0.86,0.86,0.82,0.84,0.86,0.86,0.86,0.86,0.86,0.84,0.86,0.86,0.85,0.86,0.86,0.85,0.86,0.86,0.86,-1.05,0.82,0.86,0.86,-1.05,0.86,0.86,0.86,0.86,0.86,0.86,0.86,0.86,0.84,0.86,0.86,0.86,0.84,0.86,0.86,0.86,0.86,0.86,-1.02,0.85,0.86,0.84,0.86,0.86,0.86,0.86,0.84,0.86,0.85,0.86,0.84,0.86,0.86,0.86,0.77,0.85,0.86,0.77,0.84,0.86,0.86,0.84,0.86,0.86,0.83,0.86,0.86,0.86,0.86,0.84,0.86,0.86,0.85,0.84,0.85,0.86,0.86,0.86,0.86,0.86,0.83,0.86,0.86,-1.06,0.85,0.85,0.86,0.86,0.84,0.86,0.86,0.84,0.86,0.86,0.73,0.84,0.86,0.85,0.86,0.86,0.86,0.86,0.86,0.86,0.86,0.86,0.76,0.86,0.86,0.86,0.85,0.84,0.86,0.86,0.86,0.86,0.86,0.86,0.86,0.86,0.86,0.86,0.86,0.86,0.86,0.86,0.76,0.86,0.84,0.86,0.84,0.86,0.86,0.85,0.86,-1.04,0.86,0.86,0.86,0.86,0.86,0.86,0.86,0.86,0.86,-1.14,0.86,0.76,0.86,0.86,0.86,0.86,0.85,0.84,0.86,0.86,0.86,0.86,0.85,0.86,0.86,0.84,0.86,0.86,0.86,0.86,0.86,0.86,0.84,0.86,0.86,0.86,0.85,0.86,0.84,0.86,0.86,-1.0,0.86,0.86,0.86,0.84,0.86,0.85,-1.12,0.86,0.86,0.86,0.86,0.86,0.86,0.86,0.86,0.86,0.86,0.84,0.86,0.86,0.86,-1.0,0.86,0.85,0.86,0.86,0.86,0.84,0.82,0.86,0.72,0.86,0.86,0.85,0.86,0.86,0.86,0.86,0.86,0.86,0.86,0.86,-1.0,0.86,0.85,0.86,0.86,0.86,0.86,0.86,0.86,0.86,0.86,0.86,0.86,0.86,0.86,0.86,0.86,0.86,0.84,0.86,0.86,0.85,0.79,0.86,0.86,0.84,0.86,0.86,0.86,0.86,0.85,0.86,0.86,0.86,0.86,0.86,0.86,0.86,0.86,0.86,0.86,-1.08,0.84,0.86,0.86,0.86,0.86,0.86,0.86,0.86,-1.12,-1.12,0.86,0.78,0.85,0.86,0.86,0.84,0.86,0.86,0.86,0.85,-1.35,0.85,0.84,0.86,0.86,0.85,0.84,-1.09,0.85,0.86,0.86,0.85,0.85,0.58,0.75,-1.13,0.86,0.84,0.85,0.85,-1.06,-1.14,0.86,0.85,0.86,0.84,0.82,-1.12,0.84,0.86,0.67,0.83,0.84,0.85,0.85,0.86,0.84,0.86,0.86,0.86,0.85,0.86,0.85,0.86,0.85,0.86,0.82,-1.05,0.74,0.84,0.86,0.86,0.86,0.82,-1.14,0.85,0.86,0.86,-1.11,0.86,0.85,0.86,0.84,0.85,0.86,0.86,0.86,0.86,0.83,0.86,0.86,0.83,0.86,0.86,0.86,0.86,0.85,0.86,0.84,0.86,0.86,0.86,0.86,0.86,0.86,0.86,0.86,0.84,0.85,0.86,0.86,0.86,0.86,0.86,0.84,0.86,0.64,0.86,0.86,0.86,0.86,0.86,0.86,0.86,0.86,0.86,0.86,0.86,0.85,0.86,0.86,0.73,0.86,0.85,0.86,0.86,-1.07,0.86,0.84,0.86,0.86,0.83,0.86,-1.09,0.86,0.86,0.86,0.86,0.86,0.86,0.84,0.86,-1.13,0.85,0.86,-1.04,0.83,0.86,0.86,0.86,0.86,0.86,0.86,0.86,0.86,0.86,0.86,0.86,0.85,0.85,0.85,0.86,0.86,0.86,0.86,0.86,0.86,0.86,0.84,-1.08,0.86,0.84,0.86,0.83,0.86,-1.05,0.85,0.86,0.85,0.86,0.84,0.86,0.86,0.86,0.84,0.84,0.86,-1.09,-1.12,0.86,0.85,0.86,0.86,0.86,0.86,0.83,0.86,0.85,0.81,0.86,0.86,0.77,0.84,-1.02,0.85,0.83,0.85,0.85,0.86,0.86,0.86,0.86,0.86,0.86,0.86,0.86,0.83,0.86,0.86,0.86,0.86,0.85,0.86,0.86,0.86,0.86,0.86,0.86,0.85,0.86,0.86,0.86,0.86,0.86,0.86,0.85,0.86,0.86,0.84,0.86,0.86,0.86,0.86,0.86,0.86,0.86,0.86,0.86,0.85,0.86,0.86,0.86,-1.05,0.84,0.84,0.86,0.86,0.86,0.85,0.86,0.86,0.86,0.86,0.86,0.86,0.86,0.86,0.86,0.86,0.86,0.86,0.84,0.86,0.86,0.86,0.86,0.86,0.86,0.86,0.86,0.86,0.86,0.86,0.86,0.86,0.86,0.86,0.86,0.85,0.86,0.86,0.86,0.86,0.85,0.85,0.86,0.86,0.85,0.86,0.86,0.86,0.86,0.86,0.86,0.86,0.85,0.86,0.86,-1.12,0.84,0.85,0.86,-1.06,0.86,0.86,0.86,0.86,0.86,0.86,0.86,0.86,0.86,0.86,0.86,0.84,0.86,0.86,0.86,0.86,0.86,0.79,0.86,0.86,0.86,0.86,0.86,0.86,0.86,0.86,0.86,0.85,0.83,0.86,0.86,0.86,0.86,0.86,0.86,0.86,0.86,0.86,0.85,0.86,0.86,-1.09,0.86,0.86,0.86,0.86,0.86,0.86,0.86,0.86,0.86,0.85,0.86,0.86,0.85,0.86,0.86,0.86,0.86,-1.0,-1.11,0.86,0.86,0.86,0.86,0.86,0.81,0.86,0.86,0.86,0.86,-1.12,0.86,0.86,0.86,0.86,0.86,-1.04,0.86,0.86,0.86,0.86,0.86,0.83,0.86,-1.1,0.86,-1.1,0.86,0.86,0.85,0.86,0.85,-1.1,0.86,0.83,0.85,0.84,0.85,0.86,0.86,0.85,0.86,0.86,0.86,0.85,0.86,-1.05,0.86,0.85,0.86,0.86,0.86,0.86,0.86,0.86,0.86,0.86,0.86,0.86,0.86,0.86,0.81,0.86,0.85,0.86,0.86,0.86,0.86,0.84,0.86,0.86,-1.12,0.84,0.86,0.8,0.86,0.84,0.86,0.86,0.86,0.86,0.86,0.86,0.8,0.86,-1.12,0.86,0.86,0.86,0.86,0.86,0.86,-1.14,0.86,0.86,0.86,0.86,0.86,-1.13,0.86,0.86,-1.02,-1.08,0.86,0.85,0.85,0.86,0.85,0.84,0.86,0.86,0.86,0.86,0.86,0.86,0.86,0.86,0.86,0.86,0.84,0.85,0.86,0.85,-1.11,-1.04,0.85,-1.02,0.85,0.86,0.86,-1.04,0.84,0.86,0.86,0.86,-1.15,-1.02,0.86,0.82,0.85,0.86,0.85,-1.03,0.86,-1.06,0.85,0.86,0.86,0.86,0.8,0.86,0.86,0.86,0.86,0.85,0.83,-1.11,0.85,0.85,0.84,0.84,0.85,0.86,0.86,0.74,0.86,0.84,0.86,0.86,0.86,0.86,0.81,0.86,0.86,0.84,0.86,0.83,0.86,0.84,0.86,0.86,0.86,0.86,-1.11,0.86,0.86,0.85,0.86,0.86,0.86,0.86,0.86,0.86,0.86,-1.06,0.86,0.84,0.86,0.84,0.76,0.85,0.86,0.85,0.86,0.79,0.86,0.86,0.74,0.86,0.86,0.86,0.84,0.86,0.84,0.86,0.86,0.86,0.86,0.86,0.86,0.86,0.85,-1.06,0.84,0.86,0.86,0.86,0.86,0.85,0.86,0.86,0.86,0.85,0.86,0.86,0.85,-1.12,0.82,0.85,0.86,0.85,0.86,0.86,0.85,-1.14,-1.12,0.85,0.86,0.86,0.86,0.83,0.86,0.86,-1.14,0.86,0.86,0.86,0.86,0.85,0.86,0.86,0.86,0.85,0.86,0.86,0.86,0.86,0.85,0.86,0.86,0.86,0.85,0.86,0.86,0.86,0.86,0.86,0.83,0.86,0.86,0.86,0.86,-1.04,0.86,0.84,0.86,0.86,0.83,-1.0,0.85,-1.04,0.84,0.86,0.84,-1.1,0.86,0.86,0.85,0.71,0.85,0.86,0.86,0.81,0.86,0.84,0.86,0.86,0.86,0.86,0.86,0.86,0.86,0.86,0.86,0.86,0.86,0.86,0.86,0.86,0.85,0.86,0.86,0.86,0.86,0.86,0.86,0.86,0.86,0.86,0.86,0.86,0.86,0.85,0.86,0.86,0.86,0.86,0.84,0.85,0.86,0.86,0.83,-1.08,-1.02,-1.09,0.86,0.86,0.85,-1.09,0.86,-1.0,0.86,0.85,0.86,0.86,0.86,0.86,0.86,-1.02,0.86,0.86,-1.05,0.86,0.84,0.86,0.86,0.86,0.86,0.71,0.86,-1.01,-1.02,0.86,-1.04,0.85,0.86,0.86,0.86,0.86,0.85,0.85,0.85,0.86,0.86,0.86,0.86,0.86,-1.03,0.84,0.85,0.86,0.86,0.86,0.82,0.86,0.86,-1.11,0.86,0.84,0.86,0.85,-1.05,0.86,0.86,-1.02,0.84,0.86,0.85,0.86,0.86,0.86,0.86,-1.14,0.86,0.83,0.86,0.86,0.85,0.85,0.86,0.86,0.86,0.86,0.86,0.86,0.86,0.84,0.84,0.85,0.86,0.86,0.84,0.86,0.86,0.79,0.86,0.86,0.86,0.86,0.86,0.86,0.86,0.86,0.86,0.86,0.86,0.86,0.85,0.85,0.86,0.86,-1.03,0.86,0.86,0.86,0.86,-1.11,0.85,0.86,-1.09,-1.02,0.8,0.86,0.86,0.86,0.86,0.86,0.86,0.86,0.86,0.86,0.86,0.86,0.86,0.86,0.86,0.86,0.86,0.78,0.86,0.83,0.86,0.85,-1.13,0.85,0.86,0.86,0.86,0.85,0.86,0.86,0.86,0.86,0.86,0.86,-1.02,0.86,0.84,0.86,-1.11,0.86,0.85,0.85,0.85,0.85,0.86,0.86,0.86,0.86,0.86,0.86,0.86,0.86,0.86,0.86,0.86,0.86,0.86,0.86,0.81,0.86,0.86,0.85,0.86,0.86,-1.01,0.84,0.86,0.86,0.84,-1.07,0.86,0.86,0.86,0.86,0.86,0.86,0.84,0.86,0.86,0.86,0.86,0.86,0.86,0.86,0.86,0.86,0.86,0.86,0.86,0.86,0.86,0.85,-1.03,0.86,0.86,0.85,0.86,0.86,0.86,0.86,0.86,0.82,0.86,0.86,0.85,0.86,0.86,0.86,0.86,0.84,0.85,0.86,0.86,0.86,-1.13,0.85,0.86,0.67,0.86,0.86,0.86,-1.04,0.86,0.86,0.86,-1.08,0.85,0.86,0.86,0.85,0.86,0.85,0.86,0.86,-1.03,0.86,0.86,0.86,0.86,-1.02,0.86,0.86
-1.03,-1.14,-1.03,0.71,0.75,-1.11,-1.1,-1.07,-1.05,-1.05,0.78,0.78,-1.14,0.71,0.78,0.79,0.83,-1.06,0.83,0.79,-1.06,0.85,0.82,-1.09,-1.02,0.79,0.81,0.83,-1.11,0.85,0.86,-1.06,0.82,-1.03,0.84,0.84,0.85,0.86,0.86,0.82,0.86,0.86,0.79,0.78,0.7,0.84,0.86,0.83,0.83,0.83,0.81,0.85,0.86,0.86,0.86,0.86,-1.03,0.83,0.86,0.79,0.86,0.86,0.86,0.86,0.86,-1.05,0.85,0.86,0.86,0.86,0.86,0.85,0.86,0.86,0.85,0.83,0.84,0.86,0.86,0.86,-1.12,0.86,0.85,0.86,0.85,0.86,0.86,0.83,0.79,0.86,0.86,0.86,0.84,0.86,0.86,-1.13,0.86,0.86,0.86,0.83,0.86,0.86,0.86,0.86,-1.07,0.86,0.86,0.86,-1.04,0.86,0.84,0.86,0.85,0.85,0.86,-1.06,0.86,0.86,0.86,0.86,0.86,0.86,0.86,0.86,0.86,0.86,0.86,0.86,0.86,0.84,0.86,0.86,0.86,0.85,0.86,-1.13,0.84,0.83,0.86,0.86,0.86,-1.12,0.84,-1.12,0.86,0.86,0.86,0.86,0.84,0.86,0.86,0.84,0.86,0.86,0.85,0.86,0.86,0.84,0.86,-1.13,0.86,0.86,0.86,0.86,0.86,0.86,0.86,0.86,0.86,0.85,0.86,0.86,0.86,0.86,-1.13,0.86,0.85,0.86,0.86,0.86,0.86,0.86,0.84,0.86,0.86,0.86,0.86,0.86,0.83,0.86,0.85,0.86,0.86,0.86,0.86,0.86,0.86,0.86,0.86,0.86,0.86,-1.07,0.86,0.84,0.86,0.86,0.86,0.85,0.86,0.66,0.86,-1.07,0.86,0.83,-1.02,0.86,0.83,0.86,0.86,-1.14,0.86,0.86,0.86,0.86,0.86,0.86,0.86,0.71,0.86,0.86,0.86,0.85,0.85,0.86,0.86,0.86,0.85,0.86,0.86,0.84,0.83,0.86,0.85,0.86,0.85,0.86,0.74,0.86,-1.02,0.86,0.86,0.85,0.86,0.86,0.86,0.86,0.86,0.86,0.86,0.86,0.86,0.86,0.86,0.84,0.86,0.86,0.86,0.86,0.86,0.84,0.86,0.86,0.86,0.86,0.86,0.84,0.86,0.86,0.86,0.86,0.86,0.86,0.86,-1.08,0.85,0.86,0.86,0.85,0.86,0.85,0.86,0.85,0.86,0.86,0.85,0.86,0.86,0.86,0.86,0.86,0.85,-1.03,0.86,0.86,0.84,0.86,0.86,0.86,0.82,0.86,0.82,0.85,0.83,0.86,0.86,0.86,0.86,0.86,-1.11,-1.14,0.86,0.86,0.86,0.86,0.86,0.86,0.86,0.72,0.86,0.84,0.86,-1.08,-1.13,0.85,0.84,0.86,0.85,0.86,-1.13,0.86,0.86,0.86,0.86,0.84,0.86,-1.03,0.86,0.86,0.86,-1.09,0.86,0.86,0.86,0.85,0.86,0.85,0.86,0.86,0.86,0.85,0.86,0.84,0.86,0.86,0.86,0.83,0.86,0.86,0.86,-1.06,0.86,0.86,0.86,0.86,-1.05,0.84,0.85,0.86,0.86,0.86,0.84,0.86,0.86,0.86,0.86,0.86,0.86,0.84,0.72,-1.12,-1.09,0.86,0.86,0.86,0.86,0.85,0.85,0.84,0.86,0.86,-1.08,0.85,0.86,0.86,0.86,0.86,0.86,0.86,0.86,0.86,0.84,0.86,0.86,-1.08,0.86,0.86,0.86,0.85,0.83,0.86,0.86,0.86,0.86,0.86,0.86,0.86,0.84,0.84,0.86,0.83,0.86,0.86,0.86,0.8,0.86,0.86,0.86,0.86,0.84,0.86,0.86,-1.15,0.86,0.86,-1.05,0.84,0.86,0.81,0.86,0.86,0.86,0.86,0.86,0.84,0.86,0.85,0.86,0.86,0.86,0.86,0.86,0.79,0.86,-1.13,0.86,0.86,0.84,0.86,0.85,0.86,0.86,0.86,0.86,0.84,0.86,0.86,0.86,-1.12,0.86,0.86,0.85,0.78,0.86,0.86,0.86,0.86,0.86,0.86,-1.04,0.86,0.86,0.85,0.86,-1.02,0.84,0.86,0.86,0.86,0.79,-1.1,0.86,0.86,0.86,0.86,-1.03,0.86,0.86,0.86,0.85,0.85,0.72,0.86,0.86,0.86,0.85,0.86,0.84,0.86,0.84,0.86,0.86,0.86,0.74,0.86,0.86,0.86,-1.04,0.86,0.86,0.86,0.86,0.86,0.86,0.86,0.86,0.86,0.86,0.86,0.85,0.86,0.86,0.86,0.86,-1.12,0.85,0.86,0.86,0.84,0.85,0.86,0.86,0.86,0.86,0.85,0.86,0.86,0.86,0.83,0.86,0.86,0.86,0.86,0.86,0.86,0.86,0.86,0.86,0.86,0.86,0.85,0.86,0.86,0.86,0.82,0.86,0.86,0.84,0.86,0.86,0.86,0.86,0.86,0.86,0.86,0.86,0.84,0.86,0.72,-1.03,0.86,0.76,0.86,0.86,0.86,0.86,0.86,-1.14,0.86,0.86,0.86,0.86,0.86,0.78,0.76,0.86,-1.03,0.85,0.86,0.84,-1.14,0.86,0.86,0.85,0.86,0.86,0.86,0.86,0.86,0.86,0.85,0.85,-1.08,0.86,0.86,0.86,0.86,0.86,0.86,0.86,0.7,0.86,0.86,0.86,0.86,0.86,0.86,0.86,-1.04,0.85,0.85,0.86,0.86,0.86,0.86,0.86,0.69,0.86,0.86,0.84,-1.09,0.86,0.86,0.86,0.86,0.86,0.86,0.86,0.86,0.86,0.86,0.86,0.86,0.85,0.79,0.86,0.86,0.86,0.86,0.86,0.84,0.85,0.85,0.86,0.86,0.85,0.86,0.86,0.86,0.86,0.86,0.86,0.86,0.86,0.76,0.86,0.86,0.86,0.86,0.86,0.86,0.86,0.86,0.86,0.86,0.86,0.86,0.86,0.86,0.86,-1.09,0.86,0.86,0.86,0.86,0.86,0.86,0.86,-1.14,0.84,0.86,0.86,0.86,0.86,0.86,0.86,0.85,0.86,0.86,0.86,0.86,0.85,0.86,0.84,0.72,0.73,0.86,0.86,0.86,0.86,0.86,0.86,0.86,0.86,0.73,0.86,-1.14,0.85,0.86,0.86,0.85,0.86,0.86,0.86,0.86,0.86,0.86,0.86,0.86,0.86,0.84,-1.07,0.86,0.86,0.86,0.85,0.86,0.84,-1.11,0.86,0.86,0.86,0.85,0.86,0.86,0.86,0.86,0.86,0.86,0.86,0.86,0.86,0.86,0.86,0.86,0.86,0.84,0.85,0.86,0.86,0.86,0.86,0.86,0.85,0.86,0.86,0.84,0.86,-1.03,0.85,-1.13,0.86,0.86,0.86,0.86,0.86,0.86,0.78,0.86,0.86,0.86,0.86,0.86,0.86,0.86,0.86,-1.07,0.86,0.86,0.86,0.86,0.86,0.86,0.85,0.86,-1.13,0.86,0.86,0.86,0.86,0.86,0.86,-1.12,0.86,0.85,0.86,0.86,0.86,0.86,0.86,0.85,0.86,-1.11,0.86,0.86,0.86,0.85,0.86,0.86,0.86,0.86,0.86,0.86,0.86,0.86,0.79,0.84,0.86,0.86,0.86,0.71,0.86,0.85,0.86,0.86,0.86,0.86,0.86,0.86,0.86,0.86,0.85,0.86,0.86,0.84,0.85,0.86,0.86,0.86,0.84,0.86,0.86,0.84,0.86,0.86,0.86,0.86,0.86,0.86,0.86,0.86,0.86,0.86,0.84,0.86,0.86,0.85,0.86,0.86,0.85,-1.01,0.85,0.86,0.86,0.85,0.86,0.86,0.85,0.86,0.84,0.86,0.86,0.86,0.86,0.86,-1.1,0.85,0.79,0.84,0.86,0.86,0.86,0.86,0.86,0.86,0.86,0.86,0.84,0.86,0.86,-1.07,0.86,0.84,0.86,-1.0,0.82,0.7,-1.11,0.86,0.85,0.86,0.86,0.85,0.86,0.86,0.86,0.86,0.86,0.86,0.86,0.86,0.86,0.85,-1.12,0.85,0.86,0.86,0.86,0.86,0.83,0.85,0.84,0.86,-1.01,0.86,0.86,0.85,-1.03,0.86,0.76,0.86,0.86,0.86,0.86,0.86,0.86,-1.01,0.84,-1.09,0.86,0.86,0.86,0.86,0.86,0.86,0.86,0.86,0.86,0.86,0.86,0.86,0.86,-1.06,0.86,0.85,0.86,0.86,0.86,0.86,0.86,0.86,0.86,0.85,-1.03,0.86,0.85,0.86,0.84,0.86,0.86,0.85,0.86,0.86,0.86,0.86,0.85,0.72,0.82,-1.12,0.86,0.86,0.72,0.83,0.86,-1.11,0.86,0.86,0.86,-1.03,0.86,0.86,0.86,0.86,0.86,-1.05,0.86,0.85,0.86,0.86,0.86,0.85,0.7,0.86,0.86,0.86,0.86,-1.05,0.86,0.76,0.85,0.86,0.86,0.86,0.86,0.77,0.86,0.85,0.86,0.86,0.86,0.86,0.86,0.86,0.86,0.86,0.86,0.86,0.85,0.86,-1.02,0.82,0.86,0.86,0.86,0.86,0.86,0.86,0.86,0.85,0.86,0.86,0.86,0.86,-1.13,-1.11,-1.08,0.86,0.86,0.85,0.86,0.86,0.86,0.86,-1.02,0.86,0.84,0.86,0.86,-1.03,0.77,0.74,0.86,0.86,0.86,0.86,0.86,0.86,0.73,-1.01,0.75,0.86,0.86,0.86,-1.1,0.86,0.84,0.86,0.86,0.86,0.86,0.86,-1.04,0.86,0.86,0.84,0.86,0.86,0.86,0.86,-1.07,0.86,0.86,0.82,0.86,-1.07,0.86,-1.14,0.84,0.85,-1.12,0.85,0.86,0.86,0.86,0.86,0.84,0.86,0.86,0.86,0.86,0.86,0.86,0.86,0.86,0.86,0.86,0.86,-1.07,-1.14,0.86,0.85,0.85,0.86,0.85,0.86,0.86,0.85,0.86,0.86,0.86,0.86,0.86,0.86,0.86,0.85,0.86,0.86,-1.12,0.85,0.85,0.84,0.86,0.86,0.86,0.86,0.86,0.86,0.85,0.86,0.86,0.86,0.86,0.86,0.86,0.86,0.86,0.86,-1.13,-1.16,0.86,0.86,0.86,0.86,0.86,0.85,0.86,0.86,0.84,0.86,0.83,0.86,0.86,0.86,0.86,0.86,0.86,0.86,0.86,0.86,0.86,0.86,0.86,0.86,0.86,0.86,0.84,0.86,0.86,-1.0,0.86,0.86,0.86,0.84,0.86,0.86,0.86,0.86,0.86,0.86,0.85,0.86,0.86,-1.09,0.86,0.86,0.86,0.84,-1.09,0.86,0.86,0.84,0.86,0.86,0.86,0.86,0.86,0.86,0.86,0.8,0.86,0.85,0.86,0.86,0.85,-1.0,0.86,0.84,0.86,0.86,0.86,0.86,0.86,0.86,0.86,0.86,0.86,0.86,-1.13,0.85,0.86,0.86,0.86,0.86,0.86,0.86,0.86,0.86,0.85,-1.13,0.86,0.86,0.84,0.83,0.84,0.86,0.86,0.86,0.81,0.86,0.86,-1.13,0.84,0.86,0.84,0.86,0.86,0.86,0.84,0.86,-1.07,0.86,0.86,0.86,0.86,0.86,0.86,0.85,0.86,0.86,0.85,0.86,0.86,0.86,0.84,0.84,0.86,0.84,-1.08,0.86,0.86,0.86,0.86,0.86,0.86,0.86,0.86,0.81,0.86,0.86,0.84,0.86,0.86,0.86,0.86,0.86,0.85,0.86,0.86,0.86,0.86,0.86,-1.11,0.86,0.86,0.85,0.86,0.84,0.86,0.86,0.74,0.86,-1.13,0.85,0.85,0.86,0.85,0.86,0.86,0.86,0.86,0.86,0.74,-1.01,0.86,0.85,0.85,0.86,-1.13,0.86,0.86,0.85,0.85,0.86,0.84,0.86,0.83,0.86,0.86,-1.03,0.85,0.86,0.86,0.86,0.86,0.86,0.86,0.86,0.86,0.86,0.86,0.86,0.86,0.86,0.86,0.86,0.86,0.86,0.86,0.86,0.86,0.86,0.86,0.84,0.86,0.86,0.86,-1.06,0.86,0.84,0.86,0.86,0.83,-1.05,0.86,0.86,0.86,0.86,0.86,0.86,0.84,0.86,0.86,0.85,0.86,0.85,0.86,0.86,0.86,0.86,0.86,0.85,0.86,0.85,0.86,0.81,0.86,0.73,0.86,0.86,0.73,0.86,0.86,0.85,-1.03,0.86,-1.0,0.86,0.86,0.86,0.86,0.86,0.86,0.86,-1.14,0.86,0.86,0.86,0.86,0.86,0.86,-1.19,0.86,0.86,0.86,0.86,0.86,0.86,0.84,0.86,0.86,0.86,0.86,0.84,0.86,0.86,0.86,0.85,0.86,0.86,0.86,0.85,0.86,0.86,0.86,0.86,0.85,0.86,0.86,0.86,0.84,0.86,0.83,0.86,0.86,0.86,0.86,0.86,0.77,0.86,0.86,0.86,0.86,0.86,0.85,0.86,0.81,0.86,0.86,0.86,0.86,0.86,0.86,0.85,0.86,0.86,-1.13,0.86,0.86,0.86,0.85,0.86,0.85,0.85,0.86,0.86,0.86,0.82,0.86,0.85,0.86,0.84,0.86,0.86,0.85,0.85,0.86,0.86,0.86,-1.02,0.86,0.84,0.86,0.86,0.85,0.84,0.86,0.86,0.85,0.85,0.86,-1.13,0.85,0.86,0.85,0.85,0.86,0.86,0.83,0.86,0.86,0.86,0.86,0.86,0.83,0.86,0.85,0.86,-1.08,0.84,0.86,0.86,0.84,0.86,0.86,0.86,0.86,0.86,0.86,0.86,0.84,0.86,0.86,0.85,0.86,0.84,0.86,0.86,0.86,0.86,0.86,0.86,0.86,0.86,0.86,0.69,0.86,0.86,0.86,0.86,0.86,0.86,0.86,0.86,0.86,0.84,0.86,0.86,0.86,-1.11,-1.13,0.86,-1.05,0.86,0.86,-1.13,0.86,0.83,0.86,0.86,0.86,0.86,0.85,0.7,0.86,0.86,0.86,0.86,0.86,0.86,0.86,0.86,0.86,0.86,0.86,0.86,0.86,0.85,0.86,0.86,0.86,0.82,-1.09,0.86,-1.14,0.86,0.84,0.86,0.85,0.86,0.85,0.86,0.86,0.85,0.86,0.86,0.85,0.86,-1.02,0.86,0.86,0.86,0.84,0.86,0.86,0.86,0.86,0.86,0.86,0.86,0.84,0.86,0.86,0.86,0.86,0.86,0.86,0.86,0.86,0.86,0.84,0.86,0.86,0.85,0.74,0.85,0.86,0.86,0.86,0.86,0.86,0.86,0.86,0.86,-1.14,0.86,0.86,0.86,0.86,0.86,0.86,0.86,0.86,0.86,0.86,0.86,0.83,0.83,0.86,0.86,0.86,-1.16,0.86,0.86,0.86,0.84,0.86,0.86,0.86,-1.21,0.86,0.86,0.86,0.86,0.86,0.85,-1.16,0.86,0.86,0.86,0.85,0.86,0.86,0.86,0.84,0.84,0.8,0.86,0.86,0.86,0.86,0.86,0.86,0.86,0.86,0.86,0.86,0.84,0.86,0.86,0.85,0.86,0.85,0.77,0.85,0.86,0.86,0.81,0.86,0.86,0.86,0.86,0.86,0.86,0.86,0.86,0.86,0.86,0.86,0.86,0.86,0.85,0.86,0.85,0.86,-1.09,0.86,0.86,0.84,0.86,0.85,0.86,0.86,0.86,0.86,0.86,0.86,0.86,0.58,-1.13,0.82,0.86,0.85,0.86,0.86,0.86,0.86,0.86,0.83,0.84,0.85,0.86,0.85,0.8,0.86,0.86,0.86,0.86,0.85,0.85,0.86,0.86,0.86,0.82,0.86,0.86,-1.12,0.86,0.86,0.86,0.86,0.85,0.86,0.86,0.86,0.86,0.86,0.86,0.86,0.86,0.86,0.86,0.85,0.86,0.86,0.86,0.86,-1.12,0.86,0.83,0.86,0.86,0.86,0.85,0.86,0.86,0.86,0.86,0.86,0.85,0.86,0.81,0.86,0.86,0.85,0.86,0.86,0.86,0.86,0.86,0.85,0.86,0.86,0.84,0.86,0.86,0.86,-1.03,0.85,0.86,0.85,0.86,0.86,0.86,0.86,0.86,0.86,0.86,0.86,0.86,0.86,0.86,0.86,0.84,0.86,0.84,0.86,0.84,0.85,-1.08,0.85,0.85,0.85,0.86,0.86,0.86,0.86,0.86,0.86,0.86,0.86,0.86,0.84,0.83,0.86,0.86,0.84,0.8,0.71,-1.2,0.84,0.86,0.86,0.86,0.84,0.74,0.84,0.86,0.84,0.84,0.85,0.86,0.86,-1.09,0.86,-1.03,0.86,0.85,0.86,0.86,0.86,0.85,0.84,0.86,0.86,0.86,0.86,-1.02,0.84,-1.05,0.85,0.86,0.84,0.86,0.86,0.86,0.85,0.86,0.86,0.86,0.86,0.86,0.86,-1.14,0.85,0.82,0.85,0.84,-1.1,0.85,0.86,-1.15,0.85,0.86,0.86,-1.11,-1.13,0.84,0.86,0.83,0.86,0.86,0.86,0.86,0.78,0.86,0.85,0.83,0.73,0.86,0.86,0.86,0.85,0.85,0.86,-1.21,0.82,0.86,0.85,0.86,0.86,0.85,0.86,0.86,0.86,0.86,0.76,0.86,0.86,0.86,0.86,0.86,0.86,0.86,0.86,0.86,0.86,-1.05,0.86,0.85,0.85,0.86,0.84,0.86,0.84,0.86,0.86,0.84,0.86,0.86,-1.11,0.86,0.86,0.84,-1.05,0.83,0.86,0.83,0.86,-1.03,0.86,0.84,0.85,0.85,0.86,0.86,0.86,0.86,0.86,0.86,0.84,0.82,0.86,-1.1,0.86,0.86,0.86,0.86,0.83,0.85,0.86,0.86,0.86,0.86,0.86,0.86,0.86,0.84,0.86,0.86,0.86,0.86,0.85,0.84,0.86,0.84,0.85,0.86,0.86,0.85,0.86,0.85,0.86,0.86,0.85,0.83,0.86,0.86,0.86,0.86,0.78,0.83,0.86,0.86,0.86,0.86,0.86,0.86,0.84,0.86,0.86,0.84,0.86,0.86,0.84,0.86,0.72,0.85,0.86,0.83,0.86,0.86,0.86,0.86,-1.09,0.84,0.85,0.84,0.86,0.79,0.85,0.86,0.86,0.86,0.86,0.86,0.86,0.86,0.85,0.86,0.86,0.86,0.86,0.86,0.85,0.86,0.86,0.86,0.86,0.86,0.84,0.86,0.86,0.86,0.86,0.86,0.86,0.84,0.86,0.83,0.86,0.86,0.86,0.86,0.86,0.85,-1.02,0.85,0.86,0.86,0.86,0.81,0.86,0.86,0.85,0.86,0.86,0.86,0.86,0.85,0.86,0.84,0.84,0.86,0.86,0.86,0.86,0.86,-1.13,0.83,0.86,0.86,0.86,0.86,0.83,-1.13,0.85,0.86,0.85,0.86,0.86,0.86,0.86,0.86,0.86,0.86,0.85,0.86,0.84,0.86,-1.08,0.86,0.83,0.86,0.86,0.86,0.86,0.86,0.86,0.86,0.86,0.86,-1.01,0.86,0.86,0.86,0.86,0.86,0.86,0.85,0.86,0.85,0.77,0.86,0.86,0.8,0.86,0.86,-1.06,0.86,0.86,0.86,-1.12,0.86,0.85,0.85,0.86,0.86,0.86,0.84,0.84,0.86,-1.13,0.86,0.86,-1.12,0.86,-1.07,-1.12,0.83,0.86,0.84,0.86,0.86,0.86,0.86,0.86,0.86,0.85,0.85,0.86,0.86,0.86,0.86,0.86,0.86,0.84,0.86,0.86,0.86,0.86,0.86,0.85,0.86,0.85,0.86,0.85,0.86,0.86,0.86,0.86,0.86,0.86,0.76,0.86,0.86,0.86,0.85,0.86,0.83,0.85,0.84,0.86,0.86,0.86,0.86,0.86,0.86,0.85,0.86,0.85,0.86,0.86,0.86,0.82,0.86,0.86,0.86,0.86,-1.11,0.86,0.85,0.86,0.86,0.86,0.86,0.86,0.86,0.84,0.86,0.86,0.85,0.81,0.83,0.86,0.86,0.86,0.86,0.86,0.86,0.86,0.86,0.84,-1.1,0.86,0.86,0.84,0.85,-1.03,0.85,0.74,0.86,0.83,0.86,0.86,0.86,0.86,0.86,0.86,0.84,0.86,0.85,0.86,0.86,0.84,0.86,0.86,0.84,0.77,0.86,0.86,0.86,0.86,0.86,0.86,0.84,0.86,0.86,0.79,0.86,-1.07,0.75,0.86,0.86,0.85,0.86,0.86,0.86,0.86,0.86,0.86,0.86,-1.01,0.86,0.84,0.84,-1.12,0.85,0.85,0.86,0.84,0.86,0.86,-1.07,0.86,0.86,0.86,0.86,0.74,0.86,0.86,0.86,0.86,-1.14,0.86,0.86,-1.08,0.86,0.86,0.86,0.86,0.72,0.75,0.78,0.86,0.84,0.86,0.86,0.86,0.86,0.86,0.82,0.86,0.86,0.86,0.86,-1.09,0.86,0.85,0.86,0.85,0.86,0.86,0.84,0.86,0.86,0.86,0.85,0.86,-1.13,0.84,0.86,0.86,0.86,0.86,0.86,0.86,0.86,0.86,0.86,0.86,0.86,0.86,0.86,0.86,0.86,0.86,0.86,0.86,0.85,0.86,0.86,0.86,-1.13,0.86,0.86,0.86,0.85,0.86,0.86,0.86,0.86,0.77,0.86,0.86,0.86,0.86,-1.08,0.86,0.86,0.86,0.86,0.86,0.86,0.86,0.86,0.86,0.86,0.86,0.86,0.86,0.86,0.86,0.86,0.84,-1.07,0.85,0.86,0.86,0.86,0.86,0.86,0.86,0.86,0.84,0.86,0.86,-1.07,-1.14,0.8,0.85,0.84,0.85,0.86,0.85,-1.02,0.86,0.86,0.85,0.84,0.85,0.85,0.86,0.86,-1.02,0.86,0.86,0.86,-1.02,0.86,0.74,-1.08,0.86,0.86,0.86,0.86,0.86,0.86,0.86,0.86,0.86,-1.0,0.86,0.86,0.86,0.86,0.86,0.86,0.86,0.65,0.86,0.84,0.86,0.86,0.84,0.8,0.84,0.86,0.84,0.86,0.73,0.86,0.86,0.86,-1.04,-1.12,0.85,0.86,0.86,0.79,0.85,0.86,0.86,0.86,0.86,-1.03,0.86,0.86,0.86,0.86,0.86,0.75,0.86,0.84,0.86,0.86,0.83,-1.02,0.86,0.84,0.86,0.85,0.86,0.86,0.85,0.86,0.86,0.85,-1.13,0.85,0.86,0.85,0.86,0.86,0.86,0.86,0.86,-1.05,0.86,0.86,0.8,0.84,0.86,-1.1,0.83,0.84,0.86,0.86,0.86,0.86,0.84,0.86,0.86,0.84,0.86,0.86,0.86,0.86,0.84,-1.16,0.86,0.82,0.86,0.85,0.86,0.86,0.85,-1.03,0.75,0.85,0.86,0.86,0.86,0.85,0.79,0.84,0.86,0.86,0.84,0.86,0.84,0.85,0.86,0.86,0.86,0.86,0.86,0.86,0.86,0.86,0.86,0.86,0.86,0.86,0.86,0.86,-1.13,0.84,0.84,0.84,0.86,0.86,0.86,0.86,0.86,0.86,0.86,0.86,0.86,0.85,0.85,0.86,0.86,0.86,0.86,0.85,-1.13,0.86,0.86,0.86,-1.03,0.85,0.85,0.86,0.84,0.86,-1.01,0.86,0.86,-1.12,0.85,0.86,0.86,0.86,0.86,0.86,0.86,0.86,-1.06,0.83,0.85,0.86,0.84,0.86,0.86,0.86,0.85,0.86,0.86,0.83,0.85,0.86,0.86,0.84,0.85,0.86,0.86,0.86,0.84,-1.07,0.86,0.86,-1.02,0.86,0.86,-1.13,0.86,0.86,0.86,0.85,0.86,0.86,0.86,0.86,0.86,-1.13,0.86,0.84,0.86,0.85,0.86,0.86,0.84,0.86,0.83,0.86,0.86,0.84,0.86,0.86,0.86,0.78,0.77,0.86,0.85,0.85,-1.04,0.86,0.86,0.86,0.85,0.73,0.85,0.86,0.86,0.86,0.85,0.86,0.86,0.86,0.86,0.86,0.86,0.86,0.86,0.86,0.85,-1.04,0.84,0.86,-1.15,0.86,0.86,0.85,0.86,0.86,0.86,0.85,0.86,0.86,0.86,0.85,0.86,0.86,0.83,0.86,0.86,0.85,0.86,0.86,0.85,0.86,0.85,0.85,-1.14,0.86,0.85,0.86,0.86,0.86,0.86,0.86,0.86,0.86,0.86,0.86,0.86,0.85,0.86,0.86,0.86,0.86,0.86,0.86,0.86,0.86,0.86,0.86,0.86,0.86,0.86,0.86,0.86,0.86,0.86,0.86,0.86,-1.03,0.86,0.86,0.85,0.86,0.86,-1.13,0.86,0.86,0.86,0.86,0.85,0.84,0.86,0.86,0.86,0.86,-1.13,0.85,-1.07,0.86,0.81,0.86,0.86,0.86,0.86,0.83,0.85,0.85,0.82,0.85,0.86,0.86,0.74,0.86,0.86,0.86,0.86,0.82,0.86,0.86,0.86,0.86,0.86,0.86,0.86,0.86,0.86,0.86,0.86,0.86,0.86,0.85,0.86,0.85,0.86,0.86,0.86,-1.04,0.86,0.86,0.86,0.86,0.85,0.86,0.86,0.86,0.86,0.86,0.86,0.86,0.86,0.86,0.85,0.86,0.86,0.86,0.85,0.79,0.86,0.83,0.86,0.86,0.86,-1.0,0.86,-1.02,0.85,0.86,0.86,0.86,0.86,0.86,-1.08,0.85,0.85,0.85,0.86,0.83,0.86,0.86,0.86,0.86,0.86,0.86,0.84,0.86,0.86,0.85,0.86,0.86,0.86,0.86,0.85,0.86,0.86,0.86,0.86,0.86,0.86,0.72,0.85,-1.02,0.86,0.86,-1.03,0.86,0.86,0.86,0.86,0.86,0.86,-1.06,0.86,0.86,0.86,0.85,0.86,0.84,-1.08,0.86,0.86,0.86,0.86,0.86,0.83,0.86,0.86,0.86,0.86,0.86,0.86,0.86,0.85,0.86,0.86,0.85,0.86,0.86,0.86,0.86,-1.07,-1.12,0.86,0.86
-1.16,-1.08,-1.23,-1.08,0.85,-1.04,-1.14,0.83,0.84,-1.22,-1.11,-1.03,-1.04,0.84,0.81,0.71,-1.03,-1.03,0.79,-1.09,-1.07,-1.14,-1.13,-1.09,0.82,0.83,0.68,0.81,-1.09,0.83,0.62,0.79,0.72,0.69,-1.09,0.79,-1.29,0.86,0.77,-1.09,0.85,0.78,0.84,0.83,0.81,0.81,0.85,0.85,0.86,0.78,0.8,0.86,0.86,0.86,0.86,0.79,0.86,0.86,-1.02,0.85,0.66,0.82,0.8,0.86,-1.02,0.86,0.86,0.71,0.86,0.86,0.86,0.86,0.69,0.86,0.86,0.86,0.86,0.86,0.86,0.86,0.86,0.86,0.86,0.86,0.86,0.86,0.86,0.86,0.86,0.84,0.86,0.84,0.86,0.84,0.86,0.85,0.86,0.86,0.86,0.86,0.84,0.86,0.86,0.86,0.7,0.86,0.86,0.79,0.86,0.84,0.86,0.86,0.76,0.86,0.86,0.86,0.82,0.86,0.86,0.86,0.84,0.86,0.86,-1.13,0.86,0.85,0.86,0.86,0.86,0.84,0.86,0.86,0.86,0.86,-1.11,0.86,0.86,-1.06,0.85,0.76,0.86,0.86,0.86,0.86,0.86,0.86,0.86,0.85,0.84,0.86,0.86,0.75,-1.09,0.86,0.78,0.86,0.86,0.86,0.85,0.86,0.86,0.84,0.86,0.86,0.86,0.86,-1.07,0.86,0.86,0.86,0.86,0.86,0.86,0.84,0.86,0.84,0.86,0.86,0.86,0.86,0.86,0.86,0.86,0.86,0.86,0.86,0.86,0.86,0.85,0.86,0.86,0.86,0.84,-1.04,0.86,0.86,0.86,-1.02,-1.09,0.79,0.86,0.74,-1.13,0.86,0.84,0.8,0.85,0.86,0.86,0.86,-1.08,-1.0,0.86,0.86,0.86,0.86,-1.11,0.86,0.86,0.86,0.86,0.86,0.85,0.86,0.86,0.86,0.86,0.86,0.86,0.86,0.86,0.86,0.86,0.86,-1.06,0.86,0.85,0.85,0.86,0.86,0.86,0.86,0.86,0.86,0.84,0.86,-1.11,0.86,-1.15,0.86,0.86,0.86,0.86,0.86,0.86,0.86,0.85,0.86,0.86,0.86,0.86,0.86,0.86,0.86,0.86,0.86,0.86,0.86,0.86,0.86,0.86,-1.16,0.84,0.8,0.86,0.85,0.73,0.86,0.86,-1.03,0.86,0.86,0.86,0.84,0.86,0.86,0.86,0.86,-1.02,0.86,0.86,0.85,0.86,0.69,0.86,0.84,0.86,0.86,0.86,0.83,0.86,0.84,0.86,0.86,0.86,0.86,0.86,0.86,0.86,0.74,0.73,0.86,0.86,0.86,0.86,0.86,0.86,0.84,0.86,0.86,0.84,0.86,0.86,0.86,0.82,0.86,0.86,0.86,0.86,0.86,0.86,0.86,-1.0,0.86,0.86,0.86,0.85,0.86,0.86,0.86,0.86,0.86,0.86,0.86,0.86,0.86,0.86,0.85,0.86,0.86,0.86,0.86,0.86,0.86,0.86,0.86,0.86,0.86,0.86,0.73,0.86,0.85,0.86,0.86,0.86,0.86,0.86,0.86,0.86,0.86,0.86,0.85,0.86,0.86,0.86,0.84,0.86,0.86,0.86,0.86,0.86,0.86,0.86,0.86,0.86,0.86,0.86,0.86,0.86,0.86,0.72,0.86,0.86,0.86,0.81,-1.07,0.86,0.85,0.84,0.86,0.86,0.86,0.86,0.86,0.86,0.86,0.86,0.86,0.81,-1.05,0.86,0.86,0.86,-1.14,0.86,0.86,0.86,0.86,0.86,0.76,0.86,0.84,0.85,0.86,0.86,0.86,0.86,0.86,-1.0,0.86,0.86,0.86,0.86,0.86,0.86,0.84,0.86,-1.12,0.85,0.86,0.86,0.85,0.85,0.86,0.85,0.85,0.85,0.86,-1.02,0.86,0.86,0.86,0.86,0.86,0.86,0.85,0.86,0.86,0.86,0.86,0.86,0.86,0.8,0.86,0.86,0.86,0.86,0.86,0.86,0.76,0.86,0.86,0.86,-1.1,0.86,0.86,0.86,0.86,0.86,0.83,0.84,0.86,0.86,0.86,0.86,0.86,0.86,0.86,0.8,0.86,0.86,0.84,0.86,0.86,0.86,0.84,0.86,-1.0,0.86,0.86,0.84,0.85,0.86,0.85,-1.03,0.86,0.86,0.82,0.85,0.86,0.74,0.86,0.86,0.84,0.86,-1.0,0.86,0.85,0.86,0.86,-1.14,0.86,0.86,0.86,0.86,0.86,0.86,0.85,0.86,0.86,0.86,0.86,0.86,0.86,0.86,0.85,-1.14,0.86,0.86,0.84,0.72,0.84,0.86,-1.03,0.86,0.86,0.86,0.86,0.74,0.86,0.86,0.86,0.86,0.86,0.86,-1.26,0.82,0.86,0.86,0.86,0.86,-1.06,0.86,0.86,0.86,0.86,0.86,0.86,0.86,0.86,0.86,0.84,0.86,0.86,0.86,0.84,0.86,0.86,0.86,0.86,0.86,0.86,0.86,0.86,0.86,0.86,0.86,0.86,0.86,0.86,0.86,0.85,0.86,0.83,0.86,0.86,0.86,0.86,0.86,0.86,-1.03,-1.01,0.86,0.86,0.85,0.86,0.86,0.86,-1.04,0.86,0.76,0.86,0.86,0.86,0.86,0.85,-1.13,0.86,0.85,0.86,0.86,-1.14,0.86,0.86,0.86,0.86,0.86,0.86,0.86,0.86,0.86,0.86,0.86,0.86,0.86,0.86,0.86,0.86,0.86,0.86,0.86,0.86,0.86,0.86,-1.09,0.84,0.86,-1.0,0.84,-1.09,0.86,0.86,0.81,0.86,0.86,0.85,0.86,0.86,0.86,0.83,0.86,-1.02,0.86,0.86,0.86,0.84,0.86,0.86,0.86,0.86,0.86,0.79,0.84,0.86,0.82,0.85,0.86,0.82,0.86,0.86,0.86,0.86,0.84,0.83,0.86,0.86,0.86,0.83,0.86,0.86,0.86,0.86,0.86,0.86,0.86,0.86,0.86,0.86,0.86,-1.1,0.86,0.86,0.86,0.86,0.85,0.86,0.86,0.86,0.86,0.86,0.85,0.86,0.85,0.86,0.86,0.86,0.85,0.86,0.86,0.86,0.74,0.85,0.86,0.85,0.86,-1.01,0.79,0.86,0.85,0.86,0.86,0.86,0.86,0.86,0.7,0.86,0.86,0.86,0.86,0.85,0.86,0.86,0.86,0.84,0.86,0.86,0.86,0.86,0.86,-1.1,0.86,-1.12,0.86,0.85,0.86,0.86,0.86,0.73,0.86,0.86,0.86,0.86,0.86,0.85,0.86,0.86,0.84,0.86,0.84,0.85,0.84,0.86,-1.02,0.86,0.86,0.86,-1.02,0.86,0.86,0.86,0.74,0.86,0.86,0.86,0.86,0.86,0.86,0.85,-1.13,0.86,0.86,0.86,0.86,0.86,0.86,0.86,0.85,-1.12,0.86,0.83,-1.0,0.86,0.86,0.86,0.86,-1.02,0.86,-1.12,0.79,0.86,-1.1,0.86,0.86,0.86,0.86,0.86,0.85,0.86,0.86,0.86,0.86,0.86,0.84,0.86,0.86,0.86,0.86,0.86,0.86,0.85,0.86,0.86,0.86,0.84,0.86,0.86,0.84,0.86,0.86,0.84,0.86,0.85,0.86,-1.03,0.86,0.86,0.84,0.86,0.86,0.86,0.86,0.84,0.85,0.86,-1.06,0.84,0.86,0.85,0.86,-1.03,0.86,0.85,0.84,0.86,0.86,0.85,0.86,0.86,0.86,0.86,0.86,-1.02,0.86,0.86,0.84,-1.0,0.84,-1.02,0.85,-1.03,0.86,0.86,0.86,0.86,0.83,0.86,-1.03,0.86,0.85,0.85,0.86,0.86,0.86,0.86,0.86,0.85,0.86,0.86,0.86,0.85,0.83,0.86,0.86,0.86,0.86,0.86,0.86,0.85,0.86,0.86,0.84,0.79,0.86,0.86,0.86,0.86,0.7,0.86,0.86,0.86,0.86,0.86,0.86,0.86,0.86,0.86,0.86,0.85,0.86,0.84,0.86,0.86,0.86,0.86,0.86,0.86,0.86,0.86,0.86,0.86,0.86,0.86,0.86,0.86,0.86,0.86,0.85,0.86,0.86,0.86,0.85,0.86,0.86,-1.03,0.86,0.86,-1.25,0.86,0.86,0.86,0.86,0.86,0.86,0.86,0.86,0.85,0.86,0.86,0.78,0.86,0.86,0.86,0.86,0.86,0.86,0.86,0.86,0.86,0.85,0.86,0.86,0.86,0.84,0.86,0.86,0.86,0.86,0.86,0.86,0.86,0.86,0.85,0.86,0.85,0.86,0.84,0.86,0.86,0.86,0.86,0.86,0.86,0.86,0.86,0.86,0.86,0.85,0.86,0.86,0.86,0.86,0.86,0.85,0.86,0.86,0.86,0.86,0.85,0.86,0.86,0.86,-1.09,0.85,0.86,0.86,0.82,-1.0,0.86,0.86,0.86,0.86,0.85,0.86,0.86,0.85,0.86,-1.13,0.86,0.86,0.86,0.83,0.86,0.86,0.86,0.86,0.86,0.86,0.86,-1.03,0.86,0.86,0.86,0.85,0.86,0.86,0.86,0.86,0.85,0.86,0.86,0.86,0.86,-1.01,0.86,0.86,0.86,0.86,0.86,0.86,0.86,0.85,0.86,0.86,-1.06,0.86,0.86,0.86,0.86,0.86,0.86,0.86,0.86,0.86,0.86,0.86,0.86,0.86,0.84,0.86,0.86,0.86,0.86,0.86,0.79,0.86,0.85,0.86,0.86,0.86,0.8,0.86,0.86,0.86,0.86,0.86,0.86,0.86,0.86,0.86,0.86,0.86,0.86,0.86,0.86,0.86,0.86,0.86,0.86,0.86,-1.01,0.86,0.86,0.86,0.86,-1.0,0.85,0.83,0.86,0.86,0.86,0.86,0.75,0.86,0.85,0.86,0.86,0.86,0.85,0.86,0.86,0.86,0.85,-1.02,0.86,0.86,0.64,0.85,0.86,0.86,0.86,0.83,0.86,-1.01,0.86,0.86,0.86,0.86,0.85,-1.01,0.86,0.86,0.86,0.86,0.85,0.85,0.86,0.86,0.86,0.86,0.83,0.85,0.86,0.83,0.75,0.86,0.86,-1.13,0.86,0.85,0.78,0.86,0.86,0.84,0.86,0.86,0.86,0.86,0.85,0.86,0.86,0.86,0.86,0.86,0.86,0.86,0.86,0.86,0.86,0.86,0.86,0.86,0.86,0.86,0.86,0.86,0.84,0.86,0.85,0.86,0.86,0.86,0.85,0.86,0.86,0.86,0.86,0.86,0.71,0.86,0.86,0.86,0.86,0.86,0.86,0.86,0.86,0.86,0.86,0.86,0.86,0.86,0.86,0.86,0.81,0.86,0.86,0.84,0.86,0.86,0.86,0.83,0.86,0.86,0.86,0.86,0.82,0.86,0.72,-1.02,-1.15,0.84,0.86,0.86,0.86,0.75,0.86,0.77,0.86,0.84,0.86,0.84,0.86,-1.01,0.86,0.86,0.85,0.85,0.86,0.86,0.86,0.86,0.86,0.86,0.8,0.77,0.86,0.73,0.85,0.86,0.86,0.82,0.86,0.86,0.86,0.81,0.86,0.86,0.86,0.75,0.84,0.75,0.86,0.86,0.86,0.86,0.86,0.86,0.86,0.85,0.86,0.86,0.86,0.86,0.86,0.86,0.86,0.84,0.86,0.86,0.86,0.84,0.84,0.86,0.86,0.86,0.86,0.85,0.86,0.86,-1.02,0.78,0.86,0.86,0.86,0.86,0.86,0.86,0.86,0.86,0.86,0.86,0.86,0.86,0.86,0.86,0.86,0.86,0.86,0.84,0.86,0.86,0.86,0.86,0.86,0.86,0.86,0.86,0.86,0.86,0.83,0.85,0.86,0.84,0.86,0.69,0.86,0.83,-1.0,0.86,0.86,0.84,0.85,0.86,0.86,0.86,0.86,0.86,0.86,0.85,0.86,0.86,0.86,0.81,0.86,0.86,0.83,0.86,0.85,0.86,0.86,0.86,0.75,0.86,0.86,0.86,0.86,0.84,0.86,0.86,0.86,0.86,0.86,0.86,0.86,0.85,0.84,0.86,0.86,-1.06,0.86,0.86,0.86,0.86,0.86,0.86,0.85,0.85,0.86,0.86,0.86,0.86,0.86,0.86,0.86,0.86,0.86,0.72,0.86,0.84,0.86,0.86,0.86,0.86,0.86,0.84,-1.16,0.86,0.86,0.86,0.86,0.86,0.86,0.86,0.86,0.86,0.86,0.86,0.86,0.86,0.86,0.86,0.85,0.84,0.85,0.86,0.86,-1.06,0.86,0.84,0.82,0.72,0.82,0.83,0.86,-1.13,0.85,0.86,0.86,0.86,0.86,0.86,0.86,0.86,-1.02,0.86,0.86,0.85,0.86,0.86,0.86,0.86,0.86,0.86,0.86,0.86,0.85,0.86,0.73,0.65,0.86,0.85,0.86,0.86,0.86,0.86,0.86,0.86,-1.03,0.86,0.86,0.86,0.86,0.86,0.86,0.86,-1.02,0.86,0.84,0.86,-1.01,0.85,-1.14,0.85,0.86,0.86,0.86,0.86,0.86,0.86,0.86,0.86,0.86,0.86,-1.12,0.86,0.84,0.85,0.86,-1.0,0.84,0.86,0.86,0.86,0.86,-1.05,0.86,0.86,0.86,0.86,0.85,0.86,0.86,0.86,0.86,0.86,0.84,0.86,0.85,0.86,0.86,0.86,0.86,0.86,0.84,0.84,0.86,0.86,0.86,0.85,0.86,0.71,0.83,0.86,0.85,-1.05,0.69,0.86,0.86,0.86,0.86,0.86,0.86,0.86,0.72,0.86,0.86,0.86,0.86,0.86,0.86,0.86,0.72,0.85,0.86,0.86,0.85,0.85,0.86,0.86,0.84,0.86,0.86,0.86,0.86,0.86,0.86,0.86,0.85,0.86,0.86,0.85,-1.03,0.86,0.86,0.86,0.86,0.86,0.86,0.85,0.86,0.86,0.86,0.86,0.86,0.86,0.86,0.86,0.86,0.86,0.86,0.86,0.86,-1.01,0.84,0.86,0.84,0.86,0.86,0.86,0.71,0.86,0.86,-1.14,0.84,0.86,0.86,0.72,0.86,-1.03,0.86,0.86,0.86,0.86,0.86,0.86,-1.03,0.86,-1.1,0.84,0.84,0.84,0.85,0.86,0.86,0.85,0.86,0.86,0.84,0.86,0.86,0.71,0.86,0.86,0.86,0.84,0.86,0.86,0.86,0.75,0.71,0.86,0.86,0.86,0.86,0.85,0.86,0.86,0.84,0.86,0.83,0.85,0.86,0.86,-1.06,0.85,0.83,0.86,0.86,0.86,0.86,0.86,0.86,0.86,0.8,0.86,0.86,-1.14,0.84,0.86,0.86,0.86,0.86,0.72,0.86,0.86,0.86,0.86,0.86,0.86,0.86,0.85,0.86,0.84,-1.1,-1.11,0.86,0.86,0.86,0.86,0.86,0.85,0.86,0.86,0.86,0.86,0.86,0.86,0.83,0.86,0.86,0.86,0.86,0.86,0.86,0.86,0.86,-1.14,0.86,0.86,0.86,0.86,0.86,0.82,0.86,0.86,0.86,0.86,0.86,0.71,0.86,0.83,0.84,-1.06,0.86,0.86,-1.08,0.86,0.86,0.86,0.85,-1.23,0.84,-1.03,0.86,0.72,0.81,0.86,0.86,0.86,0.86,0.86,0.86,0.86,0.84,0.85,0.86,0.75,-1.26,-1.04,0.86,0.86,0.86,0.86,0.86,0.86,-1.02,0.86,0.86,0.86,0.86,-1.06,0.84,0.86,0.86,0.86,-1.11,0.8,0.86,0.86,0.86,0.86,0.84,0.86,0.86,0.85,0.86,0.86,0.86,-1.03,0.86,0.86,0.86,0.86,0.86,0.86,0.86,0.86,0.84,0.86,0.86,0.86,0.86,0.86,0.86,0.86,0.86,0.86,0.86,0.86,0.86,0.85,0.85,0.86,0.86,0.85,-1.1,0.86,0.85,0.86,0.86,0.86,0.86,0.86,0.84,0.86,0.86,0.86,0.86,0.84,0.86,0.86,0.86,0.86,0.84,0.86,0.86,0.86,0.86,0.86,0.86,0.86,0.86,0.85,0.86,0.85,0.86,0.82,0.84,0.86,0.86,0.86,0.86,0.86,0.79,0.86,0.86,0.86,0.85,0.86,0.86,0.86,0.85,0.86,0.86,0.86,0.86,0.84,-1.01,0.85,0.86,0.86,0.86,0.86,0.86,0.86,0.86,0.83,0.86,0.86,-1.05,0.86,0.86,0.86,0.86,0.86,0.86,0.86,0.86,0.86,0.85,0.86,0.86,0.85,0.86,0.86,0.84,0.86,0.86,0.86,-1.13,0.86,0.86,0.73,0.85,0.86,0.86,0.74,0.86,0.84,0.86,0.86,0.86,0.86,0.8,0.86,0.86,0.86,0.86,0.86,0.83,0.86,0.83,0.83,0.86,0.86,0.86,0.86,0.86,0.86,0.86,0.86,0.86,0.86,0.86,0.85,-1.16,0.86,0.86,0.86,0.86,0.78,0.86,0.86,0.86,0.86,0.86,0.86,0.86,-1.23,0.86,0.86,0.85,0.84,0.86,0.86,0.85,0.86,0.85,0.86,0.85,0.86,0.86,0.85,0.86,0.86,0.86,0.85,0.86,0.86,0.78,0.86,0.86,0.86,0.82,0.86,0.86,0.86,0.86,0.86,0.86,0.86,-1.12,0.86,0.86,0.86,-1.13,0.85,0.85,0.85,0.86,0.86,0.86,0.86,0.86,0.86,0.86,0.86,-1.03,0.86,0.85,0.86,0.86,0.86,0.86,0.86,0.86,0.84,0.86,0.86,-1.11,0.75,0.83,0.86,0.85,0.86,0.86,0.86,0.84,0.86,0.86,0.85,0.85,0.86,0.86,0.86,0.86,0.86,0.86,0.85,0.86,0.85,0.85,0.83,0.86,0.86,0.85,0.86,0.86,0.86,0.86,0.85,0.86,0.86,0.86,0.86,0.86,0.86,0.86,0.86,0.86,0.86,0.85,0.86,0.86,0.86,0.86,0.86,0.86,0.86,0.86,0.86,0.86,0.84,-1.15,0.73,0.86,0.86,0.86,0.86,0.86,0.84,-1.02,0.86,0.83,0.86,0.85,0.86,0.86,0.86,0.86,0.84,0.86,0.85,0.86,0.86,0.86,0.72,0.71,0.85,0.84,0.86,0.86,0.85,0.86,0.85,0.86,0.83,0.86,0.86,0.86,0.86,0.86,0.86,0.86,0.86,0.8,0.86,0.86,0.85,0.86,0.86,-1.14,0.85,0.86,0.86,0.85,0.86,0.86,0.86,0.86,0.86,0.84,0.86,0.86,0.86,0.86,0.86,0.86,0.86,0.86,0.81,0.86,0.86,0.86,0.86,0.86,0.86,0.84,0.86,0.86,0.86,0.86,0.86,0.86,0.86,0.86,0.83,0.81,0.85,0.86,0.86,0.63,0.86,-1.01,0.86,0.86,0.86,0.86,0.86,0.86,0.76,0.86,0.86,0.86,0.86,0.86,0.84,0.86,0.86,0.86,0.86,0.86,0.85,0.86,0.77,0.84,-1.08,0.86,0.85,0.86,0.86,0.86,0.82,0.83,0.85,0.86,0.86,0.74,0.85,0.86,0.86,0.86,0.86,0.86,0.85,0.86,0.86,0.86,0.85,0.86,0.86,0.83,0.86,0.86,0.86,0.86,0.86,0.84,0.86,0.83,0.86,0.86,0.86,0.75,0.86,0.86,0.86,0.86,0.71,0.86,0.86,0.86,-1.1,0.86,0.74,0.86,0.86,0.85,0.86,0.86,0.86,0.86,0.85,0.86,0.86,0.83,0.86,0.84,0.81,0.84,0.86,0.86,0.86,0.86,0.86,0.86,0.86,0.85,-1.09,-1.13,0.84,0.84,0.86,0.86,0.86,0.86,0.86,0.84,0.86,0.86,0.85,0.86,-1.05,0.85,0.86,0.86,0.86,0.84,0.85,0.84,0.86,-1.23,0.86,0.86,-1.05,0.86,-1.11,0.86,-1.01,0.86,0.86,0.86,0.86,0.86,-1.05,0.83,0.86,0.85,0.86,0.86,-1.03,0.83,0.86,0.86,0.85,-1.1,0.86,0.85,0.82,0.86,0.84,0.86,0.86,0.86,0.86,0.86,0.86,0.86,0.86,0.86,0.85,0.86,0.84,0.85,0.85,0.86,0.86,0.86,0.86,0.86,0.86,0.86,-1.02,0.86,0.82,0.86,0.85,0.86,0.86,0.84,0.86,0.86,0.55,0.86,0.86,0.86,0.86,0.86,0.86,0.86,0.86,0.86,0.86,0.85,-1.2,0.86,0.86,0.85,0.86,0.86,0.86,-1.03,-1.13,0.86,0.86,0.85,0.86,0.85,0.85,0.86,0.86,0.85,0.85,0.86,0.86,-1.07,0.86,0.86,0.85,0.86,0.86,0.86,0.84,0.86,0.86,0.86,0.86,0.86,0.86,0.85,0.86,0.86,0.86,0.86,0.86,0.86,0.86,0.86,0.85,0.86,0.86,0.84,0.86,0.86,0.86,0.85,0.86,0.86,0.86,0.84,0.86,0.86,0.86,0.84,-1.14,0.86,-1.02,0.86,0.86,0.86,0.86,0.86,0.86,0.79,-1.0,0.86,-1.14,0.86,0.86,0.85,0.86,0.86,-1.05,0.86,0.86,0.86,-1.01,0.86,0.86,0.84,0.84,0.86,0.86,0.86,0.86,0.85,0.85,0.86,0.86,0.86,0.86,0.84,0.85,0.86,0.86,0.86,0.86,0.86,0.85,0.76,0.86,0.85,0.86,0.86,0.86,0.85,0.86,0.84,0.71,0.86,0.86,0.83,0.86,0.84,0.86,-1.0,0.86,0.86,0.86,0.86,0.86,0.86,0.71,0.86,0.85,0.86,0.86,0.86,-1.12,0.84,-1.05,0.86,0.85,0.86,0.84,0.86,0.86,0.84,0.85,0.86,0.85,0.85,0.86,0.81,0.86,0.86,0.86,0.86,0.86,0.86,-1.04,0.86,0.84,0.86,0.86,0.85,0.86,0.76,0.86,0.86,0.86,0.86,0.84,0.86,0.86,0.86,0.84,0.86,0.86,0.85,0.86,0.86,0.86,0.86,0.86,0.86,0.86,0.86,0.86,0.8,0.84,0.86,0.86,0.82,0.86,0.85,0.84,0.86,-1.08,0.85,0.86,0.85,0.83,0.86,0.86,0.86,0.83,0.86,0.86,0.86,0.81,0.86,0.86,-1.09,0.86,0.8,0.86,0.86,0.85,-1.06,0.86,0.86,0.86,0.85,0.86,0.86,0.84,0.86,0.86,0.86,0.86,-1.03,0.86,0.84,0.86,0.86,0.86,0.86,0.86,0.86,0.86,0.85,0.86,0.77,0.76,0.85,0.86,0.86,0.85,0.85,0.86,0.86,-1.02,0.84,0.86,0.77,-1.06,0.86,-1.09,0.86,0.84,0.84,0.86,0.85,0.86,0.82,0.85,0.86,0.86,0.86,0.85,0.86,0.85,0.86,0.86,0.86,0.86,0.86,0.86,0.86,-1.14,0.85,0.86,0.86,0.85,-1.08,0.86,0.86,0.86,0.81,0.86,-1.04,0.86,0.86,0.86,0.86,0.86,0.84,0.86,0.86,0.86,0.86,0.86,-1.0,0.86,-1.06,0.85,0.86,0.84,-1.03,0.86,0.86,0.86,0.86,0.86,0.86,-1.03,0.86,0.86,0.86,0.86,0.72,0.84,0.86,0.86,0.86,0.81,0.86,0.86,0.86,0.86,0.86,0.86,0.86,-1.14,-1.04,0.83,0.86,0.86,0.86,0.86,0.86,0.86,0.86,0.86,0.85,0.86,0.86,0.86,0.86,0.86,0.86,0.86,0.86,0.85,0.86,0.86,0.86,0.86,0.86,0.86,0.86,0.84,0.86,0.86,0.86,0.86,-1.08,0.86,0.86,0.86,0.82,0.81,0.86,0.86,0.86,-1.11,0.86,0.83,0.86,0.86,0.86,0.86,0.85,0.86,0.86,0.86,0.75,0.86,0.86,0.86,-1.13,0.86,0.84,0.86,0.86,-1.03,0.86,0.86,0.83,0.84,0.86,0.86,-1.13,0.86,0.86,0.86,0.86,0.86,-1.12,0.86,0.86,0.84,-1.09,0.86,0.85,0.74,0.84,0.85,0.85,0.86,0.86,0.86,0.84,-1.03,-1.08,0.86,-1.07,0.86,0.86,0.86,0.83,0.86,0.85,0.86,0.84,0.86,0.85,-1.13,0.86,0.86,0.86,0.86,0.86,0.86,0.85,0.86,0.86,0.85,0.86,0.86,0.86,0.86,0.85,0.86,0.85,0.86,0.86,0.86,0.86,0.86,0.86,0.86,-1.01,0.86,0.86,0.74,0.85,0.86,0.86,0.86,-1.11,0.86,0.77,0.85,0.86,0.86,0.86,0.86,0.86,0.86,0.86,0.81,0.86,0.86,0.86,0.85,0.86,0.82,0.86,0.86,0.86,0.86,0.86,0.86,0.86,0.86,0.84,0.86,0.82,0.86,-1.01,0.86,0.85,0.84,0.86,0.86,-1.14,0.86,0.85,0.85,0.86,0.86,0.84,0.86,0.86,0.86,0.79,0.86,0.86,0.85,0.86,0.85,0.86,0.86,0.86,0.86,0.86,0.85,0.86,0.86,0.86,0.86,0.86,0.86,0.86,0.84,0.86,0.86,0.83,0.86,0.86,0.86,0.86,0.86,0.86,0.86,0.86,0.86,-1.09,0.86,-1.06,0.86,0.86,0.86,0.86,0.86,0.86,0.86,0.86,0.86,0.86,0.86,0.86,0.86,0.84,0.84,0.86,0.86,0.86,0.86,0.86,0.86,0.86,0.86,0.86,0.85,0.86,0.86,0.86,0.86,0.86,0.86,0.84,0.85,0.86,-1.13,-1.04,0.85,0.86,0.86,0.86,0.86,0.86,-1.13,0.86,0.67,0.86,0.86,0.86,0.86,-1.12,0.84,0.82,0.86,-1.05,0.86,0.85,0.86,0.84,0.86,0.86,0.86,0.86,0.83,0.86,0.86,0.86,0.86,0.86,0.86,0.85,0.79,0.86,0.86,0.86,0.85,0.86,0.86,0.86,0.84,0.86,0.86,0.86,0.86,0.83,0.86,0.86,0.86,0.85,0.83,0.86,0.86,0.86,0.76,0.86,0.86,0.83,0.86,0.86
-1.1,0.82,-1.02,0.82,0.69,-1.07,-1.02,-1.23,0.85,0.8,-1.11,0.83,-1.35,0.78,0.86,-1.05,0.85,-1.17,0.81,0.79,-1.06,0.72,0.8,-1.07,-1.23,-1.26,-1.19,0.86,0.83,0.83,0.7,0.82,0.7,0.85,0.81,-1.03,0.8,-1.16,0.86,0.84,0.83,0.84,-1.07,0.8,0.84,0.83,0.84,-1.06,0.86,0.83,0.72,0.83,0.86,0.75,0.84,0.85,0.86,0.86,0.86,0.86,0.86,-1.0,0.86,0.86,-1.14,0.86,0.86,0.86,0.85,0.86,0.86,0.86,-1.13,0.86,0.86,0.86,0.75,0.86,0.86,0.86,0.74,0.86,0.86,0.86,0.86,-1.14,0.86,-1.0,0.86,0.84,0.86,0.86,0.86,-1.15,0.86,0.86,0.86,0.86,0.86,0.86,0.86,0.86,0.86,0.86,0.86,0.84,-1.03,0.85,0.86,0.86,0.86,0.86,0.86,-1.04,0.86,0.86,0.86,0.86,0.86,0.86,0.84,0.86,0.86,0.86,0.86,0.85,0.86,0.82,0.86,0.86,0.85,0.86,-1.02,0.86,0.85,0.86,0.86,0.79,0.86,0.86,0.84,0.86,-1.14,0.86,0.85,0.86,0.84,0.86,0.86,0.86,0.86,0.85,0.86,0.86,0.86,0.86,0.86,0.86,0.86,0.86,0.86,0.86,0.86,0.86,0.86,0.86,0.86,0.84,0.86,0.86,0.86,0.86,0.86,0.86,0.86,0.86,-1.12,0.86,0.84,0.86,0.83,0.86,-1.12,0.86,0.86,0.86,0.85,0.86,0.85,0.85,0.86,0.86,0.86,0.86,0.86,-1.02,0.86,0.86,0.86,0.86,0.84,0.86,0.86,0.86,0.86,0.85,0.86,0.86,0.86,0.86,0.86,0.86,0.86,0.86,-1.07,0.86,0.86,0.86,0.84,0.86,0.84,0.86,0.84,0.86,0.85,0.86,0.84,-1.03,0.86,0.86,0.86,0.86,0.86,0.86,0.86,0.86,-1.04,0.86,0.84,0.86,-1.12,0.84,0.86,0.86,0.86,0.86,0.86,0.86,0.86,0.84,0.82,0.83,0.75,0.86,0.83,0.86,0.86,0.86,0.85,0.86,0.85,0.86,0.85,0.85,0.86,0.86,0.86,0.86,0.84,0.86,0.86,0.86,-1.03,0.85,-1.02,0.86,0.86,0.85,0.86,0.86,0.86,0.86,0.85,0.86,0.85,0.86,0.77,0.85,0.85,0.86,0.86,0.86,0.86,0.86,0.75,0.86,0.86,0.86,0.86,0.86,-1.04,0.84,0.86,0.84,0.86,0.86,0.86,0.86,0.86,0.86,0.86,0.86,0.86,0.86,0.86,0.86,0.86,0.86,0.86,0.86,0.86,0.84,0.85,0.86,0.86,-1.03,0.84,0.86,0.86,0.85,0.86,0.86,0.84,0.86,0.86,0.86,0.86,0.86,0.86,0.86,-1.2,0.83,0.86,0.86,0.86,0.85,0.86,0.86,0.86,0.86,0.86,0.86,0.86,0.84,0.86,0.86,0.86,0.86,0.86,0.85,0.85,-1.12,0.85,0.86,0.86,0.84,0.86,0.85,-1.0,0.86,-1.03,0.86,0.86,0.86,0.86,0.86,0.86,0.86,0.84,0.86,0.86,0.86,0.86,0.85,0.85,0.86,0.83,0.86,0.85,0.86,0.86,0.86,0.86,0.84,0.86,0.86,0.86,0.86,0.84,0.86,0.86,-1.06,0.86,0.86,0.85,0.86,0.86,0.86,0.85,0.86,0.86,-1.02,0.86,0.86,0.86,0.86,0.86,0.86,0.86,0.85,0.86,0.86,0.86,0.86,0.86,0.85,0.83,0.86,0.84,0.86,0.86,0.86,0.86,0.85,0.86,0.85,0.86,0.85,0.86,0.84,0.86,0.86,-1.08,0.86,0.86,0.86,0.86,0.86,0.86,0.86,0.86,-1.0,0.86,0.86,-1.05,0.86,0.86,0.86,0.86,-1.13,-1.27,0.86,0.86,0.86,0.86,-1.27,0.86,0.86,0.85,0.86,0.75,0.85,0.86,0.85,0.86,0.86,0.82,-1.04,0.85,0.86,0.86,0.86,0.86,0.86,0.86,0.84,0.86,0.86,0.84,0.86,0.86,-1.1,0.86,0.86,0.86,0.86,0.86,0.86,0.72,0.86,0.84,0.86,0.86,0.86,0.84,0.86,0.85,0.79,0.86,0.86,0.86,0.86,0.86,0.86,0.85,0.86,0.86,0.86,0.86,0.86,0.86,0.86,0.84,0.86,0.86,0.84,0.86,0.85,0.86,0.86,0.86,0.86,0.73,0.86,0.86,0.86,0.86,0.84,-1.03,0.69,0.86,0.86,0.86,-1.07,0.86,0.85,0.84,0.86,0.86,0.85,0.86,0.86,0.86,0.86,0.86,0.86,0.86,-1.03,-1.08,0.86,0.86,0.86,0.86,-1.08,0.85,0.72,-1.14,0.86,0.77,0.86,0.86,0.86,0.82,0.86,0.86,0.86,0.86,0.86,0.86,0.86,0.86,0.86,0.86,0.86,0.86,0.86,0.86,0.86,0.86,0.84,0.86,0.84,0.84,0.86,0.86,0.86,0.86,0.86,0.86,0.86,0.75,0.84,0.86,-1.07,0.84,0.86,0.86,0.86,0.86,0.86,0.86,0.86,0.86,0.86,0.86,0.84,0.83,0.84,0.86,0.83,0.85,0.86,0.86,0.86,0.86,0.86,0.86,0.86,0.86,0.86,0.86,0.84,0.85,-1.08,0.86,0.86,0.86,0.86,0.86,0.86,0.85,0.86,0.86,0.81,0.83,-1.13,0.86,0.86,0.86,0.86,0.86,0.86,0.86,0.86,0.86,0.83,0.86,0.86,0.86,0.86,0.86,0.86,0.86,0.86,0.86,0.77,0.86,-1.13,0.84,0.82,0.86,0.86,0.85,0.86,0.86,0.86,0.86,0.85,0.85,0.85,0.86,0.86,0.86,0.86,0.83,0.86,0.86,0.86,0.86,-1.04,0.84,0.82,0.85,0.85,0.85,0.86,0.86,0.85,0.86,0.86,0.86,0.86,-1.0,0.86,0.86,-1.0,0.8,0.86,0.84,0.85,0.86,-1.13,0.75,0.86,0.85,0.86,0.85,0.85,0.82,0.86,0.86,0.83,0.86,0.84,-1.04,0.86,0.86,0.86,0.83,0.86,0.86,0.86,-1.11,-1.09,0.84,-1.18,0.86,0.86,0.86,0.84,0.86,0.86,0.85,0.85,-1.13,0.86,0.86,0.86,0.86,0.86,0.86,0.86,0.86,0.73,0.86,0.86,0.84,0.86,0.86,0.86,0.86,0.86,0.85,0.86,0.85,0.86,0.86,0.86,0.86,0.86,0.86,0.86,0.86,0.86,0.85,0.76,-1.02,0.86,0.86,0.76,0.86,0.86,0.79,0.69,0.86,0.86,0.86,0.86,0.78,0.86,0.85,-1.12,0.86,0.86,0.86,0.86,0.86,0.86,0.86,0.86,0.86,0.84,0.86,0.86,0.86,0.86,0.86,0.85,0.86,-1.04,0.86,0.84,0.85,-1.03,0.85,0.86,0.86,0.86,0.85,0.86,0.86,0.84,0.85,0.83,0.86,0.84,0.85,0.86,0.86,0.86,0.86,0.74,0.86,-1.03,0.86,-1.05,0.85,0.85,0.85,0.86,0.86,0.86,0.85,0.86,0.86,0.86,0.86,0.84,0.86,0.86,0.86,0.86,0.86,0.86,0.85,0.86,0.86,0.86,-1.07,0.86,0.86,0.86,0.85,0.84,0.86,0.86,0.86,0.86,0.86,0.86,-1.09,0.86,0.85,0.84,0.85,0.86,0.86,0.85,0.86,0.86,0.73,0.86,0.86,-1.12,-1.02,0.86,-1.0,0.86,-1.07,0.86,0.86,0.86,0.86,0.86,0.86,0.85,-1.06,0.86,-1.12,-1.09,0.85,0.85,0.81,0.86,0.86,0.86,0.86,0.86,0.86,0.86,0.86,0.86,0.86,0.86,0.69,0.86,-1.09,0.86,0.86,0.86,0.85,0.86,0.86,0.85,0.86,0.86,0.86,0.86,0.86,0.86,0.75,0.86,0.86,0.86,0.86,0.86,0.86,0.86,0.8,0.86,0.86,0.86,0.85,0.86,0.86,0.86,-1.12,0.85,0.86,0.86,0.86,0.85,0.86,0.86,-1.02,0.86,0.86,0.86,0.86,0.84,0.86,0.86,0.86,0.86,0.85,0.83,0.86,0.86,0.86,0.86,0.86,0.86,0.86,0.86,0.85,-1.0,0.86,0.86,0.86,0.86,0.83,0.86,0.86,-1.06,0.86,0.86,0.86,0.86,0.83,0.86,0.86,0.86,0.86,0.84,0.86,0.86,0.86,0.86,0.86,0.86,0.86,0.86,0.86,0.86,0.86,0.86,0.85,0.86,0.86,0.86,0.86,0.86,0.86,0.83,0.86,0.86,0.86,0.86,0.86,0.82,0.84,0.85,0.86,0.86,0.85,0.86,0.86,0.85,0.86,0.85,0.86,0.86,0.86,0.86,0.86,0.86,0.86,0.86,0.84,0.86,0.86,0.86,0.84,0.86,0.86,0.86,0.74,0.86,0.83,0.86,0.86,0.86,0.86,0.86,0.86,-1.14,0.85,0.73,0.85,0.85,0.86,0.86,0.85,0.86,0.71,0.86,0.86,0.86,0.86,0.86,0.86,0.86,0.85,0.86,0.86,0.84,0.86,0.84,0.86,0.85,0.86,0.84,0.86,0.86,0.86,0.86,0.84,0.86,0.86,0.86,0.86,0.86,0.86,0.86,0.86,0.86,0.83,0.86,0.86,-1.0,0.86,0.86,0.85,0.86,0.86,0.86,0.86,0.86,0.86,0.84,0.86,0.84,0.85,0.86,0.85,0.86,0.86,0.86,0.86,0.86,0.86,0.86,0.85,0.86,0.86,0.86,0.8,0.86,0.86,-1.02,0.85,0.83,0.86,0.86,-1.07,0.86,0.86,0.86,0.86,0.86,0.77,0.86,0.86,0.86,-1.0,0.86,0.86,-1.02,0.86,0.86,-1.14,0.85,0.86,0.86,0.86,0.86,0.86,0.86,0.86,0.86,0.86,0.86,0.86,0.86,0.73,-1.03,0.86,0.86,-1.04,0.85,0.86,0.86,0.86,0.86,0.86,0.86,0.86,0.86,0.86,0.86,0.86,0.86,0.84,0.86,0.85,0.86,0.86,0.86,0.86,0.86,0.86,0.86,0.84,0.86,0.85,0.86,0.86,0.85,0.85,0.86,0.86,0.86,0.86,0.86,0.86,0.86,0.79,0.85,0.83,0.86,0.86,0.86,0.85,0.86,0.84,0.86,0.83,0.86,-1.03,0.85,0.85,0.86,0.86,0.86,0.86,0.86,0.86,0.86,0.86,0.86,0.86,0.83,0.86,0.86,0.85,0.84,0.86,0.85,0.86,0.86,-1.03,-1.09,-1.06,0.86,0.83,0.86,0.86,0.86,0.85,-1.03,0.86,0.86,-1.1,0.86,0.86,0.86,0.86,0.85,0.8,0.86,0.86,0.86,0.85,0.85,0.86,0.86,0.86,0.86,0.86,0.86,0.85,0.86,0.86,0.86,0.86,0.85,0.86,0.86,0.85,0.86,0.85,0.86,0.86,0.86,0.84,0.86,0.86,0.84,0.84,0.85,0.86,-1.18,0.85,0.86,0.85,0.86,0.86,0.84,0.86,0.85,0.86,0.86,0.85,0.86,0.86,0.86,0.86,0.86,-1.03,-1.11,0.84,0.86,0.86,-1.0,0.86,0.86,0.86,-1.11,0.86,0.86,0.86,0.86,0.86,0.86,0.86,0.85,0.86,0.86,0.86,0.85,0.85,0.86,0.84,0.85,0.86,0.86,0.86,0.85,0.69,0.86,0.86,0.86,0.86,0.86,0.86,0.83,0.86,0.84,0.86,-1.1,0.83,0.86,0.86,0.84,0.86,0.86,0.86,0.84,0.84,0.85,0.85,0.86,0.86,0.85,0.86,0.86,0.86,0.86,0.86,0.86,0.86,0.86,0.86,-1.03,0.86,0.86,0.86,0.83,0.85,0.85,0.84,0.86,-1.1,-1.02,0.81,0.85,0.85,0.85,0.72,0.83,0.86,0.86,0.86,-1.01,0.78,0.86,0.86,0.86,0.86,0.86,0.86,0.86,0.86,-1.12,0.85,-1.08,0.85,0.86,0.86,0.86,0.85,0.86,0.72,0.86,0.86,0.86,0.83,0.86,0.86,0.86,0.86,0.84,0.86,0.86,0.86,0.86,0.86,0.86,0.86,0.86,0.86,0.86,0.86,0.86,0.86,0.83,0.85,0.86,-1.09,0.86,0.86,0.85,0.86,-1.02,0.86,0.84,0.86,0.86,-1.07,0.86,0.85,0.86,0.71,0.86,0.86,0.86,0.86,0.86,0.86,0.86,0.84,0.86,0.85,0.86,0.86,0.85,0.86,0.83,0.85,0.86,0.86,0.86,-1.09,0.86,0.84,0.86,0.86,0.86,0.86,0.86,0.86,0.86,0.83,0.85,0.86,0.86,-1.0,0.86,0.85,0.86,0.86,0.86,-1.1,0.85,-1.06,0.84,0.85,-1.14,0.86,0.85,-1.12,0.85,0.86,0.86,0.86,0.86,0.71,0.86,0.86,0.84,0.82,-1.0,0.84,0.86,0.86,0.86,0.86,0.86,0.86,0.86,0.78,0.86,0.86,0.86,0.86,-1.09,0.86,0.85,0.86,0.86,0.86,0.86,0.86,0.86,0.86,0.86,0.86,0.86,0.86,0.72,0.85,0.86,0.86,0.86,0.86,0.84,-1.05,0.69,0.86,0.74,0.85,0.85,0.72,0.86,0.85,0.86,0.86,-1.04,0.71,0.84,0.86,0.85,0.84,0.85,0.86,0.82,0.86,0.86,0.86,0.86,0.84,0.86,0.84,0.86,0.86,-1.12,-1.14,0.86,0.86,0.86,0.86,-1.04,0.86,0.71,0.86,0.86,0.86,0.86,0.85,0.86,0.86,0.86,-1.04,0.86,0.86,0.86,0.86,0.86,0.86,0.82,0.85,0.86,0.86,0.86,0.86,0.86,0.86,0.84,0.86,0.86,0.85,0.86,0.86,0.86,0.86,0.86,0.86,0.86,0.86,0.86,0.86,0.86,0.86,-1.03,0.85,0.84,-1.07,0.86,0.86,0.86,-1.1,0.86,-1.1,0.86,0.86,0.86,0.85,0.86,0.86,0.86,0.86,-1.02,0.86,0.86,0.86,0.86,0.86,0.86,0.86,-1.03,0.82,0.86,0.86,-1.12,0.85,0.86,0.85,0.86,0.83,0.86,0.86,0.86,0.86,0.86,0.86,0.86,0.86,0.85,0.86,0.86,0.86,0.86,0.86,0.86,0.86,0.76,0.86,0.86,0.86,0.86,-1.08,0.84,0.86,0.86,0.86,0.85,0.85,0.86,0.86,0.86,-1.04,0.85,-1.02,0.86,0.84,0.85,0.84,0.86,0.86,0.86,0.86,0.86,0.86,0.86,0.86,0.86,0.86,0.82,0.86,0.86,0.85,0.86,0.86,0.86,0.85,0.86,0.86,0.86,0.86,0.86,0.81,0.86,0.86,0.86,0.86,-1.02,0.86,0.86,0.85,0.78,0.86,0.86,0.86,-1.03,0.86,0.86,0.86,0.86,0.86,0.86,0.85,0.84,0.86,-1.07,0.86,0.86,0.86,0.86,0.73,0.86,0.86,0.86,0.86,0.86,0.85,0.86,0.86,0.84,-1.06,0.86,0.86,0.86,0.86,0.86,0.86,0.86,0.86,0.86,0.84,0.86,0.86,0.83,-1.03,0.84,-1.07,0.72,0.86,0.86,0.86,0.86,0.86,0.71,0.86,0.86,0.86,0.86,0.86,0.86,0.85,0.85,-1.12,0.79,0.85,0.86,0.85,0.86,0.86,0.8,-1.02,0.86,0.84,0.82,0.85,-1.13,0.85,0.86,0.86,-1.1,0.86,0.81,0.86,0.85,0.7,0.86,0.86,0.86,0.86,0.86,0.85,0.85,0.85,0.84,0.86,0.86,0.86,0.86,0.86,0.86,-1.15,0.86,0.86,0.86,-1.0,0.86,0.86,0.86,0.86,0.86,0.86,-1.0,0.86,0.86,0.85,0.86,0.86,0.84,0.85,0.85,0.86,0.86,0.86,0.86,0.86,0.86,0.86,0.74,-1.03,0.86,0.86,0.85,0.86,0.86,0.86,0.86,0.84,0.86,0.86,0.86,0.86,0.85,-1.06,0.84,0.86,0.86,0.86,0.86,0.86,0.86,0.86,0.86,0.85,-1.1,0.86,0.85,0.86,0.86,0.86,0.83,-1.04,0.86,0.86,0.86,0.85,0.86,0.85,0.86,0.83,0.84,0.86,0.86,0.86,0.83,0.83,-1.11,0.86,0.86,0.86,0.85,0.86,0.86,0.86,0.85,0.86,0.86,0.86,0.7,0.86,0.86,0.86,0.86,0.84,-1.12,0.85,-1.13,0.86,0.86,0.85,-1.03,0.86,0.86,0.86,0.86,0.86,0.86,0.86,0.85,0.86,0.86,0.84,0.86,0.84,0.86,0.84,0.86,-1.09,0.86,0.86,0.86,0.86,0.86,0.85,0.86,0.85,0.86,0.86,0.83,0.86,0.86,0.86,0.86,0.86,0.86,0.72,0.86,0.84,0.86,0.86,0.86,0.86,0.86,0.86,0.86,0.85,0.86,0.86,0.85,0.86,0.85,0.86,0.85,-1.06,0.86,0.86,0.84,0.86,0.86,0.86,0.86,0.86,0.86,0.86,0.84,0.86,0.86,0.86,0.77,0.84,-1.11,0.86,-1.0,0.86,0.86,-1.03,0.86,0.85,0.86,0.86,0.86,0.86,-1.04,0.86,0.85,0.86,-1.07,0.86,0.85,0.85,-1.03,0.86,0.86,0.86,0.86,0.85,0.86,0.86,0.84,0.75,0.86,0.86,-1.1,0.86,0.86,0.84,0.86,0.86,0.84,0.85,0.86,0.86,0.86,0.86,0.86,0.73,0.86,0.85,0.86,0.86,0.86,0.86,0.86,0.86,0.86,0.86,0.86,0.84,0.84,0.86,0.85,0.86,0.86,0.86,0.85,0.86,0.82,0.86,0.86,0.86,-1.1,0.86,0.86,0.86,0.86,0.86,0.86,0.86,0.79,-1.08,-1.16,0.86,0.84,0.86,0.86,0.86,0.84,0.86,0.84,0.83,0.86,0.86,0.85,0.86,-1.11,0.86,0.85,0.85,0.84,0.86,0.86,0.86,0.86,0.86,0.86,0.86,0.86,0.86,0.86,0.86,0.86,0.86,0.86,0.84,0.85,0.86,0.86,0.86,-1.08,0.84,0.86,0.86,0.74,0.86,0.86,0.86,0.86,0.84,0.86,0.85,0.86,0.86,0.86,0.84,0.86,0.86,0.86,0.71,0.86,0.86,0.86,0.86,0.86,0.86,-1.02,0.86,0.86,0.86,0.86,0.86,0.86,0.86,0.86,0.86,0.86,0.86,0.85,0.86,0.86,0.86,0.86,0.86,0.86,0.86,0.86,0.86,0.85,0.86,0.86,0.86,0.84,0.85,0.86,0.86,0.84,0.77,0.85,0.86,0.86,0.85,0.86,-1.12,0.86,0.86,0.86,0.86,0.86,0.86,-1.02,-1.02,0.85,-1.06,0.83,-1.12,-1.1,0.84,0.84,0.85,0.86,0.86,0.86,0.86,0.86,0.86,0.86,-1.02,0.86,0.86,0.86,0.71,0.86,0.86,0.86,-1.03,0.86,0.85,0.86,0.86,0.86,0.86,0.85,0.86,0.86,0.85,0.86,0.86,0.86,0.84,0.86,0.86,0.86,0.86,0.84,0.86,0.77,0.85,0.86,0.78,0.85,0.86,0.8,0.86,0.86,0.86,0.86,-1.01,-1.05,0.85,0.75,0.85,0.85,0.86,0.86,0.86,0.86,-1.12,0.86,0.82,0.75,0.86,0.86,0.86,0.86,0.86,0.86,0.84,0.86,0.86,-1.0,0.85,0.86,0.86,0.86,0.86,0.86,0.78,0.86,0.86,0.8,0.86,0.86,0.86,0.86,0.86,0.84,0.86,0.86,0.86,0.86,0.86,0.85,0.84,0.85,0.71,0.86,0.85,0.86,0.86,0.85,0.86,0.86,0.86,0.86,0.77,0.86,0.86,0.86,0.86,0.86,0.86,0.86,0.86,0.86,0.86,-1.04,0.84,0.86,0.85,0.86,0.86,0.86,0.86,0.86,-1.05,0.86,0.86,0.86,-1.2,0.86,0.86,-1.11,0.85,0.86,0.86,0.86,0.86,0.86,0.86,0.86,0.86,0.86,0.86,0.86,-1.1,0.86,0.86,0.86,0.86,0.85,0.86,0.86,-1.0,-1.13,0.82,0.86,0.85,0.86,0.86,0.86,0.86,0.86,0.84,0.86,0.86,0.85,0.86,0.86,0.86,0.86,0.86,0.83,0.85,0.86,0.86,0.86,0.86,0.86,0.86,0.86,0.86,0.86,0.86,0.86,-1.03,0.86,0.85,0.85,0.86,0.86,0.85,0.86,0.86,0.86,0.86,0.84,0.85,0.86,-1.01,0.86,0.86,0.86,0.86,0.85,0.86,0.86,0.86,0.86,-1.09,0.86,0.86,0.84,0.86,0.86,0.7,0.86,0.86,0.86,0.86,0.86,0.86,0.86,0.86,0.86,0.86,0.83,0.86,0.86,0.86,0.86,0.86,-1.02,0.86,0.86,0.86,0.86,0.86,0.86,-1.08,0.86,0.84,0.83,0.86,0.85,0.86,0.86,0.85,0.86,0.86,0.86,0.85,0.86,0.85,0.69,0.85,0.86,0.86,0.86,0.86,0.85,0.85,0.86,0.86,0.86,0.86,0.84,0.86,0.86,-1.05,0.76,-1.05,0.84,0.84,0.85,0.85,0.86,0.86,0.86,0.86,0.86,0.85,0.84,0.84,0.86,0.84,0.86,0.86,0.83,0.86,0.84,0.85,-1.03,-1.01,0.85,0.86,0.86,0.85,0.84,0.86,0.86,0.86,0.86,0.84,0.86,0.86,0.86,0.85,0.86,0.86,0.86,0.86,0.86,0.86,0.86,0.86,0.86,0.86,0.86,0.86,0.86,0.86,0.86,0.86,0.86,0.86,0.86,0.86,0.86,0.86,-1.03,0.86,0.86,0.86,0.86,-1.02,0.86,0.86,0.73,0.86,0.85,0.86,0.86,-1.08,0.85,0.86,0.86,0.86,-1.0,0.86,0.86,0.84,0.86,0.86,0.86,0.86,0.86,0.86,0.86,0.85,0.86,0.86,0.86,0.86,0.86,0.86,0.84,-1.12,0.85,0.86,0.86,0.86,0.85,0.86,0.86,0.86,0.86,0.71,0.85,0.86,0.86,0.86,0.86,0.82,0.86,0.86,0.86,0.84,0.86,0.86,0.83,0.86,0.86,0.85,0.86,0.86,0.86,0.86,0.86,0.86,0.86,0.86,0.86,0.86,0.86,0.86,0.86,0.86,0.86,0.86,0.86,0.86,0.86,0.86,0.86,0.86,0.86,0.86,0.86,0.86,0.86,0.86,0.86,0.86,0.86,0.86,0.86,0.86,0.86,0.86,-1.09,0.82,0.86,0.86,0.85,0.86,0.86,0.86,0.72,0.86,0.86,0.86,0.86,0.86,0.86,0.86,0.86,0.86,0.73,0.86,0.86,0.84,0.86,-1.02,0.86,0.86,0.86,0.86,0.85,0.86,0.86,0.86,0.86,0.86,0.86,0.86,0.86,0.83,0.85,0.86,0.86,0.86,0.86,0.85,0.83,0.85,0.86,0.86,0.86,0.86,0.86,0.85,0.86,0.67,0.86,0.85,0.86,0.85,0.86,0.84,0.83,0.71,-1.03,0.86,0.86,0.86,-1.04,0.83,0.86,0.86,0.86,0.86,0.86,0.85,0.86,0.86,0.7,0.86,0.86,0.86,0.86,0.86,0.86,0.86,0.86,0.86,0.86,0.85,0.84,0.86,0.86,0.86,0.86,0.85,0.86,0.86,0.86,0.86,-1.12,0.86,0.86,0.86,0.86,0.86,0.84,0.86,0.86,0.75,0.86,0.86,0.86,0.86,0.86,0.77,-1.14,0.86,0.86,0.86,0.86,0.86,0.86,0.86,0.86,0.86,0.86,0.84,0.86,0.86,0.86,0.86,0.86,0.86,0.86,0.86,0.86,0.86,0.86,0.86,0.86,0.86,0.86,-1.1,0.86,0.86,0.85,0.86,0.8,0.86,0.86,0.86,0.86,0.86,0.85,-1.04,0.86,0.86,0.86,0.85,0.86,0.83,0.86,0.86,-1.0,0.86,0.86,0.85,0.86,0.86,0.86,0.86,0.86,0.86,0.73,0.86,0.86,0.86,0.86,0.86,0.86,-1.05,-1.12,0.85,0.84,0.86,0.86,0.86,0.86,0.86,0.86,0.86,0.86,0.86,0.86,0.86,0.86,0.85,0.84,0.86,-1.05,0.86,0.85,0.86,0.84,0.86,0.85,0.86,0.86,0.86,0.86,0.86,0.86,0.86,0.86,0.86,0.86,0.86,0.86,0.86,0.84,0.86,0.86,0.86,0.86,0.86,0.74,0.86,0.86,0.86,0.86,0.86,0.85,0.86,0.86,0.71,0.75,0.81,0.85,0.86,0.86,0.86,0.86,-1.06,-1.01,0.85,0.86,0.85,0.86,0.86,0.86,0.86,0.86,0.78,0.86,0.85,0.83,0.86,0.86,0.86,0.86,0.86,0.86,0.8,0.86,0.86,0.86,0.86,0.85,0.86,0.73,0.86,0.86,0.86,0.86,0.86,-1.11,0.84,0.85,0.85,0.86,0.86,0.86,0.86,0.86,0.86,0.86,0.78,0.86,0.86,0.85,0.86,-1.03,0.86,0.86,0.86,-1.02,0.85,0.86,0.86,-1.1,0.85,0.76,-1.02,0.84,0.85,0.85,-1.1,0.86,0.86,0.85,0.86,0.86,0.86,0.86,0.86,0.72,0.86,0.86,0.86,0.76,0.86,0.81,0.86,0.86,0.86,-1.08,0.86,0.84,0.86,0.85,0.86,0.85,0.86,0.86,0.77,0.86,0.86,0.85,-1.04,0.84,-1.11,0.86,0.85,0.86,0.86,0.86,0.86,0.86,0.86,0.86,0.86,0.78,-1.01,0.85,0.86,0.86,-1.12,0.86,0.85,0.86,0.86,0.86,0.84,0.85,0.86,-1.13,0.85,0.86,0.86,0.86,0.86,0.86,0.86,0.78,0.86,0.84
-1.04,0.75,-1.0,-1.13,0.84,-1.06,-1.05,-1.16,-1.06,0.84,0.65,-1.01,-1.04,-1.15,0.7,0.84,-1.05,-1.04,-1.03,0.8,-1.13,0.85,0.77,0.79,-1.28,0.84,0.76,0.79,0.82,0.84,0.78,0.84,0.74,0.84,0.84,0.6,0.83,0.82,0.84,0.83,-1.09,0.73,0.78,0.82,0.85,0.84,-1.07,0.78,-1.14,0.86,0.86,0.82,0.85,0.83,0.86,0.86,0.86,0.86,0.83,0.86,0.86,0.85,0.86,0.86,0.86,0.86,0.86,0.86,0.86,0.79,0.86,0.86,0.86,0.86,0.86,0.86,0.86,0.86,0.86,0.86,0.86,0.86,-1.12,0.86,0.84,0.86,0.86,0.86,0.86,0.85,-1.09,0.86,0.86,0.86,0.86,0.86,0.86,-1.11,0.86,0.86,0.86,0.83,0.86,0.86,0.86,0.86,0.86,0.86,0.86,0.86,0.86,0.84,0.86,0.86,-1.07,-1.12,0.86,0.86,0.86,-1.02,0.85,0.86,-1.02,0.86,0.86,0.86,0.86,0.85,0.86,0.86,0.82,0.86,0.86,0.86,0.86,0.84,0.86,0.86,0.86,0.86,0.86,0.86,0.86,0.86,-1.16,0.85,0.86,0.84,0.77,0.86,0.86,0.86,0.86,0.86,0.78,-1.13,-1.03,-1.09,0.86,0.86,0.86,0.86,0.85,0.86,0.86,0.85,-1.08,0.86,0.86,0.86,0.85,0.86,0.86,0.86,0.84,0.84,0.86,0.86,0.86,0.86,0.86,0.86,0.86,0.86,0.86,0.86,0.84,0.86,0.86,0.71,0.86,0.86,0.86,0.86,0.86,0.86,0.85,0.86,0.86,0.86,0.82,0.86,0.86,-1.12,0.86,0.85,0.86,0.86,0.86,0.86,0.86,0.86,0.86,0.86,0.86,0.86,0.86,0.86,0.86,0.86,0.86,0.86,0.86,0.84,0.86,0.86,0.84,0.85,0.86,0.86,0.86,0.86,0.86,0.85,-1.07,0.86,0.85,0.86,0.84,-1.01,0.78,0.86,0.85,0.86,0.85,0.86,0.86,0.71,0.86,0.78,0.86,0.86,0.86,0.86,0.86,0.86,0.83,0.86,0.86,-1.04,0.86,0.86,0.84,0.86,0.86,0.86,0.86,0.86,0.86,0.84,0.86,0.72,0.86,-1.11,0.84,0.86,0.72,0.86,-1.08,0.86,0.86,0.86,0.86,0.85,0.86,-1.14,0.86,0.86,0.86,0.71,0.86,0.86,0.86,0.86,0.85,-1.06,0.85,0.86,0.86,0.86,0.86,0.86,-1.12,0.86,0.85,0.86,0.86,0.86,0.85,0.86,0.86,0.86,0.86,0.86,0.86,0.86,0.86,0.79,0.86,0.86,0.86,0.86,0.86,0.86,0.86,0.86,0.86,0.84,0.7,0.86,0.86,0.86,0.86,0.86,0.85,0.86,-1.02,-1.04,0.86,0.86,0.83,0.86,0.86,-1.12,0.86,0.82,0.86,0.86,0.86,0.86,0.86,0.86,0.86,0.86,0.86,0.86,0.86,0.86,0.86,0.86,0.86,0.86,0.86,0.86,0.83,0.86,0.85,0.86,0.86,0.86,0.86,0.86,-1.01,0.85,0.86,0.86,0.86,0.86,-1.05,-1.01,0.86,0.86,0.86,0.86,0.86,0.86,0.85,0.85,0.86,0.86,-1.12,0.86,0.86,0.86,0.86,0.86,0.86,0.86,0.86,0.81,0.86,0.86,0.86,0.85,0.86,0.86,0.85,0.86,0.85,0.86,0.85,0.86,-1.14,0.83,0.72,0.86,0.86,0.85,0.84,0.86,0.86,0.86,0.86,0.86,0.86,0.84,0.8,0.86,0.86,0.86,0.86,0.86,0.84,0.86,0.71,0.85,0.86,0.86,0.86,0.86,0.86,0.86,0.86,0.8,0.86,0.86,0.85,-1.09,0.86,0.86,0.86,0.86,0.86,0.86,0.86,-1.03,0.73,0.86,0.86,0.85,0.85,0.86,0.86,0.86,0.74,0.86,0.86,0.86,-1.03,0.86,0.86,0.86,0.86,0.86,0.86,0.83,0.86,0.86,0.84,0.86,0.86,0.86,0.86,0.85,0.86,0.72,0.86,0.86,0.86,0.86,0.86,0.84,0.84,0.86,0.86,0.85,0.86,0.86,0.84,0.85,0.86,0.86,0.86,0.85,0.86,0.86,0.84,0.86,0.86,0.86,0.86,0.86,0.84,0.83,0.86,0.83,0.86,0.86,0.86,0.86,-1.07,0.86,0.86,-1.03,0.86,0.86,-1.08,0.86,0.86,0.86,0.86,0.86,0.86,0.86,-1.11,-1.04,0.86,0.86,0.86,0.86,-1.08,0.86,0.86,0.86,0.86,0.86,0.86,0.86,0.86,0.86,0.86,0.86,0.84,0.86,0.86,0.86,0.86,0.86,0.71,0.86,0.85,0.86,0.86,0.86,0.86,0.86,0.86,0.86,0.86,-1.01,0.86,0.86,0.86,0.86,0.85,0.86,0.83,0.86,0.86,0.86,0.84,0.86,0.86,0.86,-1.13,0.83,-1.03,0.86,0.86,0.86,0.86,0.86,0.83,0.85,0.86,0.86,0.86,0.86,0.85,0.85,-1.03,0.84,0.86,0.86,0.86,0.86,0.86,0.86,-1.06,0.86,0.86,0.86,0.86,0.83,0.82,0.86,0.86,0.79,0.86,0.86,0.86,0.86,0.86,0.86,0.86,0.86,0.86,0.86,0.86,0.86,-1.0,0.86,0.86,0.86,0.86,0.86,-1.12,0.86,0.86,0.83,0.86,0.86,0.86,0.86,0.86,-1.15,-1.22,0.84,0.86,0.85,0.83,0.86,0.86,0.86,0.86,0.76,0.86,0.86,0.86,0.86,0.86,0.86,0.86,0.86,0.86,0.86,-1.14,0.85,0.85,0.85,0.86,0.86,-1.09,0.86,0.8,0.86,-1.13,0.86,0.86,0.84,0.86,-1.12,0.86,0.86,0.86,0.86,0.86,0.86,0.86,0.86,0.86,0.86,0.86,0.86,0.86,0.86,0.86,0.86,0.84,-1.14,0.86,0.86,0.86,0.85,0.86,0.86,-1.03,0.86,0.83,0.86,0.86,0.84,0.84,0.84,0.86,0.86,0.86,0.84,0.86,-1.16,0.86,0.86,0.86,0.86,0.86,0.86,0.86,0.78,0.86,-1.09,0.86,0.86,0.86,0.85,0.86,0.86,0.85,-1.09,0.84,0.86,0.86,0.86,0.86,0.86,0.86,0.86,0.86,-1.02,0.86,0.84,0.86,0.86,0.85,0.86,0.86,0.86,0.86,0.86,0.86,0.86,0.85,0.86,0.85,0.86,0.86,0.86,-1.02,0.86,0.86,0.86,0.86,0.86,0.86,0.86,0.86,0.86,0.84,-1.08,0.86,0.86,0.84,0.86,0.81,0.86,0.86,0.86,0.86,0.86,0.86,0.85,0.86,0.86,0.86,0.86,0.86,0.73,0.86,0.86,0.84,0.86,0.86,-1.02,0.86,0.86,0.86,0.84,0.82,0.86,-1.11,0.86,0.84,0.86,0.86,0.86,0.86,0.86,0.86,0.86,0.86,0.86,0.73,0.85,0.86,0.86,0.86,0.86,0.86,0.82,0.86,0.86,0.86,0.86,0.86,0.86,0.86,0.86,0.86,0.86,0.86,0.85,0.75,0.86,0.83,0.86,0.86,0.86,-1.02,0.86,0.86,0.86,0.86,0.86,0.86,0.86,0.86,0.86,0.86,0.86,0.86,0.86,0.86,-1.02,0.86,0.86,0.86,0.86,0.84,0.86,0.86,0.86,0.86,0.85,0.86,0.84,0.86,0.86,0.85,0.86,0.86,0.84,0.86,-1.06,0.86,0.86,0.86,0.86,0.86,0.86,0.86,0.86,0.86,-1.04,0.85,0.86,0.86,0.86,0.86,0.86,0.86,0.86,0.86,0.86,0.86,0.86,0.86,0.86,0.86,0.86,0.84,0.86,0.86,0.86,0.86,0.86,0.86,0.84,0.86,0.86,0.79,0.86,0.86,0.86,0.85,-1.04,0.86,0.86,0.86,0.86,0.86,0.84,0.86,0.86,0.86,0.85,0.86,0.85,-1.02,0.85,0.86,0.86,0.86,0.86,0.86,0.85,0.86,0.86,0.69,0.78,0.86,0.86,0.86,0.86,0.85,0.86,0.86,0.86,0.86,0.86,-1.08,0.86,0.86,0.85,0.85,0.86,0.86,-1.03,0.86,-1.13,-1.03,-1.13,-1.1,0.84,0.86,0.86,0.86,0.86,0.86,0.86,0.86,0.86,0.86,0.86,0.86,0.86,0.86,0.83,0.86,0.85,0.84,0.86,0.86,0.86,0.86,0.86,-1.09,0.84,0.85,0.72,0.86,0.85,0.86,0.86,0.84,0.86,0.84,0.86,0.72,0.86,0.86,0.86,0.86,0.86,0.86,0.85,0.86,0.86,0.86,0.86,0.86,0.86,0.86,0.86,0.85,-1.06,0.86,0.86,0.86,0.85,0.86,0.86,0.84,0.86,0.86,0.86,0.86,0.86,0.86,0.86,0.86,0.86,-1.13,0.86,0.86,0.86,0.86,0.86,0.85,0.86,0.84,0.86,0.86,-1.06,0.86,0.86,0.86,0.84,0.86,0.86,0.86,0.86,0.86,0.85,0.81,-1.12,0.86,0.86,0.81,0.86,0.85,0.84,0.86,0.84,0.86,0.85,0.86,0.86,0.86,0.86,0.86,0.84,-1.02,0.83,0.86,0.86,0.86,0.86,0.86,0.85,0.86,0.85,0.86,0.86,0.86,0.84,0.86,0.86,0.86,-1.12,0.85,0.86,0.86,0.86,0.85,0.85,0.77,0.86,0.86,-1.13,0.86,-1.14,0.86,0.86,0.86,0.85,0.86,0.86,0.86,0.86,0.84,0.86,0.8,0.86,0.86,0.86,0.86,0.86,0.86,0.86,0.84,0.86,0.86,0.86,0.86,0.86,0.84,0.86,0.86,0.86,0.86,0.86,0.86,0.86,0.86,0.86,0.86,0.86,0.86,0.86,0.86,0.86,0.86,0.86,0.86,0.86,0.86,0.86,0.85,0.86,0.86,0.86,0.86,0.86,0.86,0.86,0.86,0.85,0.86,0.86,0.84,0.86,0.86,0.86,-1.05,0.86,0.86,0.86,0.86,-1.07,0.84,0.85,0.86,0.85,0.86,0.84,0.85,-1.07,0.85,0.86,0.86,0.86,0.86,-1.09,0.86,0.85,0.85,0.86,0.82,0.86,0.85,0.85,0.86,0.85,0.86,0.86,0.85,0.85,0.86,0.86,0.86,0.86,0.86,0.86,0.86,0.86,0.85,0.86,0.86,0.85,0.86,0.85,0.86,0.86,0.85,0.86,0.86,0.86,0.71,0.86,0.86,0.86,0.86,0.86,0.86,0.86,0.86,0.85,0.86,0.86,0.8,0.86,0.86,0.86,0.86,0.86,0.86,0.86,0.86,0.86,0.86,0.84,0.86,0.86,0.86,0.86,0.86,0.86,0.85,0.86,0.86,0.85,0.83,0.86,0.86,0.86,0.86,0.85,0.85,0.86,0.86,0.86,0.86,0.72,0.86,0.86,0.86,0.84,0.86,-1.06,0.84,0.86,0.85,0.86,0.86,0.84,0.84,-1.12,0.7,0.84,0.86,0.86,0.86,0.86,0.86,0.86,0.86,0.85,0.86,0.85,0.86,0.84,0.86,-1.15,0.84,0.86,0.86,0.86,0.86,0.76,0.85,0.86,0.86,0.86,0.84,-1.03,0.86,-1.12,0.85,-1.05,0.86,0.86,0.86,0.86,0.86,0.86,0.86,0.86,0.86,0.86,0.84,0.72,0.86,0.86,0.86,0.86,0.86,0.86,0.86,-1.02,0.86,0.85,0.86,0.86,-1.05,0.85,0.86,0.86,0.86,0.86,0.86,0.85,0.86,-1.09,0.86,0.86,0.86,0.83,0.86,0.86,-1.13,0.85,0.86,0.86,0.86,-1.06,0.85,0.86,0.86,0.86,0.86,0.86,0.86,0.86,0.85,0.84,0.86,0.86,0.86,0.86,0.86,0.86,0.86,0.86,0.86,0.86,0.86,0.86,-1.07,0.86,0.86,0.85,0.86,0.85,0.86,0.86,0.78,0.86,0.77,-1.05,0.86,0.86,0.86,0.86,0.86,0.86,-1.03,0.86,0.85,0.86,0.85,0.86,0.86,-1.03,0.86,0.86,0.86,0.86,0.77,0.86,0.86,0.86,0.86,0.86,0.86,0.75,-1.13,0.86,0.78,0.86,0.86,-1.13,0.86,0.86,0.86,0.86,0.86,0.86,0.84,0.86,0.86,0.83,0.82,0.86,0.86,0.86,0.85,0.86,0.86,0.85,0.81,0.86,0.68,0.86,0.86,0.86,0.86,0.81,-1.0,0.86,0.86,0.86,0.86,0.86,0.86,0.86,0.86,0.81,0.83,0.86,0.84,0.86,0.86,0.86,0.86,0.86,0.86,0.86,0.86,0.86,0.86,0.84,0.85,0.86,-1.02,0.85,0.78,0.86,0.86,0.86,0.86,0.84,0.86,0.86,0.85,0.86,0.86,0.8,0.86,0.84,0.86,0.86,0.86,0.85,0.86,0.85,0.86,-1.1,0.83,0.85,0.86,0.86,0.86,0.86,0.86,0.86,0.86,0.86,0.86,0.86,0.86,0.86,0.86,0.86,0.86,0.86,0.86,0.86,0.86,0.86,0.86,0.83,0.86,-1.04,0.85,0.86,0.86,-1.06,0.85,0.86,0.86,-1.01,0.84,0.82,0.86,0.86,0.86,0.86,-1.09,0.86,0.86,0.86,0.86,0.86,0.86,0.78,0.86,0.86,0.86,0.85,0.86,0.86,-1.09,0.82,0.85,0.86,0.86,0.86,-1.13,0.83,0.86,-1.11,0.85,0.86,0.86,0.85,0.76,0.86,0.86,0.85,0.85,0.86,0.86,0.86,0.86,0.86,0.86,-1.14,0.85,0.86,0.86,0.86,0.86,0.74,0.86,0.86,0.86,0.86,0.86,0.86,0.86,0.86,0.86,0.86,0.86,0.86,0.85,0.86,0.86,0.86,0.86,0.86,0.85,0.86,0.86,0.86,0.86,0.83,0.86,0.86,0.86,0.85,0.82,0.86,0.85,0.86,0.7,0.85,0.86,0.86,0.86,0.85,0.86,0.84,0.86,0.86,0.86,-1.07,0.86,0.86,0.86,0.86,0.86,0.86,0.69,0.86,0.85,0.86,0.86,-1.05,0.86,0.86,0.86,0.86,-1.1,0.86,0.86,0.86,0.86,0.86,0.81,0.85,0.86,0.86,0.86,0.86,0.86,0.85,0.86,0.86,0.86,0.86,0.85,0.86,0.86,0.86,0.86,0.86,0.86,-1.05,0.86,-1.01,0.85,-1.14,0.86,0.85,0.86,0.86,0.86,0.86,0.85,0.86,0.86,0.86,0.86,0.86,-1.02,0.85,0.84,0.86,0.86,0.86,0.86,0.86,0.84,0.86,0.86,0.86,0.86,0.84,0.86,0.86,0.86,0.86,0.86,-1.03,0.86,0.86,0.86,0.86,0.86,0.83,0.86,0.86,0.86,0.86,0.83,0.86,0.86,0.85,0.86,0.86,0.75,0.86,0.86,0.86,0.85,0.85,0.86,0.85,0.85,0.86,0.85,0.86,0.86,0.86,0.86,0.86,0.86,0.84,0.84,0.84,-1.11,0.84,-1.11,0.86,0.86,0.86,0.86,0.84,0.86,0.86,0.84,0.86,0.86,0.86,0.84,0.86,0.86,0.86,0.86,0.86,0.85,0.86,0.86,0.84,0.86,0.86,-1.05,0.84,0.86,0.86,0.86,0.86,0.86,0.86,0.86,0.86,0.86,0.86,0.85,0.83,0.86,0.85,0.85,0.86,0.86,0.86,0.86,0.86,0.85,0.84,0.86,0.86,0.86,-1.09,0.83,0.86,0.86,0.86,0.86,0.86,0.86,0.86,-1.12,0.85,0.86,0.86,0.84,0.86,-1.04,-1.05,0.86,0.86,0.86,0.86,0.86,0.86,0.86,0.86,0.86,-1.02,0.85,0.83,0.86,0.83,0.86,0.85,0.86,0.86,0.86,0.86,0.86,0.86,0.86,0.86,-1.11,0.86,0.86,0.86,0.86,0.85,0.86,-1.07,0.86,0.83,0.86,0.86,0.86,0.81,0.86,0.86,0.86,0.86,0.86,0.69,0.86,0.86,0.86,0.86,0.86,0.86,0.86,0.86,0.85,0.86,0.86,0.86,0.85,-1.14,0.86,0.86,0.85,0.81,0.86,0.85,0.85,0.78,0.85,0.86,0.86,0.71,0.86,0.86,-1.13,0.83,0.85,-1.06,0.84,0.82,0.86,0.86,0.85,0.86,0.86,0.85,0.86,0.86,0.85,0.86,0.86,0.86,0.86,0.65,0.86,0.86,0.86,0.86,0.57,-1.09,-1.01,0.86,0.83,0.84,0.86,0.84,0.86,0.86,0.86,0.86,0.86,0.86,0.86,0.86,0.86,0.82,0.86,0.86,0.86,0.86,0.85,0.84,0.86,0.86,-1.04,0.84,0.86,0.86,0.86,0.86,0.86,0.86,0.86,0.85,0.85,-1.1,0.86,0.86,0.86,0.86,0.86,0.86,0.86,0.86,0.86,0.86,0.86,-1.03,0.85,0.86,0.86,0.86,0.86,0.85,0.85,0.86,0.86,0.85,0.85,0.85,0.86,0.86,0.86,0.86,0.86,0.83,0.85,0.85,0.86,0.86,0.85,0.86,-1.06,0.86,0.86,0.86,0.86,0.85,0.85,0.86,0.85,0.86,0.86,0.86,0.86,0.86,0.86,0.85,0.86,0.85,0.86,0.86,0.86,0.86,-1.07,0.83,0.86,0.86,0.86,0.86,0.86,0.86,0.86,0.86,0.86,0.86,0.85,0.86,0.86,0.85,0.86,0.86,-1.02,0.85,0.86,0.76,0.86,0.84,0.85,0.86,0.85,0.84,0.84,-1.14,0.85,0.86,0.86,-1.18,0.86,0.86,0.84,0.86,0.84,0.86,0.86,0.86,0.86,0.86,-1.07,0.85,0.86,0.86,0.86,0.86,-1.13,0.86,0.86,0.86,0.86,0.86,0.86,0.85,0.84,0.86,0.84,0.86,0.86,0.86,0.85,0.86,0.86,0.86,0.72,0.85,0.86,0.86,0.86,0.86,0.86,-1.02,0.86,0.86,0.86,0.86,0.86,0.86,-1.07,0.71,0.86,0.7,0.85,0.86,0.86,0.85,0.86,0.86,0.85,0.86,0.86,0.86,0.85,0.86,0.86,0.86,0.86,0.84,0.86,0.86,0.86,0.86,0.86,0.86,0.86,0.86,0.86,0.86,0.86,0.86,0.86,0.86,0.84,0.85,0.86,0.84,0.84,0.86,0.86,0.85,0.86,0.85,0.86,0.85,0.86,0.86,0.81,0.86,0.85,0.86,0.85,0.86,0.86,0.86,0.86,0.85,0.86,0.83,0.86,0.85,0.86,0.86,0.86,0.86,0.86,0.86,0.85,0.86,0.86,0.86,0.86,0.85,0.86,0.86,-1.12,0.76,0.86,-1.09,0.85,0.84,0.86,0.83,0.84,0.83,0.85,0.86,0.84,0.86,0.78,0.84,0.86,0.86,0.86,0.86,0.8,0.86,-1.02,0.84,0.86,0.85,0.85,0.86,0.84,0.85,0.86,-1.05,0.85,0.86,0.85,0.84,0.86,0.86,0.86,0.86,0.86,0.86,0.86,0.86,0.85,0.85,0.86,0.86,0.86,0.86,0.86,0.86,0.86,0.86,0.86,0.86,0.86,0.86,0.86,0.82,0.84,0.86,0.86,0.85,0.86,0.85,0.77,0.86,0.82,0.86,0.86,0.86,0.86,0.86,0.85,0.86,0.86,0.86,0.86,0.86,0.86,-1.05,0.85,0.86,0.86,0.86,0.71,0.86,-1.13,-1.11,0.86,-1.08,0.86,0.86,-1.13,0.86,0.86,0.86,0.86,0.86,0.86,0.78,0.86,0.86,0.86,0.86,0.86,0.86,0.86,0.84,-1.05,0.84,0.84,0.83,0.86,0.86,0.86,0.86,0.86,0.86,0.86,-1.03,0.86,0.86,0.85,0.85,0.85,0.84,0.86,0.86,0.86,0.83,0.86,0.85,0.86,0.86,0.86,0.86,0.86,-1.0,0.86,0.86,0.86,0.85,0.86,-1.12,0.86,0.84,0.85,0.86,-1.03,0.86,0.86,0.86,0.86,0.85,0.85,0.71,0.72,0.86,0.86,0.86,0.86,0.86,0.85,0.86,0.83,0.84,0.86,0.86,0.86,0.83,0.84,0.86,0.84,0.86,0.86,0.86,0.86,0.86,0.86,0.86,0.86,0.84,0.72,0.84,0.85,-1.13,-1.07,0.86,0.83,0.86,0.84,0.86,0.86,0.86,0.86,0.86,0.86,0.72,0.85,0.84,0.84,0.86,0.85,0.86,0.86,0.86,0.86,0.86,0.86,0.86,0.86,0.86,0.86,0.86,0.86,0.86,0.83,0.59,0.86,0.86,0.85,0.86,0.84,0.86,0.86,0.86,0.86,0.86,0.85,0.86,0.86,0.86,0.86,0.86,0.85,0.86,0.86,0.85,0.84,0.86,0.85,0.86,-1.05,0.85,0.86,0.86,0.85,0.86,0.77,0.86,0.86,0.86,0.86,0.72,0.86,0.85,0.85,0.86,0.86,0.86,0.86,0.85,0.85,0.86,0.86,0.86,0.84,0.86,0.86,0.86,0.86,0.84,0.86,0.85,0.86,0.85,0.86,0.86,0.86,0.86,0.86,0.86,0.86,0.85,-1.03,0.86,0.86,0.85,0.84,0.86,0.86,0.84,0.86,0.86,0.72,0.86,0.86,0.79,-1.0,0.84,-1.13,0.86,0.86,0.86,0.86,0.86,0.83,0.83,0.84,0.86,-1.05,0.76,0.85,0.86,0.86,0.86,0.86,0.86,0.86,0.86,0.86,0.86,0.86,0.86,0.86,0.86,0.84,0.85,0.85,0.86,0.86,0.86,0.86,0.86,0.86,0.86,0.84,0.86,0.86,-1.05,0.86,0.86,0.86,0.86,0.86,0.84,0.86,0.86,0.86,0.86,0.86,0.81,0.86,0.86,0.86,0.86,0.86,0.86,0.86,0.86,0.86,0.86,0.86,0.86,0.86,0.86,0.86,0.86,0.86,0.85,0.86,0.86,0.86,-1.02,0.86,0.86,0.86,0.84,0.86,0.85,0.84,0.78,0.85,0.86,0.86,0.86,0.85,0.86,0.84,0.84,0.86,0.86,0.86,0.86,0.86,0.84,0.83,0.84,-1.0,0.75,-1.07,0.85,0.85,0.86,0.86,0.86,0.86,0.76,0.84,0.82,0.86,0.86,0.86,0.86,0.86,0.86,0.86,0.86,0.86,0.86,0.86,0.74,0.86,0.86,0.86,0.86,0.85,0.86,-1.04,0.86,0.86,0.86,0.86,0.86,0.86,0.86,0.86,0.84,0.86,0.86,0.84,0.86,0.86,0.86,0.86,0.86,0.86,0.84,0.86,0.86,0.86,0.85,0.86,0.86,0.86,0.86,0.86,0.86,-1.05,0.85,-1.09,0.86,0.86,0.86,0.86,-1.12,0.86,0.86,0.86,0.86,0.86,0.86,0.86,0.86,0.86,0.86,0.85,0.86,0.86,0.86,0.86,0.86,0.86,0.86,0.86,-1.12,0.85,0.86,0.83,0.86,0.86,0.83,0.86,0.86,0.84,0.86,0.85,0.86,0.86,0.86,0.84,0.85,0.86,0.86,0.86,0.86,0.86,0.86,0.86,0.86,0.86,0.86,0.86,0.86,0.86,0.85,0.86,-1.02,0.86,0.81,0.86,0.86,0.86,0.83,0.86,0.86,0.85,0.86,0.86,0.86,0.84,0.84,0.86,0.86,0.85,0.84,0.86,0.86,0.72,0.86,0.86,0.86,-1.11,0.84,-1.02,0.85,0.86,0.86,0.86,0.86,0.86,0.86,0.86,0.84,0.85,0.75,0.86,0.86,0.8,0.86,0.86,0.86,0.86,0.86,0.85,0.86,0.86,0.86,0.86,0.85,0.86,0.86,0.86,0.86,0.86,0.86,0.86,0.86,0.86,0.86,0.86,0.86,0.86,0.85,0.86,0.86,0.86,-1.05,0.86,0.84,0.86,0.86,0.86,0.85,-1.06,0.86,0.86,0.86,0.85,0.86,0.85,0.86,0.86,0.86,-1.03,0.86,0.86,0.86,0.85,0.86,0.86,0.86,0.86,0.86,0.86,0.85,0.86,0.86,0.86,0.86,0.86,0.86,0.86,0.86,0.86,0.86,0.86,0.85,0.86,0.84,0.86,0.86,0.86,0.86,0.86,0.86,0.86,0.86,0.86,0.86,0.86,0.86,0.86,0.85,0.86,0.86,0.86,0.86,0.86,0.86,0.86,0.86,0.86,0.71,0.86,0.86,0.86,0.86,0.86,0.86,0.86,0.86,0.86,0.86,0.86,-1.14,-1.05,0.84,0.86,0.86,0.86,0.86,0.86,-1.03,0.85,-1.03,0.86,-1.03,0.86,0.86,0.85,0.86,0.86,0.85,0.86,0.86,0.86,0.84,0.86,0.86,0.86,0.86,0.86,0.86,0.86,0.84,0.86,0.86,0.86,0.86,0.84,0.86,0.86,0.85,0.86,0.86,0.86,0.84,0.86,0.86,0.86,-1.03,-1.14,0.85,0.85,0.85,0.86,0.86,0.86,0.86,0.86,0.86,0.84,0.86,0.86,0.85,0.86,0.72,0.86,0.86,0.86,0.86,0.86,0.85,0.86,0.86,0.86,0.86,0.86,0.86,0.84,0.86,0.85,0.86,0.86,0.86,0.86,0.83,0.86,0.86,0.86,0.86,0.86,0.86,0.85,0.86,0.86,0.86,0.86,0.86,0.86,0.86,0.86,0.86,0.84,0.86,0.86,-1.01,0.86,0.86,0.86,0.86,0.86,0.86,0.86,0.86,-1.0,0.85,0.86,0.86,0.86,0.77,0.86,0.85,0.86,0.86,0.86,0.86,0.86,0.85,0.86,0.86,0.86,0.86,0.86,0.86,0.86,0.86,0.86,0.75,-1.13,0.86,0.86,0.86,0.86,0.86,0.86,-1.13,0.86,0.86,0.86,-1.13,-1.2,0.86,0.82,0.86,0.86,0.86,-1.08,0.85,0.84,0.86,0.71,-1.08,0.86,0.78,0.86,-1.09
-1.02,-1.26,-1.09,-1.15,-1.21,-1.19,-1.05,-1.0,-1.27,-1.14,0.72,-1.03,-1.26,-1.08,0.82,0.76,-1.16,0.73,-1.14,0.74,-1.08,-1.11,-1.09,0.86,0.85,0.75,0.84,-1.02,0.8,0.84,0.81,0.84,0.8,0.65,0.84,0.84,0.81,0.84,0.84,0.84,-1.01,0.81,0.82,0.84,-1.15,0.85,0.86,0.51,0.86,-1.06,-1.0,0.82,0.86,0.86,0.86,0.84,0.86,0.86,0.85,-1.08,0.86,0.86,0.86,0.85,0.84,0.86,0.86,0.86,0.86,0.86,0.86,0.86,0.86,0.84,0.86,0.86,0.86,0.86,0.86,0.86,0.86,0.86,0.86,0.86,0.86,0.86,0.86,0.78,0.86,0.86,0.85,0.85,0.86,0.85,0.86,0.86,0.86,0.86,0.86,0.84,0.86,0.86,0.82,0.86,0.86,0.86,0.85,0.86,0.86,-1.03,0.86,0.85,0.86,0.85,0.86,0.84,0.85,0.86,0.86,0.86,0.86,0.86,0.85,0.86,0.86,0.83,0.86,0.86,-1.18,0.86,0.86,0.85,0.75,0.86,-1.2,0.86,0.86,0.86,0.86,0.86,-1.07,0.86,0.86,0.86,0.86,-1.08,0.86,0.86,0.86,-1.11,0.84,0.86,0.85,0.86,0.86,0.86,0.85,0.86,0.86,0.86,0.86,0.84,0.85,0.86,0.86,0.86,-1.05,0.86,0.86,0.86,0.86,0.86,0.86,0.86,0.86,0.86,0.86,0.86,0.86,0.86,0.86,0.86,0.86,0.86,0.86,0.86,0.83,0.85,0.86,0.86,0.86,0.85,0.86,0.86,0.86,0.86,0.86,0.83,0.86,0.86,0.86,0.86,0.86,0.86,0.86,0.86,-1.13,0.86,0.86,-1.05,0.83,0.86,0.86,0.86,0.86,0.86,0.86,0.86,0.86,0.86,0.74,0.86,0.86,0.85,0.86,-1.1,0.86,0.86,-1.09,0.86,0.86,0.86,0.86,0.86,0.78,0.86,0.86,0.86,0.86,0.86,0.86,0.86,0.78,0.86,0.86,0.86,0.86,0.84,0.86,0.86,0.86,0.86,0.86,-1.0,0.86,0.86,0.86,0.84,0.86,0.82,0.84,0.86,0.86,0.86,0.86,0.85,0.85,0.86,0.84,0.73,0.86,0.86,0.86,-1.12,0.86,0.86,0.86,0.86,0.86,0.86,0.86,0.84,0.86,0.75,0.84,0.85,0.86,0.86,0.86,0.86,0.86,0.86,0.86,0.86,0.86,0.85,0.84,0.86,0.86,0.86,0.86,0.86,0.77,0.86,-1.14,0.86,0.86,0.86,0.86,0.86,0.86,0.86,0.86,0.86,0.86,0.86,-1.09,0.86,0.86,0.86,0.86,-1.03,0.84,0.81,0.86,0.86,0.86,0.86,0.86,0.86,0.86,0.85,0.85,0.86,0.86,0.86,0.86,0.86,0.86,0.83,0.86,0.86,0.7,0.85,0.86,0.84,0.82,0.86,0.86,0.86,0.86,-1.32,0.86,0.86,0.86,0.86,0.86,0.86,0.86,0.86,0.86,0.86,0.86,0.86,0.86,0.86,-1.14,0.84,0.84,0.85,0.83,0.86,0.86,0.86,0.86,0.86,0.86,0.86,0.86,0.85,-1.03,0.85,0.86,-1.03,0.77,0.86,0.86,0.86,0.86,0.86,0.86,0.86,0.84,0.86,0.86,0.86,0.86,0.85,0.86,0.84,0.86,0.86,0.86,0.86,0.86,0.86,0.86,0.84,0.86,0.86,-1.02,0.86,0.86,0.86,0.84,0.86,0.86,0.86,0.86,0.86,0.85,0.86,0.85,0.85,0.74,0.86,-1.03,0.86,0.84,0.86,0.86,0.86,0.85,0.86,0.86,0.85,0.86,0.86,0.78,0.86,0.84,0.86,0.86,0.86,0.86,-1.13,0.86,0.84,0.86,0.86,0.86,0.85,0.86,0.86,0.86,-1.08,0.86,0.86,0.86,0.86,0.86,0.86,0.86,0.84,0.81,0.86,0.86,0.86,0.86,0.86,0.85,0.72,-1.15,0.86,0.71,0.86,0.85,0.86,0.85,0.86,0.86,0.86,0.86,0.84,-1.02,0.86,0.86,0.85,0.86,0.86,0.86,0.86,0.86,0.86,0.86,0.85,-1.11,0.84,0.86,0.84,-1.03,0.86,0.85,0.86,0.86,0.86,0.86,0.86,0.85,0.86,0.86,0.86,0.84,0.86,0.86,0.86,0.86,0.86,0.85,0.86,0.86,0.86,-1.11,0.86,0.86,0.86,-1.09,0.85,0.86,0.86,-1.08,0.85,0.86,0.84,0.85,0.86,0.86,0.86,0.84,0.73,0.86,0.86,0.86,0.86,0.86,-1.1,0.84,0.86,0.78,-1.03,0.86,0.86,0.86,0.72,0.73,0.86,-1.12,-1.13,0.85,0.85,0.86,0.86,0.86,0.86,0.86,0.86,0.83,0.86,0.85,0.69,0.86,0.86,0.86,0.86,0.86,0.86,0.86,0.86,0.72,0.86,-1.11,0.86,0.86,0.83,0.86,0.85,0.86,0.86,0.86,0.86,0.86,0.83,0.86,0.86,-1.02,0.86,0.86,0.86,0.86,0.85,0.86,0.85,0.85,0.86,0.86,0.86,0.86,0.85,0.86,0.86,0.86,-1.11,0.86,0.86,0.86,0.86,0.86,0.86,0.86,0.86,0.86,-1.02,0.86,0.85,0.86,0.85,0.86,0.86,0.86,-1.13,0.86,-1.02,0.86,0.86,0.86,0.86,-1.04,0.86,0.86,0.84,0.86,0.86,0.86,0.86,0.85,0.86,0.86,-1.12,0.86,0.86,0.86,0.86,0.86,0.86,0.86,-1.12,-1.11,0.86,0.86,0.84,0.86,0.85,0.77,0.85,0.86,0.86,0.86,0.86,0.86,0.84,0.83,0.86,0.86,0.86,0.86,0.86,0.86,0.86,0.83,0.86,-1.12,0.86,0.73,0.81,0.86,0.85,0.86,0.86,0.86,0.72,0.86,0.86,0.86,0.86,0.86,0.86,0.86,0.86,0.84,0.86,0.86,0.85,0.86,0.86,0.86,0.85,0.86,0.86,0.86,0.85,-1.06,0.86,0.55,0.86,0.86,0.86,0.86,0.86,0.86,0.86,-1.03,0.86,0.85,0.86,0.84,0.86,0.86,0.86,0.85,0.86,0.85,0.86,0.86,0.86,0.86,0.86,0.86,0.86,0.83,0.86,0.86,0.86,-1.11,0.86,0.86,0.84,0.83,0.86,0.86,0.85,0.86,0.86,0.86,-1.26,0.86,0.86,0.86,0.86,0.86,0.85,0.86,0.86,0.86,0.86,0.86,0.86,0.84,0.85,0.85,0.86,0.86,0.86,0.86,-1.14,0.85,0.86,0.86,-1.06,0.86,0.86,-1.13,0.86,0.86,0.86,0.86,0.76,0.84,0.86,0.86,0.86,0.86,-1.1,0.86,0.86,0.86,0.86,0.73,0.86,0.84,0.86,-1.03,0.86,0.85,0.85,0.86,0.86,0.86,0.86,0.86,0.86,0.83,0.86,0.86,0.86,0.86,0.86,0.86,0.86,0.86,0.86,0.85,0.86,0.86,0.86,0.86,0.82,0.79,-1.03,0.86,0.86,0.86,0.84,0.85,0.86,0.84,-1.02,0.86,0.84,0.86,0.86,0.86,0.86,0.85,0.81,0.86,0.86,0.86,0.86,-1.01,0.86,0.86,0.86,0.85,0.86,0.86,0.86,0.86,0.85,-1.1,0.85,0.86,0.86,0.86,0.86,0.85,0.86,0.85,0.86,0.86,0.86,0.86,0.86,0.86,0.86,0.86,0.86,0.86,0.86,0.86,0.86,0.86,0.86,0.86,0.86,0.86,0.86,0.86,0.86,0.86,0.86,-1.1,0.86,0.86,0.86,0.86,0.85,0.86,0.86,-1.12,0.86,0.86,0.86,0.86,0.86,0.72,0.86,0.86,0.85,0.85,0.86,0.86,0.86,0.86,0.86,0.86,0.86,0.86,0.85,-1.08,-1.11,0.86,0.86,0.86,0.86,0.86,0.86,0.86,0.86,0.86,0.85,0.86,0.86,0.86,0.84,0.86,0.86,0.86,0.86,0.86,0.86,0.86,0.86,0.86,0.86,0.86,0.71,0.84,0.85,0.86,0.86,0.86,0.86,0.86,-1.12,0.86,0.86,-1.14,0.85,0.85,0.84,0.86,-1.13,-1.06,0.85,0.86,0.86,0.86,0.86,0.75,0.85,0.86,0.86,0.86,0.86,0.86,-1.03,0.86,0.86,0.86,0.84,0.86,0.86,0.86,0.86,0.86,0.86,0.84,0.86,0.86,0.86,0.83,0.84,0.86,0.86,0.72,0.86,0.86,0.86,0.86,0.84,0.86,0.86,0.86,0.86,0.86,0.86,0.86,-1.19,0.86,0.86,0.86,0.86,0.86,0.86,-1.12,0.86,0.86,0.86,0.85,0.86,0.86,0.86,0.86,0.86,0.86,0.86,0.8,0.86,0.86,-1.13,0.86,0.86,0.86,0.73,0.86,0.86,0.86,0.86,0.83,0.86,0.86,0.82,0.86,0.83,-1.03,0.86,0.84,0.86,0.86,0.86,0.86,0.86,0.86,-1.12,0.86,0.86,0.86,0.86,0.85,0.86,0.86,0.86,0.86,0.86,0.85,0.86,0.86,0.84,0.86,0.86,0.84,0.85,0.86,0.84,0.86,0.84,0.85,0.86,0.7,0.86,0.82,0.86,0.86,0.86,0.86,0.86,0.84,0.86,0.76,0.86,0.86,0.86,0.86,-1.13,0.75,0.86,0.86,0.86,0.86,0.86,0.86,0.86,0.86,0.86,0.86,0.84,0.86,0.86,0.86,0.86,0.86,0.84,0.86,0.86,0.86,0.86,0.86,-1.08,0.86,0.86,0.86,0.85,0.85,0.86,0.85,0.86,0.86,0.86,-1.01,0.86,-1.0,0.86,0.86,0.86,0.86,0.86,0.86,0.86,0.86,0.86,0.86,0.86,0.86,0.86,-1.1,0.86,0.86,0.86,-1.06,0.84,0.85,0.86,0.82,0.85,0.86,0.86,0.85,0.86,0.86,0.57,0.86,0.86,0.86,-1.02,0.85,0.85,-1.02,0.85,0.86,0.86,0.86,0.84,0.85,0.86,0.85,0.86,0.86,0.86,0.86,0.86,0.86,0.86,0.84,0.86,0.86,0.86,0.86,0.86,-1.1,0.83,0.86,0.86,0.86,0.86,0.86,0.86,0.86,0.86,0.86,0.86,0.86,0.86,-1.13,0.86,0.86,0.86,0.85,0.85,-1.0,0.86,0.86,0.86,0.86,0.83,0.86,-1.09,0.86,0.86,0.72,0.86,0.86,0.84,0.86,0.84,0.84,0.86,0.86,0.85,0.86,0.85,0.86,0.84,0.85,0.86,0.86,0.86,0.86,-1.02,0.83,0.86,0.86,0.86,0.86,0.86,0.86,0.86,0.86,0.86,0.86,0.86,0.86,0.86,0.86,-1.14,0.86,0.86,0.86,0.84,0.86,0.85,0.86,0.86,0.86,0.86,0.7,0.86,0.86,0.86,0.86,0.86,0.86,0.86,0.86,0.86,0.86,0.86,0.86,0.86,0.86,0.85,-1.07,0.86,0.86,0.86,0.86,0.86,0.85,0.81,0.86,0.86,0.86,0.86,0.86,0.83,0.86,0.86,0.86,0.86,0.83,0.86,0.86,0.86,0.84,0.85,0.86,0.86,0.86,0.86,0.85,0.86,0.86,0.86,0.86,-1.03,0.86,0.86,0.86,0.86,0.86,0.86,0.86,-1.13,0.86,0.86,0.76,0.86,0.86,0.86,0.86,0.75,0.86,0.84,0.86,0.86,-1.03,0.86,0.83,0.85,0.86,0.86,0.84,0.86,0.86,0.86,0.86,0.86,0.86,0.85,0.86,0.86,0.8,0.71,0.84,0.86,0.86,0.86,0.85,0.86,0.86,0.86,-1.03,0.83,0.86,-1.14,0.85,0.86,0.86,0.86,0.86,-1.11,0.86,0.86,0.86,0.83,0.86,0.85,0.86,0.86,0.86,-1.17,0.84,0.85,0.86,0.86,0.86,0.84,0.85,0.85,0.86,0.86,-1.05,0.83,0.85,0.86,0.84,0.86,0.86,0.77,0.85,0.86,0.86,0.86,0.86,0.86,0.83,0.86,0.86,0.86,0.85,0.86,0.86,0.86,0.86,0.86,0.85,0.86,0.85,0.84,0.86,0.86,0.86,0.86,-1.13,0.86,0.85,-1.12,0.86,0.86,0.85,-1.01,0.72,-1.04,0.85,0.85,0.84,0.86,0.86,0.85,0.86,0.86,0.85,0.86,0.71,0.86,0.86,0.86,0.86,0.86,0.86,0.84,0.86,0.85,0.86,0.86,0.86,0.86,0.86,0.86,0.85,0.85,0.86,0.85,0.86,-1.02,0.86,0.85,0.86,0.86,0.84,0.86,0.86,0.86,0.86,0.86,0.86,0.86,0.86,0.85,0.86,0.86,0.86,0.86,0.86,0.86,0.86,0.86,0.86,0.86,0.86,0.86,0.86,0.82,0.86,-1.08,0.86,0.86,0.72,0.86,0.84,0.86,0.86,0.86,0.86,0.86,0.86,0.86,0.85,0.86,0.86,0.86,0.86,0.85,0.86,0.86,0.85,0.86,0.86,0.86,0.86,0.86,0.86,0.86,0.85,0.86,0.86,0.86,0.86,0.86,0.86,0.85,0.86,0.86,0.84,0.86,0.86,0.85,0.86,0.86,0.86,0.86,0.86,0.85,0.86,0.86,0.86,0.86,0.85,0.86,0.86,0.86,0.86,0.86,0.86,0.86,0.86,0.86,0.86,0.86,0.86,0.85,0.86,0.86,0.86,0.85,0.86,0.86,0.86,0.86,0.86,0.86,0.86,0.85,0.85,-1.11,0.85,0.86,0.82,0.86,0.86,0.86,0.86,0.86,0.86,0.86,0.86,0.86,0.86,0.86,0.86,0.86,0.86,0.84,0.83,0.86,0.86,0.86,0.86,0.86,0.86,0.86,0.85,0.86,0.86,0.86,0.86,0.86,0.86,0.84,0.85,0.84,0.86,0.86,0.82,-1.04,0.85,0.81,0.86,0.86,0.85,0.85,0.85,-1.1,0.85,0.86,0.78,0.86,0.86,0.86,0.86,0.85,0.86,0.86,0.86,0.86,0.86,0.86,0.86,-1.13,0.86,0.86,-1.12,0.86,0.86,0.85,0.86,0.86,0.86,0.86,0.85,-1.17,0.86,0.85,0.85,0.85,0.84,0.86,0.86,0.86,0.86,0.86,0.86,0.86,0.86,0.86,-1.03,0.86,0.86,0.85,0.86,0.86,0.86,0.86,0.86,0.86,0.86,0.86,0.86,0.86,0.86,0.86,0.85,0.86,0.86,0.86,0.86,-1.17,0.86,0.86,0.86,0.85,0.86,0.84,0.86,0.86,0.86,0.86,0.86,0.85,0.86,0.86,0.86,0.86,0.86,0.85,0.86,0.84,0.86,0.86,0.86,0.86,0.86,0.86,-1.05,0.86,0.86,0.86,0.86,0.86,0.86,0.86,0.84,0.83,-1.06,0.84,0.86,0.86,0.86,0.86,0.86,0.86,0.86,0.86,0.86,0.86,0.86,0.86,0.86,0.86,0.86,0.86,0.86,0.86,0.71,0.86,0.86,0.86,0.86,0.86,0.86,0.85,0.86,0.86,0.86,0.71,0.7,0.86,0.84,0.86,0.86,0.86,0.86,0.79,0.86,0.86,0.86,0.86,0.85,0.85,0.86,0.86,0.84,0.82,0.86,-1.09,0.86,0.86,0.83,0.86,0.86,0.85,0.86,0.86,0.86,0.86,0.86,0.86,0.86,0.86,0.84,-1.05,0.86,0.84,0.86,0.86,0.86,0.85,0.86,0.85,0.86,0.86,0.86,0.86,0.85,0.86,0.86,0.86,0.86,0.86,0.86,0.86,-1.01,0.86,0.84,0.86,0.85,0.86,0.86,0.86,0.85,0.86,0.85,0.86,0.86,0.84,0.86,0.86,0.86,0.86,0.86,-1.06,0.86,0.86,0.86,-1.03,0.84,0.83,0.86,0.86,0.86,0.86,0.86,0.86,0.86,0.86,0.86,0.86,0.86,0.86,0.86,0.86,0.86,0.86,0.86,0.86,0.86,0.86,0.86,0.85,0.86,0.86,0.83,0.84,0.86,0.86,0.86,0.86,0.85,0.86,-1.13,0.86,0.86,0.86,0.86,0.86,0.66,0.82,0.86,0.85,0.84,0.86,0.86,0.86,0.86,0.86,0.85,0.86,0.86,0.86,0.86,0.86,0.86,0.86,0.86,0.86,0.86,0.86,0.86,0.86,-1.0,0.86,0.82,0.86,0.86,0.86,0.86,0.85,0.82,0.86,0.84,0.81,0.85,0.85,0.85,0.86,0.86,0.85,0.85,0.85,0.86,0.8,0.86,0.86,0.86,0.85,-1.17,0.86,0.86,0.86,0.86,0.86,0.86,0.86,0.86,0.86,0.86,0.86,0.86,0.86,0.85,-1.1,0.86,0.85,0.86,0.86,0.85,0.86,0.86,0.86,0.85,0.86,0.86,0.86,0.84,0.86,0.86,0.86,0.86,0.86,0.86,0.86,0.86,0.83,0.86,-1.04,0.86,0.86,0.85,0.86,0.85,0.86,-1.01,0.86,0.86,0.86,0.85,0.86,0.86,0.86,0.86,0.86,0.84,0.86,0.86,0.83,0.86,0.86,0.85,0.86,-1.1,0.86,0.85,0.86,0.86,0.86,0.86,0.86,0.86,0.86,0.86,0.86,0.86,0.86,0.85,0.86,0.86,0.86,0.86,-1.07,0.86,0.86,0.86,0.86,0.86,0.86,0.72,0.86,0.86,0.86,0.68,0.84,0.85,0.85,0.79,0.86,0.86,0.86,0.86,0.72,0.86,0.86,0.86,-1.13,0.86,0.85,0.86,0.85,0.86,0.85,0.84,0.83,0.86,0.86,0.86,0.86,0.83,0.86,0.86,0.86,0.86,-1.05,-1.02,0.85,0.86,0.84,0.85,0.86,0.83,0.86,0.86,0.85,0.86,0.86,0.86,0.86,0.86,0.86,0.86,0.86,0.85,0.86,0.86,0.86,0.86,0.86,0.86,0.85,0.86,0.86,0.85,0.86,0.86,0.86,0.86,0.86,0.85,0.85,0.86,0.86,0.86,0.85,0.85,0.85,-1.03,0.84,0.86,0.82,0.86,0.85,0.86,0.84,0.84,0.86,0.86,0.86,0.86,-1.06,0.85,0.84,0.86,0.86,-1.06,0.86,0.86,0.85,0.86,0.86,0.86,0.86,0.86,0.86,0.86,0.86,-1.14,0.86,0.86,0.84,0.86,0.86,0.86,0.86,0.86,0.85,0.85,0.86,0.86,0.86,-1.12,0.86,0.83,0.76,0.86,0.86,0.86,0.86,0.86,0.86,0.86,0.86,0.86,0.83,-1.09,0.85,0.86,0.85,0.86,0.86,0.86,0.86,0.86,0.86,0.86,0.78,0.86,0.8,0.86,0.86,0.85,0.86,0.85,0.86,0.86,0.86,0.86,0.86,-1.08,-1.1,0.86,-1.03,0.85,0.86,0.83,-1.08,0.86,0.85,0.86,0.85,0.86,0.78,0.86,0.86,0.86,0.86,0.86,0.86,0.85,0.85,0.86,0.86,0.86,0.86,0.85,0.86,0.86,-1.11,0.86,0.86,0.86,0.86,0.86,0.86,0.8,0.86,0.86,0.86,0.86,0.86,0.86,0.86,0.86,0.83,-1.03,0.86,0.86,-1.13,0.86,0.86,0.86,0.85,0.83,0.86,0.85,0.86,0.86,-1.11,0.82,0.84,0.85,0.86,0.86,0.86,0.86,0.83,0.83,0.86,0.86,0.86,0.69,0.86,0.82,0.86,0.86,0.83,0.85,0.86,0.86,0.78,0.86,0.86,0.86,0.85,0.86,0.86,0.86,0.86,0.86,0.86,-1.03,0.85,0.77,0.84,0.86,0.86,0.86,0.86,0.86,0.86,0.86,0.79,0.86,0.86,0.86,0.74,-1.04,0.86,0.86,0.86,0.86,0.86,0.86,-1.03,0.84,0.86,0.86,0.86,0.86,0.86,0.86,0.84,0.86,-1.08,0.86,-1.02,0.85,0.86,0.86,0.85,0.86,0.86,0.85,0.86,0.86,0.86,0.86,0.86,0.86,0.86,0.86,0.86,0.81,0.86,0.85,0.86,0.86,-1.11,0.86,0.86,0.82,-1.07,0.76,0.86,0.86,0.85,0.86,0.86,0.86,0.86,0.86,0.86,0.86,0.86,0.86,0.84,0.86,0.86,0.86,0.85,0.86,0.86,0.86,0.86,0.85,-1.13,0.86,0.86,0.85,0.86,0.86,0.86,0.86,0.86,0.86,0.86,0.86,0.86,0.86,0.86,0.84,0.86,0.76,0.86,0.85,0.86,0.86,0.86,0.85,0.86,0.73,-1.12,0.85,0.86,0.86,0.85,0.86,0.84,0.86,0.86,0.86,0.86,0.86,0.86,0.86,0.82,0.86,0.86,0.85,0.86,0.86,0.86,-1.02,0.86,0.86,0.85,0.86,0.86,0.86,0.86,0.86,0.86,0.85,0.86,0.86,0.86,-1.1,0.84,0.86,0.86,0.86,0.85,0.86,0.86,0.86,0.86,0.86,0.83,0.86,-1.08,0.86,0.86,0.86,0.86,0.83,0.86,0.84,0.79,0.84,0.86,0.86,0.86,0.8,0.85,-1.09,0.83,0.85,0.85,0.86,0.86,0.86,0.86,0.86,0.86,0.86,0.86,0.86,0.86,0.86,0.85,0.85,0.86,0.86,0.86,0.86,0.86,0.86,0.85,0.85,-1.01,0.86,0.86,0.86,0.86,0.86,0.86,0.85,0.86,0.86,0.84,0.86,-1.01,0.85,0.86,0.86,0.86,0.86,0.86,-1.12,0.85,0.86,0.86,0.86,0.86,-1.07,0.85,0.86,0.86,0.84,0.77,0.85,0.86,0.86,0.86,0.86,0.86,0.86,0.86,0.86,0.86,0.86,0.85,0.86,0.84,0.86,0.86,0.86,0.86,-1.03,0.86,0.82,0.86,0.86,0.85,0.85,0.85,0.83,0.86,0.76,0.85,-1.09,0.85,0.85,0.84,-1.13,0.84,0.85,0.86,-1.02,0.84,0.86,0.86,0.86,0.86,0.86,0.86,0.86,0.85,0.84,0.86,0.85,0.86,0.86,0.86,0.86,0.86,0.86,0.86,0.86,0.86,0.86,0.86,0.86,0.86,0.86,0.86,0.86,0.86,0.86,0.86,0.86,0.86,0.86,-1.12,0.86,0.86,0.86,0.86,0.86,0.72,0.85,-1.03,0.86,0.86,0.86,0.86,0.86,0.86,0.85,-1.0,0.86,0.86,0.86,0.85,-1.07,0.86,0.64,0.86,0.86,0.86,0.86,0.84,0.86,0.86,0.86,0.86,0.86,0.86,0.86,-1.1,0.85,0.86,0.86,0.86,0.86,-1.05,0.86,0.81,-1.08,0.84,0.7,0.85,0.84,0.86,0.86,0.85,0.84,0.86,0.86,0.85,0.84,0.86,0.86,0.86,-1.1,0.86,0.86,0.85,0.86,0.86,0.86,0.86,0.86,0.86,0.86,0.84,0.86,0.86,0.86,0.86,0.86,0.86,0.86,0.86,0.85,-1.11,0.86,0.74,0.85,-1.03,0.86,0.86,0.84,0.79,0.86,0.86,0.81,0.86,-1.1,0.86,0.86,0.86,0.86,0.84,0.86,0.86,0.85,0.76,0.86,0.86,0.86,0.86,0.86,0.86,0.86,0.86,-1.04,0.84,0.73,0.7,0.84,0.85,0.86,0.86,0.85,0.86,0.86,0.86,0.86,0.76,0.86,0.86,0.86,0.86,0.86,0.86,0.86,0.86,0.86,0.86,0.86,-1.07,0.74,0.85,0.86,0.86,0.78,0.86,0.86,0.86,0.85,0.86,0.86,0.84,0.86,0.86,0.86,0.86,0.86,0.86,0.86,0.86,0.85,0.85,0.86,0.86,0.86,0.86,0.84,0.86,0.86,0.86,0.86,-1.12,0.86,0.85,0.82,-1.03,0.81,0.86,-1.02,0.85,0.85,0.86,0.86,0.86,0.85,0.86,0.86,0.85,0.86,0.86,0.86,0.86,0.86,0.76,0.86,0.86,0.86,0.86,0.86,0.86,0.86,0.86,0.86,0.86,0.86,0.86,0.86,0.86,0.86,0.85,0.86,0.86,0.86,0.86,0.82,0.86,0.85,0.86,0.86,0.86,0.86,0.86,0.86,0.86,0.86,0.86,-1.0,0.86,0.86,0.86,0.86,0.86,0.78,0.86,0.86,-1.05,0.84,0.86,0.86,0.86,0.86,0.86,0.86,0.86,0.86,0.83,0.86,0.86,0.84,0.86,0.86,0.86,0.86,0.84,0.85,-1.02,0.86,0.85,0.86,0.86,0.86,0.86,0.86,0.86,0.72,0.86,0.86,0.85,0.83,0.86,0.86,0.86,0.85,0.86,0.86,0.82,0.86,0.84,0.86,0.86,0.86,0.86,0.86,0.86,0.85,0.86,0.83,0.86,0.86,-1.05,0.85,0.83,0.81,0.86,0.83,0.86,0.86,0.82,0.86,0.86,0.86,-1.11,0.86,0.86,0.84,0.86,0.85,0.86,0.86,0.86,0.86,0.86,0.86,0.86,0.86,0.85,0.86,0.86,0.85,0.86,0.86,-1.12,0.86,0.81,0.86,0.85,0.85,0.82,0.85,-1.05,0.86,0.86,0.86,0.86,-1.01,-1.08,0.86,-1.04,0.86,0.86,0.84,0.85,0.86,0.82,0.81,0.86,0.86,0.86,0.85,0.86,0.86,0.86,0.84,0.86,0.84,0.86,0.86,0.86,0.86,0.84,0.85,0.86,0.86,0.84,0.86,0.86,0.85,0.86,0.86,0.86,0.73,0.84,0.83,0.86,-1.13,0.86,0.86,0.86,-1.1,0.84,0.84,0.86,0.86,-1.1,0.86,0.84,0.85,0.86,0.84,0.86,0.86,0.86,-1.08,0.86,0.85,0.86,0.85,0.86,0.86,0.86,-1.02,0.85,0.85,0.86,0.86,0.86,0.86,0.86,0.86,0.86,0.84,0.86,0.86,0.85,0.86,0.86,-1.08,-1.02,0.83,0.86,0.86,0.83,0.86,0.86,0.86,0.86,0.86,0.86,0.85,0.85,0.86,0.86
0.86,-1.41,-1.17,-1.09,0.85,-1.07,-1.0,-1.03,-1.03,-1.04,-1.27,0.86,0.78,-1.17,0.68,-1.02,-1.05,-1.18,0.83,0.85,-1.13,-1.53,0.76,0.83,-1.12,0.78,0.84,-1.09,0.83,0.76,0.77,0.82,0.85,0.84,0.86,0.83,0.8,0.8,-1.16,-1.17,0.86,0.79,0.83,-1.04,0.74,0.86,0.84,0.86,0.84,0.86,0.85,0.86,0.86,0.85,-1.13,0.84,0.86,-1.15,0.86,0.85,0.8,0.86,0.86,0.86,0.86,0.86,0.86,0.86,0.85,0.86,0.86,0.85,0.86,0.86,0.85,0.84,0.86,0.84,0.86,0.86,0.86,0.86,0.86,0.66,0.85,0.86,0.86,0.86,0.84,0.86,0.86,0.81,0.86,0.86,0.86,0.86,0.86,-1.12,0.86,0.86,0.86,0.84,0.84,0.86,0.86,0.86,0.86,0.86,0.86,0.85,0.86,0.86,-1.01,0.85,0.86,0.86,0.86,0.86,0.86,0.86,-1.03,0.86,0.86,0.86,-1.05,0.86,0.86,0.86,0.86,0.74,0.85,0.83,0.86,0.86,0.86,0.83,0.86,-1.03,0.86,0.82,0.86,0.86,0.86,0.86,0.86,0.86,0.86,-1.1,0.86,0.86,0.86,0.86,0.86,0.86,0.86,0.86,0.86,0.86,0.86,0.85,0.83,0.86,0.86,0.86,0.85,0.86,0.86,-1.0,0.86,0.86,0.86,0.86,0.86,0.86,0.86,0.86,0.86,-1.12,0.86,0.86,0.86,0.83,0.86,0.86,0.86,0.86,0.86,0.86,0.86,0.86,0.86,0.86,0.84,0.86,0.86,0.86,0.86,0.82,0.72,0.84,0.86,-1.02,0.86,-1.04,0.85,0.56,0.85,0.84,0.86,0.86,0.84,0.86,0.83,0.86,0.86,0.83,0.86,0.83,-1.03,0.86,0.84,0.86,0.86,0.86,0.86,0.85,0.86,0.86,0.86,0.86,0.85,0.85,0.84,0.86,0.86,0.86,0.86,0.86,0.86,0.86,0.85,0.86,0.86,0.86,0.73,0.84,0.86,0.86,0.85,0.86,0.86,0.86,0.86,0.78,0.86,0.86,0.86,0.86,0.86,0.86,-1.08,0.86,0.86,0.86,0.86,0.86,0.8,0.86,0.86,0.86,0.86,0.83,0.86,0.84,0.86,0.85,0.86,0.86,0.86,0.84,-1.11,0.86,0.86,0.86,0.86,0.86,0.86,0.86,0.83,0.86,0.86,0.86,0.77,0.86,0.86,0.86,0.86,0.86,0.78,0.86,0.86,0.86,0.86,0.86,0.86,0.86,0.85,0.85,0.86,-1.1,0.86,-1.02,0.84,0.86,0.86,0.83,0.86,0.86,0.86,0.86,0.86,0.86,0.86,0.86,0.86,0.86,0.86,0.86,0.85,0.86,0.86,0.86,0.86,0.85,0.84,0.86,0.86,0.86,0.86,0.86,0.86,0.86,0.86,0.86,0.86,0.86,0.76,0.86,0.84,0.86,0.86,0.86,0.76,0.86,0.86,0.86,0.86,0.85,0.86,0.86,0.83,0.86,0.84,0.86,0.86,0.86,0.86,0.86,-1.13,0.85,0.83,0.86,0.86,-1.07,0.86,0.86,0.86,0.86,0.86,0.86,0.86,-1.14,0.86,0.86,0.86,0.86,0.86,0.83,0.86,0.86,0.86,0.86,0.84,0.86,0.86,0.84,0.86,0.86,0.86,0.85,0.86,0.86,0.86,0.86,0.83,0.86,0.86,0.86,0.86,0.86,-1.12,0.84,0.86,-1.05,0.86,0.86,0.85,0.86,0.85,0.86,0.86,0.86,0.86,0.86,-1.07,0.86,0.86,-1.09,0.86,0.86,0.86,0.86,0.86,0.86,0.86,0.86,0.86,0.86,0.85,0.86,0.86,0.86,0.85,0.86,0.86,0.85,0.75,-1.12,0.86,0.86,0.86,0.86,0.86,0.85,0.86,0.85,0.84,0.86,0.86,0.86,0.83,0.86,0.86,0.86,0.86,0.86,0.86,0.86,0.84,0.85,0.85,0.86,0.75,0.86,0.85,0.86,0.86,0.86,0.86,0.86,0.83,0.86,-1.11,0.86,0.86,0.86,0.86,0.86,0.86,0.86,0.84,0.85,0.85,0.86,0.86,0.86,0.86,0.86,0.86,-1.02,0.86,0.86,0.84,0.86,-1.09,0.86,0.83,0.86,0.86,0.86,0.86,0.86,0.86,0.82,0.86,-1.14,0.86,0.86,0.86,0.86,0.86,0.86,0.86,0.86,0.86,0.84,0.84,0.86,0.86,0.85,0.86,0.86,-1.1,0.86,0.86,0.84,0.86,0.84,0.86,0.86,0.86,0.86,-1.09,0.86,0.86,0.86,0.86,0.86,0.86,0.86,0.86,0.86,0.86,0.86,0.86,0.86,0.86,0.86,0.86,0.86,0.86,0.86,0.84,0.86,0.84,0.86,0.85,0.86,0.86,0.86,-1.04,0.84,0.86,0.84,0.82,0.86,0.85,0.86,0.86,0.86,0.86,0.86,0.86,0.85,0.84,0.86,0.85,0.86,0.85,0.86,0.84,0.85,0.86,0.86,0.86,0.86,0.86,0.84,0.86,0.86,0.86,-1.09,0.86,0.86,0.86,0.86,-1.14,-1.12,0.86,0.86,0.86,0.86,0.86,0.86,0.86,0.86,0.86,0.86,0.85,0.74,0.86,-1.04,0.86,0.86,0.86,0.85,0.85,0.86,0.86,0.86,0.86,-1.06,0.86,0.86,-1.07,0.82,0.86,0.86,0.84,0.86,0.84,0.86,0.86,0.78,0.86,0.86,0.82,0.86,0.86,0.85,0.86,0.86,0.86,-1.07,0.86,0.84,0.86,-1.11,0.86,0.86,0.86,0.86,0.86,0.86,0.85,0.86,0.86,0.86,0.86,0.86,0.86,0.82,0.86,0.86,0.84,0.86,0.86,0.86,0.86,0.86,0.86,0.74,0.86,0.86,0.86,0.86,-1.02,0.83,0.86,0.86,0.86,0.86,0.86,0.86,0.86,0.86,0.86,0.86,0.86,0.86,0.86,0.84,0.86,0.86,0.86,0.86,0.86,0.86,0.85,0.86,0.86,0.86,0.86,0.86,0.86,0.84,0.85,0.86,0.72,-1.12,0.84,0.86,0.86,-1.02,0.86,0.86,0.86,0.85,0.84,0.86,0.83,0.86,0.85,0.84,0.85,-1.02,0.86,0.86,0.86,0.86,0.77,0.84,0.86,0.86,0.84,0.86,0.85,0.86,0.84,0.85,0.86,0.86,0.84,0.84,0.86,-1.16,0.86,0.86,0.86,0.85,0.86,0.86,0.86,0.86,0.86,0.86,0.86,0.86,0.86,0.86,0.86,0.86,0.86,0.86,0.86,0.86,0.85,0.86,0.86,0.86,0.86,0.86,0.86,0.86,0.86,0.86,0.86,0.86,0.84,0.86,0.86,0.86,0.86,0.86,0.86,0.86,0.86,0.86,0.86,0.86,0.86,0.86,0.86,0.86,0.86,0.84,0.86,0.86,0.86,0.85,0.86,0.86,0.86,0.86,0.86,-1.03,0.86,0.86,-1.14,0.86,0.86,-1.07,0.86,0.86,0.84,0.85,0.86,0.68,0.86,0.86,0.86,0.86,0.85,0.81,0.86,0.86,0.86,0.76,0.86,0.86,-1.08,0.86,-1.12,0.86,0.86,0.85,0.86,-1.13,0.86,0.86,0.86,0.84,0.86,0.86,0.86,0.86,0.86,0.86,0.84,0.86,0.75,0.86,0.86,0.86,-1.02,-1.12,0.86,0.86,0.85,0.86,0.83,0.86,0.86,0.86,0.86,0.86,0.86,0.81,0.85,0.85,0.84,0.86,0.86,0.86,0.86,0.86,0.86,0.86,0.86,0.86,0.85,0.86,0.86,0.83,0.86,0.86,0.84,0.83,0.84,0.84,0.86,0.86,-1.07,0.86,0.86,0.86,0.85,0.86,0.86,0.86,0.86,0.86,0.86,0.86,0.86,0.86,0.86,0.86,0.86,-1.11,0.86,0.86,0.86,0.86,0.86,0.86,0.86,0.86,0.86,0.86,0.86,0.86,0.85,-1.03,0.85,0.86,0.85,-1.03,0.86,0.86,0.86,0.86,0.86,0.84,0.84,0.86,0.86,0.86,0.83,0.86,0.86,0.86,0.86,0.86,0.85,0.86,0.86,0.86,0.86,0.84,0.86,0.86,0.86,0.86,0.86,0.86,0.86,0.86,0.86,0.86,0.86,0.86,0.76,0.85,0.86,0.86,0.86,0.64,0.86,0.84,-1.07,0.86,0.86,0.85,-1.13,0.86,0.86,0.86,0.74,0.69,-1.09,0.86,0.83,0.85,0.78,0.86,0.86,0.86,0.86,0.86,0.86,0.86,0.86,0.86,0.86,0.85,0.86,0.86,0.86,0.86,0.86,0.86,0.86,0.86,0.86,0.86,0.86,0.86,0.86,0.86,0.86,0.86,0.86,0.86,0.86,0.86,0.84,-1.07,0.71,0.86,0.86,0.86,0.77,0.86,0.86,-1.12,0.85,0.85,-1.02,0.86,0.86,0.86,0.86,-1.11,0.86,0.86,0.86,0.86,0.85,-1.14,0.86,0.85,0.86,0.85,0.86,0.86,0.86,0.86,0.84,0.85,0.84,0.84,0.8,-1.08,0.81,0.86,0.85,0.86,0.86,0.86,0.86,0.86,-1.03,0.84,0.85,0.86,-1.1,0.85,-1.01,0.86,0.86,0.85,0.85,0.86,0.86,0.86,0.86,0.86,0.86,0.86,0.86,0.85,0.82,-1.14,0.86,0.86,0.85,0.86,0.82,-1.14,0.86,0.86,0.85,0.86,0.84,0.86,0.86,0.86,0.86,0.86,0.86,-1.02,0.86,0.86,0.86,0.86,0.86,0.86,0.86,0.84,0.86,0.86,0.86,0.86,0.84,0.86,0.86,0.86,-1.1,0.86,0.86,0.86,0.86,0.86,0.86,0.86,0.86,0.86,0.86,0.86,0.86,0.86,0.86,0.86,0.86,0.86,0.86,0.86,0.86,0.86,0.86,0.85,0.86,0.86,0.86,0.86,0.86,0.86,0.86,0.85,0.85,0.84,0.86,0.86,0.86,0.86,0.71,0.86,0.86,0.86,0.86,0.86,0.86,0.86,-1.02,0.86,0.86,-1.09,0.83,0.86,0.86,0.86,0.86,0.86,0.85,0.86,0.86,0.86,-1.03,-1.14,0.86,0.85,0.86,0.86,0.84,0.86,0.86,0.86,0.86,0.86,0.84,0.86,0.86,0.86,0.86,0.84,0.86,0.86,0.86,0.85,0.86,0.86,0.86,0.86,0.86,0.84,0.86,0.86,0.86,0.84,-1.1,0.85,0.86,0.86,0.86,-1.06,0.86,0.86,0.86,0.86,0.79,0.86,0.86,0.86,0.86,0.86,0.86,0.86,0.86,-1.07,0.84,-1.05,0.86,0.86,0.86,0.86,0.86,0.86,0.86,-1.1,0.86,0.86,0.86,0.86,0.81,0.86,0.84,0.86,0.86,0.84,0.86,0.86,0.86,0.86,0.86,-1.13,0.86,0.86,0.86,0.86,0.86,0.86,0.85,0.86,0.86,0.86,0.86,-1.04,0.86,0.86,0.86,0.86,0.86,0.85,0.86,0.86,0.86,0.86,0.86,0.86,-1.08,0.86,0.86,-1.03,0.86,-1.13,0.85,0.86,0.86,0.86,0.86,0.86,-1.04,0.85,0.86,0.86,-1.12,0.79,0.86,0.86,0.86,0.86,0.86,0.86,0.86,0.86,0.86,0.86,0.86,0.86,0.86,0.85,0.86,0.86,0.85,0.86,0.86,0.86,0.84,0.86,0.86,0.86,0.86,0.85,0.86,0.86,0.85,0.73,0.86,0.86,0.86,0.76,0.86,0.86,0.7,0.86,0.85,0.86,0.86,0.86,0.86,0.86,0.86,0.86,0.85,0.86,-1.12,0.83,0.86,0.86,0.86,0.86,0.86,0.86,0.86,0.82,0.86,0.86,0.85,0.84,0.86,0.86,0.86,0.85,0.82,0.84,0.74,0.86,0.86,0.86,0.84,0.86,0.86,0.85,0.86,0.85,-1.14,0.86,0.86,0.86,0.83,0.86,0.86,0.86,0.86,0.81,0.85,0.85,0.86,0.86,0.86,0.86,0.86,0.86,0.86,0.86,0.85,0.85,0.86,0.86,0.86,0.8,0.86,0.86,0.86,0.86,0.85,0.85,0.85,0.86,0.86,0.86,0.85,0.86,0.86,0.86,-1.04,0.86,0.86,0.86,-1.14,0.85,0.86,0.86,0.86,0.86,0.85,0.86,0.86,0.86,0.84,0.86,0.86,0.86,0.86,0.86,0.83,0.74,0.83,0.86,0.86,0.86,0.86,0.86,0.86,0.86,0.86,0.86,0.86,0.86,0.86,0.86,0.85,0.86,0.86,0.86,0.86,0.8,0.86,0.86,0.86,0.86,0.86,0.86,0.86,0.84,0.86,0.84,0.85,0.86,0.86,0.86,0.86,0.86,0.78,0.86,-1.02,0.84,0.86,0.86,0.83,0.85,0.86,0.86,0.86,0.86,0.85,0.86,0.86,0.86,0.86,0.86,0.86,0.86,0.83,0.86,0.86,0.86,0.84,0.84,0.86,0.86,-1.09,0.86,-1.13,0.86,-1.12,0.86,0.86,0.83,0.86,0.86,0.86,0.85,0.86,0.86,0.86,-1.03,0.86,0.85,0.86,0.86,0.86,0.86,0.86,0.86,0.86,0.84,0.85,0.86,0.86,0.86,0.85,0.85,0.86,0.86,0.86,0.86,0.86,0.84,0.86,0.86,0.85,0.86,0.86,0.86,0.86,0.86,0.86,0.86,0.86,0.86,0.86,0.86,0.86,0.86,0.86,0.86,0.86,0.86,0.85,0.86,0.86,0.85,0.86,0.86,0.86,0.86,0.86,0.86,0.86,0.86,0.85,0.86,0.86,0.86,0.7,0.81,0.86,0.86,0.86,0.86,0.86,0.86,0.86,-1.14,-1.0,0.86,0.86,0.86,0.86,0.83,0.86,0.86,0.86,-1.13,0.85,0.86,0.84,0.86,0.84,0.86,0.85,0.84,0.85,0.85,0.86,0.86,0.86,0.86,0.86,0.86,0.86,-1.07,0.86,0.86,0.85,0.86,0.71,0.86,0.86,0.86,0.86,0.86,-1.02,0.8,-1.13,0.83,-1.06,0.85,-1.05,0.86,0.84,0.86,0.86,0.85,0.86,0.86,-1.04,0.84,-1.14,0.86,0.84,0.86,0.86,0.86,0.86,0.86,0.86,0.86,0.86,0.85,0.86,0.86,0.85,0.85,0.86,0.86,0.86,0.86,0.86,0.86,0.86,0.86,0.86,0.86,0.86,0.86,0.86,0.84,0.86,0.86,0.85,0.84,0.86,0.86,0.86,0.86,0.86,0.86,-1.14,0.85,0.85,0.86,0.84,0.86,0.86,0.86,0.86,0.86,0.86,0.86,0.85,0.86,0.86,0.86,0.86,-1.03,0.86,0.86,0.86,-1.07,0.85,0.84,0.86,0.86,0.86,0.86,0.85,0.86,0.86,0.86,0.86,0.86,0.86,-1.11,0.86,-1.08,0.86,0.86,0.86,0.72,0.86,0.86,0.8,0.86,0.86,0.86,0.86,0.86,0.85,0.86,0.86,0.86,0.75,0.86,0.86,0.86,-1.09,0.85,0.86,0.86,0.86,0.86,0.86,0.86,0.86,0.86,0.86,0.86,0.86,0.86,-1.02,0.86,0.85,0.86,0.86,0.86,0.86,0.86,0.86,0.86,0.86,0.86,0.84,0.77,0.86,0.86,0.86,0.86,0.86,0.86,0.86,0.86,0.86,0.86,0.86,0.86,0.86,0.86,0.86,0.73,0.86,0.86,0.86,0.86,0.85,0.86,0.86,0.86,0.86,0.86,0.86,0.86,0.86,0.86,0.86,0.64,-1.13,0.85,0.85,0.86,0.86,0.86,0.86,0.86,0.86,0.86,0.86,-1.12,0.86,-1.07,0.86,0.86,0.86,0.85,0.86,-1.12,0.86,0.86,0.86,0.84,0.86,0.86,0.86,0.85,0.86,0.83,0.86,0.86,0.86,0.85,0.86,0.85,0.86,0.86,0.86,0.86,0.86,0.86,0.86,0.84,0.86,-1.16,0.86,0.84,0.86,0.86,0.86,0.86,0.86,0.86,0.86,0.86,0.86,0.84,-1.03,0.86,0.86,0.78,0.86,0.84,0.86,0.85,0.86,0.86,0.86,-1.12,0.85,0.86,0.86,0.85,0.85,0.86,0.84,0.84,0.86,0.86,0.85,0.86,0.85,0.86,0.86,0.77,0.86,0.86,0.86,0.86,0.86,0.86,0.86,0.85,0.86,0.86,0.84,0.86,0.86,0.86,0.86,-1.1,0.84,0.85,0.86,0.86,0.86,0.86,0.86,0.86,0.83,0.86,0.86,0.86,0.86,0.86,-1.09,0.86,0.86,0.86,0.74,0.86,0.85,0.81,0.86,0.86,0.75,0.85,0.85,0.86,0.85,0.86,0.86,0.84,0.86,-1.09,0.86,0.85,0.86,0.86,0.86,-1.11,0.84,0.84,0.86,0.86,0.86,0.86,-1.09,0.82,0.86,0.86,0.85,0.86,0.86,0.86,0.86,0.84,0.86,0.86,0.86,0.74,0.84,0.85,0.83,0.84,0.85,0.86,0.86,0.85,0.86,0.54,0.86,-1.12,0.86,0.81,0.86,0.86,0.84,0.85,0.84,0.86,0.86,0.72,0.86,0.86,0.86,0.86,0.86,0.86,0.86,0.85,0.86,0.86,0.85,0.86,0.86,0.86,0.7,0.85,0.83,0.86,0.86,0.85,-1.07,0.86,0.84,0.86,0.86,0.86,0.85,0.86,0.86,0.86,0.86,0.86,0.84,0.86,-1.01,0.85,0.86,-1.07,0.86,0.84,0.86,0.86,0.86,0.86,0.86,0.86,0.86,0.86,0.86,0.86,0.86,0.86,0.86,0.86,0.86,0.86,0.86,0.86,-1.12,0.84,0.86,0.86,0.85,0.86,0.84,0.85,0.86,0.85,0.86,0.85,0.86,0.84,0.86,0.86,0.85,0.86,0.86,0.86,0.85,0.86,0.86,0.86,0.8,0.86,0.86,0.86,0.86,0.86,-1.01,0.86,0.75,0.86,0.86,-1.1,0.86,0.86,0.86,0.86,0.86,0.84,0.84,0.84,0.86,0.85,0.84,0.86,0.83,0.84,0.86,0.85,0.86,-1.01,0.86,0.86,0.86,0.85,0.86,0.86,0.85,0.86,0.86,0.86,0.86,0.86,0.86,0.86,0.86,0.86,0.85,0.86,0.86,0.85,0.86,-1.11,0.84,0.85,0.86,0.85,0.86,0.86,0.86,0.86,0.86,0.86,0.83,0.86,0.86,0.86,0.86,0.86,0.86,0.85,-1.02,0.86,0.86,0.85,0.82,0.85,0.84,0.86,0.86,0.86,0.86,0.82,0.81,0.86,0.85,0.86,0.66,0.86,0.86,0.86,0.86,0.86,0.86,0.84,0.86,0.86,0.86,0.86,0.86,0.82,0.86,0.86,0.86,0.84,0.76,0.86,0.85,0.86,0.86,0.86,0.86,-1.12,0.83,0.86,0.86,0.86,0.86,0.86,0.86,0.85,0.86,0.61,0.86,0.86,0.86,0.86,0.86,0.86,0.86,0.86,0.86,0.86,0.86,0.7,0.86,0.86,0.86,0.86,-1.12,0.86,0.85,0.85,0.84,0.86,0.85,0.86,0.86,0.84,-1.02,0.86,0.86,0.86,0.86,0.84,0.84,0.86,0.86,0.84,0.86,0.86,0.86,0.86,0.86,0.84,0.86,0.86,0.86,-1.04,0.86,0.85,-1.07,0.79,0.86,0.84,0.86,0.86,0.84,0.86,0.85,0.86,0.86,0.85,0.85,0.86,0.86,0.86,0.85,0.86,0.86,0.86,0.86,0.86,0.86,0.85,0.86,0.86,-1.01,0.86,0.83,0.86,0.86,0.86,0.84,0.71,0.85,0.83,0.86,0.86,0.86,0.84,0.86,0.86,0.86,0.86,0.86,0.86,0.86,0.86,0.86,0.86,-1.06,0.86,0.85,0.86,0.86,0.86,0.84,0.86,0.84,0.85,-1.02,0.86,-1.05,0.86,0.86,0.86,0.86,0.86,0.86,0.86,0.86,0.86,0.86,-1.01,0.86,0.86,0.86,0.86,0.86,0.86,0.86,0.86,0.86,0.85,-1.01,0.86,0.84,0.86,0.86,0.86,0.86,0.86,0.86,0.85,0.86,0.85,0.86,0.86,0.84,0.85,0.86,0.86,-1.1,0.85,0.86,0.85,0.86,0.86,0.86,0.84,0.86,0.86,0.86,0.86,0.86,0.85,0.86,0.86,-1.02,0.85,0.86,0.86,0.86,0.86,0.86,0.83,0.86,0.86,0.86,-1.09,0.86,0.86,0.85,0.85,0.86,0.86,0.84,-1.02,0.86,0.86,0.85,0.86,0.74,0.86,0.86,0.86,0.86,0.85,0.86,0.86,-1.04,0.86,0.85,0.86,0.86,0.86,0.86,0.86,-1.06,0.86,0.86,0.86,0.85,0.86,0.86,0.86,0.86,0.86,0.86,0.82,0.86,0.86,0.86,0.86,0.86,0.86,0.86,0.86,0.86,0.86,-1.03,0.86,0.86,-1.17,0.85,0.86,0.86,0.86,0.74,0.86,0.86,0.86,0.86,0.86,0.86,0.86,0.86,0.86,0.86,0.86,0.84,0.86,0.86,0.85,0.86,0.85,0.84,0.86,-1.15,-1.09,0.86,0.77,0.86,0.79,0.85,0.85,0.86,0.86,0.85,0.86,0.86,0.86,-1.03,0.84,0.82,0.85,0.71,0.86,0.85,0.86,0.86,0.76,0.86,0.86,-1.13,0.85,0.86,0.86,0.86,0.86,0.86,0.86,0.86,0.86,0.86,0.86,0.86,0.86,-1.02,0.84,0.86,0.85,0.86,-1.04,0.86,0.86,0.84,0.86,0.82,0.86,0.86,0.86,0.86,0.86,0.86,0.86,0.86,0.85,0.86,0.75,0.84,-1.02,-1.13,0.85,-1.16,0.85,0.86,0.86,0.86,0.86,0.86,0.86,0.86,0.86,0.71,0.86,-1.13,0.86,0.86,0.85,0.85,0.86,0.86,0.85,0.86,0.86,0.86,0.86,0.86,0.86,0.85,0.86,0.86,0.86,0.86,0.86,0.86,0.86,0.85,0.83,-1.03,0.86,0.86,0.86,0.86,0.86,0.84,0.85,0.86,0.86,0.84,0.8,0.86,0.86,0.86,0.84,0.86,0.86,0.83,0.86,0.86,0.86,0.86,0.86,0.58,0.79,0.84,0.86,0.86,0.86,0.86,0.86,0.86,0.71,0.85,0.84,0.86,0.86,-1.03,0.86,-1.02,0.85,0.8,0.86,0.84,0.86,0.86,0.86,0.86,0.85,0.86,0.81,0.84,0.85,0.86,0.86,0.86,0.71,0.86,0.86,0.86,0.86,-1.08,0.86,0.83,0.81,0.86,0.86,0.86,0.86,0.84,0.84,0.78,0.85,0.85,0.86,0.86,0.86,0.86,0.86,0.86,0.86,0.86,0.86,0.86,-1.02,0.84,0.86,0.86,0.86,0.86,0.86,0.86,0.85,0.85,0.86,0.86,0.86,0.86,0.86,0.83,0.86,0.86,0.85,0.86,0.86,0.86,0.86,0.86,0.85,-1.0,0.86,0.86,0.86,0.86,0.86,0.86,0.86,0.86,0.86,0.86,0.86,0.86,0.86,0.86,0.86,0.86,0.8,-1.02,0.86,0.86,0.86,0.86,0.86,0.86,0.86,0.76,0.85,0.86,0.86,0.86,0.85,0.86,0.86,0.86,0.86,0.86,0.86,0.86,0.58,0.86,0.86,-1.1,0.86,0.86,0.86,0.84,0.86,0.85,0.85,0.86,0.86,0.86,0.75,0.84,0.86,0.85,0.86,0.86,0.86,0.73,0.74,-1.07,0.85,-1.07,0.85,0.85,0.85,0.86,0.75,0.73,0.85,0.84,0.85,0.82,0.86,0.84,0.82,0.86,0.85,-1.13,0.85,0.85,0.86,0.86,-1.06,0.86,0.86,0.83,0.85,0.86,0.86,0.86,0.86,0.86,0.77,0.85,0.85,0.85,0.85,0.86,0.86,0.86,0.86,-1.11,0.85,0.84,0.86,0.77,0.85,0.86,0.86,-1.12,0.86,0.86,0.86,0.86,0.86,0.85,0.86,0.86,0.85,0.86,0.86,0.86,0.86,0.86,0.86,0.86,0.86,0.84,0.85,0.86,0.86,0.86,-1.09,0.86,0.86,0.77,0.85,0.85,0.86,-1.04,0.86,0.86,0.86,0.86,0.85,0.86,0.86,0.85,0.86,0.86,0.85,0.84,-1.14,-1.11,0.72,0.85,0.86,0.86,0.85,0.86,0.86,0.86,0.86,0.85,0.86,0.86,0.86,0.85,0.85,0.86,0.86,0.86,0.86,0.86,0.85,0.86,0.86,0.86,0.86,0.86,0.82,0.85,0.86,0.84,0.86,0.86,0.86,0.86,0.86,0.86,0.85,0.86,0.86,0.86,0.84,0.85,0.7,0.86,0.86,0.83,0.86,0.86,-1.02,0.86,0.84,0.86,0.86,0.86,0.71,0.86,0.84,0.86,0.86,0.86,0.85,0.86,0.85,0.86,0.86,0.86,0.86,0.86,0.86,0.86,0.86,0.86,0.86,0.86,0.86,0.76,0.86,0.86,0.85,0.86,0.86,0.86,0.86,0.86,0.86,0.86,0.85,0.86,0.86,0.85,0.86,0.86,0.85,0.86,0.85,0.86,0.86,0.86,0.85,0.86,0.86,0.86,0.86,0.86,0.86,0.86,0.86,0.86,0.86,0.85,0.86,0.86,0.8,0.86,0.86,0.85,0.86,0.86,0.86,0.86,0.86,0.85,0.86,0.86,0.86,0.86,0.86,0.86,0.86,0.86,0.86,0.86,0.86,0.85,0.86,0.86,0.86,0.86,0.86,0.86,0.86,0.86,0.86,0.86,0.86,0.86,0.86,0.86,0.73,0.86,0.86,0.85,0.84,0.85,0.86,0.84,0.71,0.86,0.86,-1.11,-1.12,0.85,0.85,0.78,0.85,0.85,0.85,0.84,0.86,0.86,-1.1,0.85,0.86,0.84,0.85,0.85,0.85,0.84,0.86
-1.05,-1.06,-1.13,-1.03,-1.03,-1.16,-1.12,0.52,-1.32,-1.03,0.68,0.53,-1.21,-1.04,-1.05,0.81,-1.03,0.81,-1.02,0.81,0.7,-1.38,0.8,0.75,0.75,-1.04,-1.02,0.81,0.78,0.74,0.82,-1.08,-1.09,0.83,0.79,0.85,0.75,0.76,0.84,0.86,0.86,0.83,0.86,0.86,-1.05,-1.04,0.83,0.85,0.83,0.8,0.85,0.83,-1.05,0.84,0.86,0.75,0.86,0.86,0.86,0.86,0.84,0.86,0.82,0.83,0.86,0.86,-1.16,-1.06,0.83,0.86,0.86,0.86,0.86,0.86,0.86,0.86,0.86,0.86,0.73,0.86,0.86,0.79,0.86,0.8,0.73,0.86,-1.11,0.86,0.8,0.86,0.86,0.86,0.86,0.86,-1.09,0.86,0.86,-1.08,0.86,0.86,-1.02,0.79,0.86,0.86,0.86,-1.14,0.86,0.86,0.86,0.86,-1.12,0.86,0.86,0.86,0.86,0.86,0.86,0.86,0.86,0.86,0.86,0.86,0.86,0.68,0.86,0.84,0.86,0.86,0.86,0.86,0.86,0.86,0.86,0.86,0.85,0.86,0.86,0.73,0.86,0.86,0.86,-1.13,0.86,0.86,0.86,0.85,0.86,0.86,0.81,0.86,0.86,0.86,0.86,0.86,-1.15,0.86,0.86,0.86,0.86,0.86,0.86,-1.13,0.85,0.86,0.86,0.86,0.85,0.85,0.86,0.86,0.86,-1.06,0.86,0.86,0.86,0.86,0.86,0.84,0.86,0.86,-1.04,0.86,0.84,0.86,0.86,0.86,0.86,0.86,0.86,0.86,0.86,0.86,0.86,0.86,0.86,0.74,0.86,0.85,0.86,0.86,0.86,0.86,0.86,0.85,-1.07,0.86,0.85,0.86,0.85,0.84,0.86,0.84,0.86,-1.25,0.86,0.83,0.86,0.86,0.83,0.86,-1.13,0.86,0.86,0.86,0.86,0.86,0.86,0.81,0.86,0.85,0.86,-1.06,-1.14,0.86,0.86,0.86,0.86,0.83,0.86,0.86,0.86,0.86,0.86,0.86,0.76,0.86,-1.02,-1.09,0.85,0.86,0.86,0.86,0.86,0.86,0.86,0.86,-1.07,0.84,0.86,0.86,0.86,0.86,0.82,0.86,0.71,0.86,0.86,0.85,-1.09,0.86,0.84,0.86,0.85,-1.06,0.85,0.86,0.86,0.86,0.86,0.86,0.86,0.86,0.83,0.86,0.86,-1.13,0.85,0.86,0.84,0.86,0.82,0.86,0.86,0.86,0.81,0.86,0.86,0.86,0.86,0.86,0.86,0.85,0.85,0.84,-1.02,0.86,0.86,0.85,0.85,0.86,0.86,0.86,0.86,0.84,0.86,0.86,0.86,0.86,0.86,0.86,0.74,0.85,0.86,0.86,0.86,0.86,0.84,0.86,0.85,0.86,0.86,0.84,0.86,0.85,0.85,0.86,0.84,0.86,0.86,0.84,0.86,0.86,0.86,0.86,0.86,0.86,0.86,0.86,0.86,0.86,0.86,0.86,0.69,0.84,0.86,0.86,0.86,0.85,0.86,0.85,0.86,0.86,0.85,0.82,0.84,0.86,0.86,0.86,0.86,0.84,0.72,0.86,0.86,0.86,0.86,0.86,0.86,0.86,0.86,0.86,0.86,0.86,0.86,0.84,0.86,0.86,0.86,0.86,0.86,0.86,0.86,0.86,0.73,0.86,0.86,0.84,-1.13,0.86,0.86,0.86,0.86,0.86,0.86,-1.14,0.84,0.85,0.84,0.79,0.86,0.85,0.86,0.83,0.86,0.86,0.85,0.86,0.86,0.84,0.86,-1.12,0.86,0.84,0.86,0.86,0.86,0.85,-1.07,0.84,0.84,0.86,0.69,0.85,0.86,0.86,0.79,0.86,0.86,0.86,0.84,0.85,0.86,0.76,0.86,-1.03,0.85,0.86,0.86,-1.14,0.86,0.86,-1.1,0.86,0.86,0.86,0.86,0.86,0.86,0.86,0.86,0.86,0.86,0.86,0.86,0.86,0.84,0.86,-1.12,0.86,0.86,0.86,0.86,-1.04,0.86,0.86,0.84,-1.11,0.85,0.82,0.81,0.85,0.86,0.86,0.85,0.85,0.85,-1.02,0.86,-1.08,0.86,0.86,-1.12,0.86,0.86,0.86,0.86,0.86,0.86,0.86,0.85,0.86,0.86,0.86,0.86,0.86,0.86,0.86,0.86,0.85,0.86,0.86,0.86,0.86,0.86,0.64,0.86,0.86,0.84,0.86,0.86,0.86,0.85,0.84,0.86,0.86,0.86,0.86,-1.03,0.84,0.84,0.86,0.86,0.86,0.86,0.86,0.86,0.86,0.86,0.84,0.86,-1.13,0.86,0.86,0.85,0.86,0.86,0.86,0.86,0.86,0.86,0.85,0.86,0.86,0.86,0.86,-1.13,0.86,-1.08,0.85,0.85,0.86,0.86,-1.11,0.86,0.86,0.86,0.86,0.86,0.84,0.86,0.86,0.86,0.86,0.85,0.86,0.86,0.86,0.86,0.84,0.86,0.86,0.86,0.86,0.86,0.85,0.86,0.86,0.86,0.86,0.85,0.86,0.86,0.86,0.86,0.86,0.86,0.86,0.86,0.86,0.86,0.86,-1.13,0.84,0.86,0.86,0.86,0.84,-1.08,0.86,0.86,0.86,0.86,0.86,0.86,0.84,-1.09,0.83,-1.02,0.84,0.86,0.86,0.86,0.83,0.85,0.86,0.86,0.86,0.86,0.83,0.83,0.86,0.86,-1.02,0.86,0.83,0.85,0.86,-1.11,0.86,0.86,0.86,0.85,-1.12,0.86,-1.03,0.86,0.86,0.86,0.86,0.86,0.86,0.86,0.86,0.86,-1.02,0.85,0.86,0.86,0.86,0.86,0.82,0.84,0.85,0.86,0.86,0.86,0.86,0.86,0.86,0.86,0.86,0.86,0.86,0.86,-1.03,0.86,0.86,-1.03,0.86,0.71,0.86,0.86,0.86,0.86,0.86,0.85,0.86,0.86,0.86,0.86,0.86,0.86,0.84,0.86,0.86,0.86,0.86,0.7,0.86,0.86,0.84,0.86,0.86,0.86,0.86,0.86,0.86,0.86,0.86,0.86,0.86,0.86,0.86,-1.07,0.84,0.84,0.83,0.84,0.85,0.86,0.86,0.86,0.84,0.86,0.86,0.8,0.83,0.86,0.86,0.86,0.86,0.85,-1.14,0.86,0.86,0.85,0.85,0.86,0.85,0.85,0.82,0.86,0.85,0.86,0.84,0.86,-1.13,0.84,0.86,0.86,-1.1,0.85,0.85,0.86,0.86,0.86,0.84,0.86,0.85,0.86,0.86,0.84,0.86,0.85,0.86,0.84,0.81,0.86,0.86,0.86,0.86,0.84,0.86,0.74,0.86,0.86,0.86,0.86,0.73,0.86,0.71,0.86,0.86,0.86,0.86,0.86,0.86,0.86,0.86,0.86,0.79,0.86,0.86,0.86,0.86,0.86,-1.04,0.86,-1.03,0.86,0.86,0.86,0.86,-1.03,0.84,0.85,0.84,0.86,0.85,0.86,-1.02,0.73,0.86,0.86,0.86,0.86,0.86,0.85,0.85,0.86,-1.02,-1.0,0.86,0.86,0.86,0.86,0.86,0.86,0.86,0.84,0.77,0.86,0.85,-1.15,0.86,0.86,0.86,0.86,0.85,0.86,0.86,0.85,0.84,0.86,0.86,0.86,0.85,0.86,0.86,0.85,0.86,0.86,0.72,0.86,0.86,0.86,0.86,0.75,0.86,0.86,0.83,0.86,0.86,0.86,0.86,-1.07,0.86,0.86,0.82,0.84,0.86,0.86,0.86,0.86,0.86,0.84,0.86,0.86,0.86,0.86,0.86,0.86,-1.04,0.86,0.86,0.83,0.86,0.86,0.86,0.86,0.86,0.86,0.83,0.86,0.86,0.86,0.86,0.86,0.86,0.86,0.86,0.86,0.86,0.86,0.85,0.86,0.73,0.86,0.86,0.86,0.73,0.86,0.86,0.86,0.86,0.83,0.86,0.86,0.86,0.86,0.86,0.86,0.86,0.86,0.83,0.86,0.86,0.85,0.86,-1.09,0.85,0.86,0.86,0.86,0.86,0.86,-1.12,0.86,0.86,0.86,0.86,0.86,0.86,0.85,0.85,0.86,0.86,0.86,0.86,-1.14,0.85,0.86,0.86,0.86,0.86,0.7,0.86,0.86,0.86,0.86,0.86,0.85,-1.02,0.86,0.81,0.77,0.86,0.86,0.86,0.84,0.86,0.86,0.86,0.86,0.86,0.86,0.86,0.86,0.85,0.86,0.86,0.86,0.86,0.86,0.86,0.86,0.86,-1.12,0.86,0.86,0.86,0.86,0.85,0.86,0.84,0.85,0.86,0.86,0.86,0.86,0.86,0.86,0.86,0.86,0.86,0.84,0.86,0.86,0.86,0.78,0.86,0.86,0.86,0.86,0.86,0.84,0.86,0.86,0.72,-1.02,0.86,0.83,0.84,0.86,0.86,0.86,0.86,0.85,0.85,-1.04,0.86,0.86,0.86,0.86,0.84,0.86,0.83,0.86,0.86,0.85,0.86,0.84,0.85,0.86,0.86,0.86,0.86,0.86,0.86,0.85,0.84,0.84,0.86,0.86,0.86,0.85,0.85,0.86,0.86,0.86,0.85,0.82,0.74,0.85,0.85,0.86,0.86,0.86,0.86,0.86,0.86,0.85,0.86,0.86,0.85,0.84,0.86,0.86,0.86,0.84,0.86,0.86,0.86,0.86,-1.13,0.86,0.86,0.86,0.86,-1.01,0.84,0.86,0.86,0.86,0.86,0.86,0.83,0.86,0.86,0.85,-1.12,0.86,0.86,0.86,0.86,0.86,0.86,0.86,0.86,0.86,0.86,0.86,-1.12,0.86,0.86,0.86,0.86,0.85,0.86,0.86,0.86,0.86,0.86,0.86,0.86,0.86,0.86,0.86,0.86,0.86,0.85,0.85,0.86,0.86,0.86,0.86,0.86,0.86,0.86,0.86,0.84,0.85,0.86,0.86,0.86,0.86,0.86,0.86,0.86,0.86,0.85,0.85,0.86,0.83,0.86,0.86,0.86,0.85,0.86,0.86,0.85,0.84,0.86,0.86,0.85,0.86,0.86,0.85,0.86,0.86,0.84,0.86,-1.06,0.84,0.86,0.85,0.84,0.86,0.86,0.86,0.86,0.86,0.86,0.86,0.83,0.86,0.86,0.86,-1.03,-1.03,0.78,0.86,0.86,0.86,0.86,0.86,0.86,0.86,0.85,0.86,0.84,0.86,0.85,-1.1,0.86,0.86,0.86,0.86,0.86,0.86,0.85,0.86,0.86,0.86,0.86,0.85,0.86,0.86,0.86,0.85,-1.0,0.86,0.85,0.86,0.78,0.85,0.86,0.86,0.79,0.7,0.85,0.86,0.86,0.84,0.85,0.86,0.86,0.86,0.86,0.86,0.86,0.71,0.86,0.86,0.86,0.86,0.86,0.86,0.86,0.85,-1.08,-1.09,0.86,0.86,0.86,0.86,0.86,0.85,0.86,0.85,0.86,0.86,0.86,0.85,-1.08,0.86,-1.06,0.86,0.83,0.86,0.86,0.85,0.86,0.84,0.84,-1.07,0.72,0.81,0.86,0.86,0.86,0.86,0.86,0.84,0.86,0.86,0.86,-1.01,0.86,0.85,0.86,0.86,0.86,0.86,0.84,0.86,0.86,0.86,0.71,0.85,0.86,0.86,0.86,0.85,0.84,0.86,0.86,0.84,0.86,0.86,0.84,0.86,-1.12,0.83,0.86,0.86,0.86,0.86,0.85,0.86,0.86,0.86,0.86,0.86,0.85,0.86,0.86,0.86,0.86,0.86,0.86,-1.03,0.86,0.86,0.77,0.86,0.86,0.86,0.86,0.84,0.86,0.86,0.86,0.86,0.85,0.86,0.85,0.85,0.86,0.86,0.86,0.86,-1.08,0.86,0.86,0.85,0.86,0.86,0.86,0.75,0.86,0.86,0.86,0.86,0.86,0.86,-1.09,0.86,-1.02,0.86,0.84,0.86,0.85,0.81,0.86,0.86,0.86,0.86,0.84,0.86,0.86,0.76,0.86,0.86,0.85,0.86,0.86,0.86,0.86,0.86,0.86,0.72,0.86,0.84,0.86,0.86,0.86,-1.09,0.86,0.76,0.85,0.86,0.85,0.84,0.86,0.86,0.85,0.86,0.86,0.86,0.86,0.86,0.86,0.86,0.86,0.73,-1.13,0.85,0.86,0.86,0.7,0.86,0.86,0.72,0.85,0.86,0.86,0.85,0.86,0.74,0.86,0.85,0.86,0.86,0.86,0.86,0.85,0.84,0.85,0.73,0.85,0.86,0.86,0.85,0.84,0.86,0.86,0.86,0.86,0.86,0.86,0.86,-1.05,0.78,0.83,0.84,0.85,-1.06,0.86,0.86,0.86,0.81,0.84,0.86,0.84,0.86,0.86,0.86,0.86,0.86,0.86,0.86,0.86,0.86,0.86,-1.02,0.85,0.85,0.86,0.84,0.86,0.86,0.86,0.86,-1.0,0.86,0.86,0.86,0.86,0.86,0.86,0.86,0.86,0.85,0.86,0.86,0.86,0.86,0.85,-1.08,0.86,0.86,0.85,0.86,0.86,0.8,0.86,0.84,0.86,0.86,0.86,-1.15,0.86,0.86,0.86,0.86,0.86,0.86,0.86,0.86,0.86,0.86,-1.07,0.84,0.86,0.84,0.86,0.72,0.86,0.86,0.83,0.86,0.86,0.86,0.83,0.85,-1.02,0.86,0.86,0.86,0.86,0.84,0.85,0.86,0.86,0.86,0.86,0.85,0.86,0.86,0.86,0.86,0.86,0.84,-1.12,0.86,0.84,0.86,0.84,-1.01,0.86,0.86,0.86,0.81,0.86,0.86,0.86,0.86,0.86,-1.0,0.85,-1.01,0.86,0.86,0.85,0.83,0.86,0.86,0.86,0.86,0.79,0.86,0.86,0.86,0.86,0.85,0.73,-1.02,0.84,0.84,0.85,0.86,0.86,0.86,0.86,0.86,0.86,0.85,0.86,0.86,0.86,0.86,0.86,0.86,0.86,0.86,0.86,0.77,0.86,0.86,0.86,0.86,0.86,0.86,0.86,0.84,0.86,0.86,0.86,0.85,0.86,0.85,0.86,0.86,0.86,0.86,0.86,0.86,0.86,0.86,0.86,0.86,-1.13,0.85,0.86,-1.05,0.85,-1.13,-1.0,0.86,0.79,0.86,0.86,0.86,0.86,0.85,0.86,0.86,0.86,0.86,0.85,0.86,0.86,0.86,0.83,0.86,0.86,0.86,0.85,0.86,0.86,0.85,0.86,0.86,0.85,0.86,0.83,0.83,0.86,0.86,0.85,0.86,0.86,0.84,0.86,0.86,0.86,0.86,0.86,0.86,0.86,-1.12,0.86,0.86,0.86,0.86,0.86,0.86,0.86,0.86,0.86,0.86,0.86,0.86,0.86,0.85,0.86,0.84,0.85,0.84,0.86,0.84,0.86,0.86,0.86,0.86,0.86,0.86,0.86,0.86,0.86,0.86,0.86,0.86,0.86,0.85,0.86,0.85,0.86,0.85,0.86,0.84,-1.03,0.86,0.86,-1.07,0.86,0.85,0.86,0.86,0.86,0.86,0.86,0.86,0.86,0.85,0.85,0.86,0.84,0.85,0.86,-1.1,0.85,0.86,0.86,0.86,0.86,0.86,0.86,-1.2,0.69,0.86,0.86,0.86,0.86,0.86,0.84,0.84,0.86,0.86,0.86,0.86,0.86,0.86,0.86,0.84,0.86,0.86,0.86,0.86,0.86,0.86,-1.05,0.86,0.86,0.86,0.86,0.81,0.86,0.86,0.85,0.86,0.85,0.86,0.84,-1.09,0.86,0.86,0.86,0.86,-1.01,0.85,0.86,0.86,0.86,0.86,0.86,0.86,0.86,0.86,0.84,0.86,0.86,0.84,0.86,0.86,0.84,0.86,0.85,0.83,0.86,0.86,0.84,0.85,0.85,0.86,0.86,0.85,0.86,-1.16,-1.09,0.86,0.85,0.85,-1.06,0.86,0.86,0.85,0.86,0.86,0.86,0.86,0.86,0.86,0.86,0.86,0.86,0.86,0.86,0.86,0.86,0.86,0.83,0.84,0.86,0.86,0.86,0.85,0.85,0.84,0.86,0.86,0.86,0.86,0.86,0.86,0.86,0.86,0.83,0.86,0.86,0.84,0.86,0.86,0.84,0.86,0.86,0.86,0.86,0.86,0.86,0.86,-1.03,0.75,0.83,0.86,0.86,0.86,-1.13,0.86,0.85,0.86,0.86,0.86,0.79,0.86,-1.02,0.86,0.86,0.77,0.85,0.86,0.84,0.81,0.72,0.86,0.86,-1.1,0.86,0.86,0.72,0.86,0.86,0.86,0.86,-1.02,0.85,0.86,0.86,0.85,0.86,-1.14,0.86,0.85,0.83,0.73,0.86,0.86,0.84,0.85,0.86,0.86,0.86,0.86,0.86,0.86,0.86,0.86,0.86,0.86,0.86,0.84,0.86,0.86,0.86,0.86,-1.13,0.86,0.86,0.86,0.86,0.86,0.84,-1.03,0.86,0.86,0.86,0.86,0.85,0.86,0.86,0.86,0.86,0.86,0.86,0.86,0.86,0.86,0.85,0.86,0.85,-1.09,0.85,0.86,0.86,0.86,0.86,0.86,0.86,0.86,0.86,0.86,0.86,0.86,0.86,0.85,0.86,0.86,0.86,0.72,0.86,0.86,0.85,0.86,0.86,0.86,0.86,0.85,0.84,0.86,0.86,0.86,0.86,0.86,0.85,0.86,0.86,0.86,0.86,0.86,0.86,-1.07,0.86,0.86,0.86,0.85,0.84,0.86,0.86,0.86,0.86,0.86,0.86,0.86,0.84,0.86,0.86,0.86,0.86,0.86,0.86,-1.1,0.86,0.78,0.85,0.84,0.86,-1.06,0.86,0.86,0.86,0.84,0.86,0.86,0.73,0.85,0.86,0.76,0.86,0.86,0.86,0.86,-1.12,0.86,0.84,0.86,-1.02,0.86,0.86,0.86,0.86,0.86,0.86,0.86,0.86,0.86,0.86,0.86,0.86,0.86,0.86,0.85,0.86,0.86,0.86,0.86,-1.11,0.86,0.84,0.86,0.86,0.78,-1.02,0.86,0.86,0.84,0.85,0.84,0.85,0.86,0.84,0.86,0.86,0.84,0.86,0.83,-1.07,0.71,0.85,0.84,0.86,0.86,0.86,-1.07,0.86,0.72,0.85,0.85,-1.09,0.86,0.84,0.83,0.83,0.86,0.86,0.84,0.86,0.86,0.86,0.72,0.86,0.84,0.86,0.82,0.84,0.86,0.84,0.86,0.86,0.86,0.86,0.86,0.86,0.86,0.86,0.86,0.86,0.85,0.86,0.86,0.86,0.86,0.86,0.86,0.86,0.86,0.84,0.86,0.86,0.86,0.86,0.86,0.85,0.85,0.86,0.85,0.86,0.74,0.85,0.86,0.86,-1.12,0.85,0.86,0.86,0.86,0.86,0.86,0.86,0.74,0.86,0.86,0.82,0.86,0.86,0.86,0.86,0.86,0.86,0.86,0.84,0.85,0.86,-1.03,0.85,0.86,0.84,-1.11,0.86,0.86,0.85,0.86,0.84,0.85,0.86,-1.05,0.85,0.85,0.86,0.86,0.86,0.86,0.86,-1.02,0.85,0.86,0.84,0.86,0.85,0.86,0.86,0.86,0.79,0.86,0.86,0.86,0.86,0.86,0.86,0.72,0.86,0.86,0.85,0.86,0.86,0.86,0.86,0.86,0.86,0.86,0.84,0.86,0.86,0.84,0.86,0.86,0.86,0.86,0.82,0.86,0.85,0.86,0.84,0.86,0.86,0.86,0.86,0.85,0.86,0.86,0.86,0.86,0.71,0.86,0.79,0.86,0.86,0.86,-1.14,0.86,0.86,0.86,0.85,0.86,0.85,0.86,0.7,0.84,0.76,0.86,0.86,0.82,0.86,0.86,0.83,-1.01,0.85,0.86,0.86,0.86,0.83,0.79,0.85,0.86,0.86,-1.02,0.85,0.85,0.86,0.86,0.84,0.86,0.86,0.86,0.86,0.86,0.86,0.77,0.86,0.86,0.86,0.86,0.86,0.83,0.86,0.84,0.85,0.84,0.86,0.86,0.86,0.86,0.85,0.86,0.86,0.86,0.86,0.85,0.86,0.84,0.86,0.86,0.86,0.85,0.86,0.86,0.86,0.86,0.86,0.86,0.86,0.86,0.86,-1.07,-1.14,0.86,0.86,0.85,0.86,0.86,0.85,0.85,0.85,0.86,0.86,0.86,0.86,0.86,0.86,0.86,-1.02,0.86,-1.12,0.86,0.85,0.85,0.86,0.86,0.85,0.86,0.85,0.84,0.86,0.86,-1.13,0.86,0.86,0.86,0.86,0.85,0.86,0.71,0.86,0.86,0.86,0.86,0.85,0.86,0.86,0.86,0.86,0.84,0.86,0.84,0.86,0.86,0.86,0.86,0.86,0.86,0.86,0.86,-1.1,0.85,0.86,0.86,0.86,0.72,0.86,0.86,0.86,0.86,0.84,0.86,-1.13,0.86,-1.13,0.86,0.85,0.86,0.74,0.83,0.86,0.86,0.83,0.86,0.86,0.86,0.86,0.86,0.86,0.86,0.86,0.86,0.86,0.86,-1.02,0.86,0.84,0.86,0.86,0.85,0.86,0.86,0.86,0.86,0.86,0.84,0.81,0.86,-1.02,0.86,0.83,0.86,0.86,0.86,0.86,0.86,0.86,0.79,0.86,-1.13,0.72,0.86,0.85,0.86,-1.03,0.86,0.86,0.86,0.76,-1.12,0.85,0.86,0.86,0.85,0.86,0.86,0.77,0.86,0.86,0.85,0.85,0.83,0.86,0.86,0.85,0.86,0.86,0.86,0.81,-1.27,0.86,-1.08,0.83,0.85,0.84,0.86,0.86,0.86,0.86,0.86,0.86,0.86,0.86,0.86,-1.09,0.85,0.84,0.85,0.75,0.85,0.84,0.86,0.86,0.83,0.86,0.84,0.85,0.86,0.86,0.74,0.85,0.86,0.86,0.86,0.86,0.86,0.86,0.86,0.86,0.86,0.86,0.86,0.86,0.86,0.86,0.86,-1.13,0.86,0.85,0.85,0.85,0.86,0.86,0.86,0.86,0.86,0.86,0.86,0.84,0.85,0.86,0.86,0.86,-1.13,0.86,0.86,0.86,0.86,0.86,0.86,0.86,0.86,0.86,0.86,0.86,0.86,0.86,0.86,0.86,0.86,0.86,0.86,0.86,0.85,0.85,0.86,0.86,0.86,0.86,0.86,0.83,0.86,0.86,0.86,0.86,0.86,0.86,0.86,0.86,0.86,0.86,0.8,0.85,0.86,0.86,-1.12,0.86,0.85,0.85,0.74,0.85,0.86,0.86,0.84,0.85,0.86,0.86,0.86,0.86,0.8,0.86,0.86,0.86,0.86,0.86,0.86,0.86,0.86,0.86,0.86,0.74,0.86,0.86,0.86,0.85,0.86,0.86,0.86,-1.04,0.86,-1.02,0.84,0.86,0.86,0.86,0.86,0.86,0.84,0.86,0.84,0.86,0.86,0.86,0.84,0.86,0.86,0.86,0.86,0.85,0.86,0.86,0.85,-1.02,0.86,0.86,0.86,0.86,0.86,0.86,0.86,0.86,0.86,0.86,0.86,0.86,0.86,0.86,0.86,0.86,0.86,-1.01,0.86,0.86,0.86,0.86,0.86,0.86,0.86,0.86,0.86,0.86,0.86,0.86,0.86,0.86,0.86,0.86,0.86,0.86,0.86,0.86,0.86,-1.05,0.86,0.86,0.84,-1.11,0.85,0.86,0.86,0.86,0.79,0.86,-1.09,0.86,0.85,0.86,0.84,0.86,0.86,0.86,0.86,-1.09,0.86,0.86,0.85,0.86,0.86,0.78,0.86,0.86,0.8,0.86,0.76,0.86,0.86,0.86,0.86,0.86,0.86,-1.07,0.86,0.85,0.86,-1.02,0.86,0.86,0.86,0.86,0.86,0.86,0.85,0.86,0.86,0.86,0.86,0.86,0.86,0.77,0.86,0.84,0.86,0.84,0.86,0.86,0.84,0.86,0.83,0.86,0.86,0.86,0.86,0.86,0.86,0.84,0.86,0.86,0.86,0.86,0.86,0.86,0.86,0.86,0.85,0.86,0.85,-1.08,0.86,0.86,0.86,0.86,0.85,0.86,0.86,0.84,0.86,-1.02,0.86,0.86,0.85,0.85,0.85,0.86,0.86,0.86,0.86,0.86,0.86,0.86,-1.04,0.86,0.85,0.84,0.86,0.86,0.85,0.86,0.86,0.86,0.86,0.86,0.86,0.86,0.85,0.86,0.85,0.85,0.86,0.86,0.86,0.86,0.86,0.86,0.86,0.84,0.86,0.86,0.84,0.86,0.86,0.86,0.86,0.86,0.86,0.86,0.8,0.86,0.86,0.86,0.85,0.84,0.83,0.86,0.86,0.86,0.84,0.85,0.86,0.86,0.86,-1.14,0.85,0.86,0.84,0.69,0.86,0.85,-1.0,0.86,0.86,0.86,0.86,0.86,0.86,0.86,0.86,0.78,0.86,0.86,0.86,0.86,-1.07,0.86,0.86,0.86,0.84,0.86,-1.03,0.85,0.86,0.85,0.84,0.86,0.86,0.86,0.86,0.85,0.84,0.86,0.86,0.86,0.86,0.86,0.86,0.85,0.74,0.86,0.84,0.83,0.86,0.86,0.86,0.86,0.84,0.86,0.85,0.86,0.86,-1.14,0.86,0.86,0.86,0.86,0.86,0.86,0.86,0.86,0.86,0.86,0.85,0.86,0.86,0.86,0.86,0.86,0.86,0.86,0.86,0.86,0.86,-1.05,0.84,0.86,0.86,0.86,0.85,0.86,0.86,0.86,0.86,0.86,0.86,0.86,0.73,0.86,0.86,0.86,0.86,0.86,0.85,0.86,0.86,0.86,0.86,0.85,0.86,0.86,0.86,0.73,0.85,0.85,0.86,0.86,0.81,0.86,0.86,0.86,0.86,0.86,0.77,0.86,0.84,0.86,0.86,0.72,0.86,0.86,0.86,-1.11,0.86,-1.04,0.85,0.82,0.86,0.86,0.86,0.86,-1.01,0.86,-1.14,0.84,0.86,0.85,0.86,0.86,0.86,0.85,0.86,0.86,0.86,0.86,0.86,0.86,0.86,0.86,-1.0,-1.14,0.86,0.86,0.76,0.85,0.86,0.86,0.86,0.86,0.84,0.86,0.86,0.86
-1.1,0.84,-1.18,-1.04,0.83,0.83,0.77,0.84,-1.0,0.82,0.68,-1.01,0.86,-1.15,0.85,0.68,-1.16,-1.07,-1.11,-1.13,-1.05,0.79,0.68,-1.02,-1.16,0.66,0.86,-1.05,0.77,0.86,0.85,0.84,0.8,0.86,0.86,0.85,0.75,-1.03,-1.02,0.82,0.83,0.84,0.86,0.85,0.83,0.86,-1.02,0.84,0.86,0.86,0.85,0.82,0.75,0.84,0.86,0.85,0.86,0.86,0.86,0.86,0.86,0.86,0.86,0.7,0.86,0.85,-1.12,0.86,-1.2,0.86,0.85,0.86,0.86,0.86,-1.05,0.86,-1.02,0.86,0.84,0.86,0.86,-1.12,0.71,-1.1,0.78,0.86,0.86,0.86,0.85,0.86,0.86,0.86,0.86,0.86,0.86,0.86,0.86,0.86,0.86,0.86,0.86,0.86,0.86,0.86,0.85,0.86,0.86,0.86,0.86,0.86,0.86,0.86,0.86,0.84,0.85,0.86,0.86,0.85,0.85,0.86,0.86,0.86,0.84,0.86,0.86,0.86,0.86,0.86,0.86,0.86,0.86,0.86,0.86,0.86,0.86,0.86,0.86,0.86,0.86,0.86,0.86,0.86,0.86,0.85,0.86,0.84,-1.05,0.86,0.86,0.86,0.86,0.86,0.86,0.86,0.86,0.84,-1.13,0.86,0.86,0.86,0.85,0.86,0.86,0.86,0.86,0.84,0.86,0.86,0.86,0.86,0.86,0.86,0.86,0.86,-1.12,0.86,0.86,0.86,0.86,0.86,-1.05,-1.07,0.85,0.86,0.85,-1.12,0.86,0.85,0.86,0.86,0.86,0.86,0.84,0.86,0.86,0.84,0.86,0.86,0.86,0.86,0.86,0.84,0.86,0.86,0.86,0.86,0.86,0.86,0.86,0.86,0.86,0.85,0.86,-1.13,0.86,0.86,0.86,0.86,0.86,0.86,0.86,0.86,0.86,0.86,0.82,-1.12,0.85,0.86,0.86,0.86,0.86,0.86,0.86,0.86,0.86,0.86,0.86,0.86,0.86,0.86,-1.11,0.86,0.86,0.86,0.86,-1.14,0.86,0.84,0.84,0.86,0.86,0.86,0.86,0.84,0.86,0.86,0.86,0.86,0.86,0.74,0.86,0.82,0.86,0.86,0.86,0.86,0.86,0.84,0.84,-1.05,0.86,-1.0,-1.04,0.86,-1.14,0.86,-1.07,0.86,0.86,0.86,0.86,0.86,0.86,0.86,0.86,0.84,0.86,0.82,0.85,0.85,0.86,0.86,0.86,0.86,-1.03,0.86,0.85,0.86,0.86,0.85,0.86,0.86,0.82,0.86,0.86,0.86,0.86,0.83,0.86,0.86,0.86,0.84,0.86,0.84,0.86,0.86,0.86,0.83,0.86,0.85,0.86,0.86,0.83,0.73,0.86,0.86,0.86,0.86,-1.02,0.86,0.86,0.86,0.85,0.86,0.71,0.86,0.86,0.86,0.86,0.84,0.85,0.84,0.86,0.85,-1.08,-1.12,0.86,0.85,0.86,0.85,0.83,0.86,0.84,0.85,0.86,0.86,0.85,0.86,0.83,0.77,0.86,0.86,0.86,0.86,0.85,0.86,0.86,0.86,0.86,0.86,0.84,0.86,0.83,0.86,0.86,0.84,-1.01,0.86,0.86,0.86,0.86,0.86,0.86,0.86,0.86,0.86,0.86,0.86,0.86,0.86,0.86,0.85,0.86,0.86,0.86,0.86,0.86,0.86,0.84,0.86,0.85,-1.02,0.86,0.86,0.86,0.86,0.86,0.85,0.84,0.86,0.86,0.86,0.86,0.86,0.86,0.86,-1.07,0.86,0.83,0.85,0.86,0.83,0.86,0.86,0.86,0.86,0.86,0.86,0.85,0.86,0.86,0.86,0.86,0.86,0.86,0.86,0.86,0.86,0.86,0.84,0.86,0.86,-1.05,0.83,0.86,0.86,0.86,0.86,0.84,0.86,0.86,0.86,0.86,0.86,0.8,0.86,0.86,0.84,0.86,0.86,0.86,0.86,0.86,0.86,0.86,0.86,0.86,0.85,0.86,-1.11,0.86,0.85,0.86,0.86,0.74,0.86,0.86,0.86,0.86,0.85,0.71,0.86,-1.03,0.86,0.86,0.84,0.86,0.85,0.85,0.82,0.86,0.67,0.86,0.86,0.86,0.84,0.86,0.86,0.86,0.86,0.86,0.86,0.86,0.86,0.86,0.86,0.86,0.86,0.86,0.71,0.86,0.86,0.86,0.86,0.86,0.86,0.84,0.85,0.86,0.86,0.86,0.86,0.86,0.86,0.86,0.86,0.86,0.86,0.86,0.86,0.86,0.86,0.86,0.86,0.86,0.86,0.84,0.86,0.86,0.86,-1.09,0.86,0.86,0.86,0.86,0.84,0.86,0.86,0.86,0.85,0.85,0.84,0.86,0.86,0.85,-1.02,0.86,0.86,0.81,0.84,0.86,0.85,-1.07,0.86,0.86,0.86,0.72,0.81,0.86,0.86,0.86,0.86,0.86,0.86,0.86,0.86,0.84,0.86,0.8,0.84,0.86,0.86,0.86,0.86,0.86,0.86,0.86,0.86,0.86,0.86,0.84,0.84,0.86,0.86,0.86,0.86,0.86,0.84,0.86,0.86,0.86,0.85,0.86,0.86,0.71,0.86,0.86,0.83,0.86,0.86,0.86,0.86,0.86,0.86,0.86,0.86,0.86,0.86,0.86,0.84,-1.07,0.86,0.86,0.86,0.86,0.86,-1.06,0.85,0.84,0.86,0.86,0.86,0.86,0.86,0.82,0.84,0.85,0.84,-1.02,0.86,0.86,0.74,0.86,0.86,0.86,0.86,0.86,0.86,0.86,0.86,0.86,0.86,0.83,0.86,0.86,0.86,0.86,0.86,0.86,0.86,0.85,0.86,0.86,-1.0,0.85,-1.13,0.72,0.86,0.86,0.84,0.84,0.86,0.86,0.86,0.86,0.86,0.86,0.83,0.85,0.84,0.81,0.86,0.86,0.86,0.86,0.84,0.86,0.86,-1.14,0.86,0.86,0.86,0.86,0.85,0.86,0.86,0.86,0.86,0.86,0.86,-1.05,0.82,0.86,0.86,0.86,0.81,0.86,0.86,0.86,0.83,0.86,0.86,0.86,0.86,0.86,0.83,-1.13,0.86,0.86,0.86,0.86,0.86,0.86,0.86,0.86,0.86,0.73,0.86,0.86,0.86,0.86,0.86,0.86,0.86,0.86,0.84,0.86,0.86,0.86,0.86,0.86,-1.02,0.86,0.86,0.86,0.86,0.86,0.86,0.86,0.86,0.86,0.86,0.86,0.85,0.86,0.86,0.86,0.86,0.86,0.86,0.85,0.85,0.85,0.86,0.86,-1.09,0.86,0.86,0.77,0.85,0.86,0.86,0.86,0.86,-1.04,0.86,0.77,0.86,0.86,0.86,-1.13,0.86,0.86,0.86,0.86,0.86,-1.02,0.84,0.86,0.86,0.84,0.86,0.86,0.86,0.85,0.85,0.86,-1.0,0.84,0.74,0.85,0.86,0.86,0.86,0.86,0.86,0.86,-1.0,0.86,0.86,0.86,0.86,0.86,0.86,0.86,0.86,0.86,0.86,0.86,0.85,0.86,-1.02,0.84,0.86,-1.13,0.86,0.86,0.76,0.86,0.86,0.86,0.86,0.83,0.84,0.86,0.84,0.86,0.86,0.86,0.86,0.86,0.86,0.86,0.86,0.86,0.86,0.86,0.86,0.86,0.86,-1.14,0.86,0.86,0.86,0.85,0.84,0.75,0.86,0.86,0.85,0.86,0.86,0.86,0.86,0.86,0.85,0.86,0.86,0.86,0.84,0.84,0.86,0.86,0.86,0.86,0.86,0.86,0.86,0.86,-1.12,0.84,0.86,0.86,0.85,0.86,0.84,0.86,0.86,0.86,0.86,0.86,-1.03,0.86,0.86,0.86,0.85,0.86,0.86,0.86,0.86,0.85,-1.11,0.86,0.86,0.86,0.86,0.86,0.85,0.85,0.86,0.86,0.86,0.86,0.79,0.86,0.84,0.86,0.86,0.86,0.86,0.86,0.84,0.86,0.86,0.85,0.76,0.85,0.86,-1.02,0.86,0.86,0.85,0.86,0.86,0.86,-1.09,0.86,0.86,0.85,-1.03,0.83,0.84,0.86,0.86,0.86,0.86,-1.04,0.86,0.84,0.86,0.86,0.85,-1.03,-1.05,-1.12,0.85,0.85,0.86,0.86,0.86,0.86,0.86,0.86,0.86,0.86,0.86,0.86,0.86,-1.13,0.86,0.86,0.86,0.84,0.85,0.86,0.86,0.86,0.86,0.85,0.84,0.85,0.86,0.86,0.86,0.86,0.86,0.86,0.85,0.86,0.83,0.86,-1.01,0.85,0.85,0.86,0.86,0.86,0.86,0.86,0.85,0.86,-1.05,0.86,-1.03,0.85,0.86,0.86,0.81,0.86,0.86,0.86,0.86,0.86,0.86,0.85,0.84,0.83,0.86,0.86,0.86,0.85,0.72,0.86,0.86,0.86,0.86,-1.14,0.86,0.79,0.84,0.83,0.85,0.86,0.86,0.86,0.86,0.86,0.86,0.86,0.86,0.86,0.86,-1.12,0.72,0.85,0.84,0.86,0.86,0.86,0.84,0.86,0.86,0.84,0.86,0.85,0.86,0.83,0.86,0.86,0.86,0.86,0.86,0.63,0.86,0.86,0.86,0.86,0.86,-1.16,0.86,0.86,0.86,0.86,-1.09,0.86,0.86,0.86,0.81,0.86,-1.09,0.86,0.84,0.72,0.86,0.86,0.86,0.82,0.85,0.86,-1.03,0.83,0.86,0.86,-1.12,0.86,0.84,0.86,0.86,0.86,0.86,0.86,0.86,0.86,0.86,0.86,0.86,0.83,0.86,0.86,0.86,0.86,0.84,0.86,0.84,0.85,0.86,0.86,0.86,0.86,0.86,0.86,-1.07,0.86,0.86,0.84,0.86,-1.13,0.85,0.86,0.86,0.86,0.86,0.86,0.85,0.86,0.86,0.86,0.86,0.84,0.86,0.86,0.84,0.71,0.86,0.86,0.85,0.84,0.86,0.86,0.86,0.86,-1.14,0.86,0.86,0.85,0.86,0.86,0.86,0.84,0.84,0.86,0.86,0.83,0.85,0.85,0.86,0.85,0.86,0.86,0.86,0.86,-1.16,0.58,0.84,0.86,0.86,-1.16,0.83,0.86,0.86,-1.0,0.86,0.86,0.86,0.86,0.86,0.86,0.84,0.86,0.86,0.86,0.86,0.86,0.86,0.86,0.8,0.86,0.86,0.86,-1.13,0.85,0.86,0.86,0.86,0.86,0.85,0.86,0.86,0.86,0.86,0.84,0.85,0.85,0.86,-1.03,0.86,0.85,0.86,0.84,0.86,0.86,0.85,0.86,0.86,0.86,0.85,0.86,0.84,0.85,-1.02,0.86,0.86,0.86,0.86,0.86,0.86,0.86,-1.1,0.85,0.86,0.85,0.86,0.83,0.85,0.69,0.85,0.86,0.85,0.86,0.86,0.86,0.84,0.86,0.84,0.86,0.85,0.86,0.86,0.86,0.83,0.86,0.86,0.86,0.86,0.86,-1.03,0.86,0.86,0.86,0.85,0.86,0.79,0.82,0.86,0.85,0.85,0.86,-1.02,0.85,0.86,0.86,0.86,0.86,0.86,0.83,0.86,0.86,0.85,0.86,0.82,0.86,0.86,0.86,-1.07,0.85,0.85,0.86,0.86,0.86,0.86,0.86,0.86,0.72,0.85,0.85,0.86,0.67,0.86,0.86,0.86,0.85,0.86,0.85,0.86,0.72,0.86,0.86,0.86,0.86,0.86,0.86,0.86,0.86,0.86,0.83,-1.14,-1.12,0.86,0.86,0.86,0.86,0.86,0.86,0.86,0.86,0.86,-1.04,0.85,0.86,0.86,0.86,0.86,0.86,0.86,0.86,0.86,0.86,-1.09,0.86,0.86,0.86,0.86,0.86,0.69,0.86,0.85,0.86,0.82,0.86,0.86,0.85,0.86,0.83,0.84,-1.03,0.84,0.84,-1.13,0.86,0.86,0.82,0.86,0.86,0.86,0.86,0.86,0.86,0.86,0.86,0.86,0.86,0.86,0.86,0.86,0.85,0.86,0.86,0.86,0.86,0.86,0.85,0.86,0.86,0.86,0.86,0.86,-1.12,0.86,0.86,0.86,0.86,0.86,0.86,0.84,0.86,0.86,0.86,0.86,0.84,0.84,0.85,0.86,0.86,0.86,0.86,0.86,0.85,0.86,0.86,0.86,0.86,0.86,0.86,0.84,0.84,0.86,0.86,0.86,0.86,-1.05,0.86,0.86,0.86,0.86,0.79,0.86,-1.08,0.86,0.86,0.86,0.86,0.86,-1.13,0.85,0.86,0.86,0.86,0.86,0.86,0.86,0.83,0.86,0.86,0.84,0.86,0.86,0.86,0.86,0.85,0.85,0.86,0.86,0.86,0.86,0.85,0.85,0.86,0.86,0.86,0.86,0.86,0.86,0.86,0.86,0.86,0.86,0.86,0.86,0.86,0.86,0.85,0.86,0.86,0.86,0.86,0.86,0.86,0.86,0.86,0.86,0.86,0.86,0.86,0.86,0.72,0.86,0.84,0.86,0.86,0.84,0.86,0.86,0.86,0.86,0.86,0.86,0.86,0.86,0.85,0.86,0.86,0.86,0.86,0.86,0.86,0.86,0.86,0.86,0.86,0.86,0.86,0.86,0.86,0.86,0.84,0.86,-1.16,0.85,0.86,0.83,0.86,-1.06,0.86,0.86,0.84,0.86,0.86,0.84,0.86,0.86,-1.14,0.85,0.86,0.86,0.86,0.84,0.86,0.86,0.84,0.86,0.8,0.86,0.86,0.86,0.86,0.86,0.86,0.86,0.86,0.86,0.86,0.86,0.86,0.86,0.86,0.86,0.86,0.83,0.86,0.86,0.83,0.86,0.86,0.86,0.86,0.86,0.86,0.85,0.86,0.86,0.86,0.86,-1.12,0.86,0.86,0.86,0.69,0.86,0.86,0.86,0.86,0.86,0.82,0.82,0.86,0.85,0.86,0.86,0.86,0.86,0.86,0.86,0.86,0.85,0.86,0.86,0.86,0.86,0.86,0.86,0.86,0.86,0.86,0.86,0.84,0.86,0.86,0.86,0.86,-1.07,0.85,-1.1,0.85,0.83,0.86,0.86,0.86,-1.13,0.85,0.84,0.84,0.86,0.86,0.86,0.85,0.86,0.86,0.86,0.86,0.86,0.86,0.86,0.85,0.85,0.85,0.86,0.86,0.86,0.86,0.86,0.86,0.86,0.86,0.86,0.86,0.86,0.86,0.83,-1.01,0.86,0.86,0.86,0.86,0.86,0.84,0.86,0.86,0.85,0.85,0.86,0.86,0.86,-1.03,0.86,0.86,0.86,0.86,0.86,0.86,0.86,0.86,0.85,0.86,0.86,0.86,0.86,0.86,0.86,0.86,0.86,0.86,0.86,0.84,0.86,0.86,0.86,0.86,0.86,0.86,0.84,0.86,-1.1,0.83,0.85,0.85,-1.07,-1.0,0.86,0.86,0.86,0.86,0.86,0.86,-1.04,0.86,-1.0,0.86,0.84,0.86,0.86,0.86,0.84,0.85,0.85,0.86,0.86,0.86,0.86,0.86,0.86,0.84,0.86,0.86,0.86,0.86,0.86,0.84,0.86,0.83,0.86,0.86,0.85,0.86,0.86,0.86,-1.14,0.86,0.85,0.86,0.86,0.86,0.86,0.71,0.85,0.85,0.86,0.86,0.86,0.86,0.86,0.86,0.86,0.86,0.86,0.83,0.86,0.86,0.84,0.86,0.86,-1.13,0.86,0.85,0.85,0.86,0.86,0.86,0.86,0.86,0.86,0.73,0.86,0.86,0.86,-1.1,0.86,0.84,0.85,0.86,0.83,0.86,0.86,0.85,0.85,0.86,0.86,0.86,0.84,0.86,0.86,0.86,0.86,0.86,0.86,0.86,0.85,0.86,0.86,0.86,0.85,0.86,0.84,0.86,0.86,0.82,0.86,0.86,-1.03,0.7,0.86,0.86,0.86,0.86,0.84,0.83,0.86,0.86,0.86,0.86,0.86,0.84,0.86,0.86,0.86,0.86,-1.14,0.86,0.86,0.86,0.74,0.85,0.86,0.86,0.86,0.72,-1.05,0.84,0.85,0.84,0.86,0.86,0.86,0.86,-1.14,-1.08,0.85,0.85,0.86,0.85,0.86,0.83,0.86,0.85,-1.09,0.85,0.86,0.86,0.8,0.85,-1.03,0.86,0.86,0.86,0.84,0.86,0.86,0.84,0.86,0.85,0.86,0.86,0.86,0.86,0.86,0.86,0.86,0.86,0.86,0.86,0.85,0.86,0.86,0.85,0.86,0.85,0.85,0.86,0.86,0.86,0.86,0.86,-1.13,0.86,0.86,0.84,0.86,0.86,0.86,0.77,-1.14,0.86,0.86,-1.15,0.85,0.86,0.86,0.84,0.86,0.86,0.83,-1.09,0.84,0.85,0.85,0.86,0.84,0.86,0.86,0.86,0.85,0.86,0.86,0.86,0.86,0.86,0.86,0.79,0.86,0.86,0.72,0.85,0.86,0.86,0.86,0.86,0.86,0.86,0.86,0.86,0.86,0.85,0.86,0.86,0.86,0.86,-1.05,0.84,0.71,0.86,0.86,0.86,0.86,0.86,0.86,0.86,0.86,0.86,0.86,-1.1,0.86,0.86,0.86,0.84,0.71,0.86,0.86,0.78,0.86,0.86,0.85,0.84,0.86,0.84,0.86,0.86,0.86,0.86,0.86,0.86,0.84,0.86,0.86,0.86,-1.02,0.86,0.84,0.86,0.86,0.86,0.86,0.86,0.78,0.86,0.86,0.85,0.86,0.85,0.86,-1.04,-1.16,0.79,0.85,0.86,0.86,0.86,0.86,0.86,0.81,0.86,0.82,0.86,0.86,0.86,0.86,0.86,0.84,0.86,-1.12,0.85,0.85,0.86,0.8,0.86,0.86,0.86,0.86,0.84,0.86,0.86,0.85,0.86,0.85,0.86,0.86,0.86,0.86,0.85,0.86,0.85,0.86,0.86,0.84,0.86,0.86,0.86,0.86,0.86,0.86,0.86,0.86,0.86,0.86,0.86,0.85,0.86,0.86,0.85,0.86,0.83,0.86,0.86,0.86,0.86,0.84,0.86,0.86,0.74,0.85,0.86,0.86,0.73,0.86,0.86,0.86,0.86,0.86,0.86,0.86,0.85,0.86,0.86,0.86,0.86,0.86,0.86,0.86,0.85,0.86,0.86,0.84,0.86,0.86,0.86,0.86,0.86,0.86,0.86,0.86,0.86,0.86,0.86,0.86,0.86,0.86,0.86,0.86,0.86,-1.06,0.86,0.86,-1.12,0.83,-1.05,0.85,0.85,0.86,0.85,0.85,0.86,0.86,0.86,0.86,0.84,0.86,-1.03,0.84,0.86,0.86,0.86,0.85,0.86,0.74,0.85,0.86,0.85,0.86,0.86,0.86,0.86,0.86,0.86,0.85,0.86,0.86,0.85,0.86,0.86,0.86,0.86,0.82,0.86,0.85,0.78,0.86,0.84,0.86,0.86,0.86,0.86,0.84,-1.13,0.85,0.84,0.86,0.86,0.86,0.86,0.86,0.86,0.86,0.77,0.86,0.74,0.86,0.86,0.86,0.86,0.85,-1.07,0.85,0.86,0.86,0.86,0.86,0.85,0.86,0.86,0.86,0.85,0.86,0.86,0.86,0.86,-1.13,0.86,0.86,-1.03,0.86,0.86,0.86,0.86,0.86,0.84,0.86,0.84,0.86,0.84,0.86,0.86,0.85,0.86,0.85,0.86,0.86,0.85,0.86,0.86,0.86,0.86,0.86,0.76,0.86,0.86,0.84,0.85,0.86,0.86,0.86,0.86,0.85,0.86,0.85,0.74,0.86,0.86,0.86,0.79,0.86,0.84,0.86,0.86,0.86,0.86,0.85,0.85,0.86,0.86,0.85,0.86,0.86,0.86,0.86,0.86,0.86,0.86,0.86,0.86,0.84,0.86,0.86,0.86,0.86,0.86,0.85,0.86,0.84,0.86,0.85,-1.02,0.85,0.85,0.86,0.86,0.86,0.86,0.86,0.86,0.86,0.86,-1.0,0.86,-1.1,0.86,0.86,0.86,0.86,0.86,0.86,0.85,0.84,0.86,-1.05,0.85,0.86,0.86,0.83,0.86,0.77,-1.08,0.86,0.86,0.86,0.86,0.86,0.81,0.86,-1.1,0.86,0.85,0.84,0.86,0.84,0.86,0.86,0.86,0.85,0.86,0.67,0.86,0.86,0.86,0.86,0.86,0.86,0.86,0.86,0.86,0.86,0.85,0.85,-1.1,0.86,0.86,0.86,0.84,0.86,0.84,0.85,0.86,0.86,0.86,0.84,0.86,0.86,0.86,0.86,0.86,0.84,0.86,0.85,0.86,0.85,0.86,0.86,0.8,0.86,0.86,0.86,0.86,0.86,-1.07,-1.03,0.85,-1.06,0.86,0.85,-1.09,0.85,0.86,0.84,0.86,0.84,0.86,-1.09,0.86,0.86,-1.04,0.86,0.85,0.86,0.85,0.86,0.76,0.86,0.86,0.86,0.86,0.86,0.86,0.86,0.84,0.8,0.86,0.86,0.83,0.85,0.86,-1.12,0.86,0.86,0.86,0.83,0.86,0.85,0.86,0.86,0.86,0.86,0.86,0.86,0.86,0.86,0.86,0.85,0.83,0.86,0.86,0.86,0.86,0.86,0.86,-1.01,0.84,0.86,0.86,0.86,0.86,0.86,0.86,0.79,0.86,0.86,0.86,0.86,0.86,0.86,0.86,0.86,0.86,0.86,0.86,0.86,0.86,0.86,0.86,0.86,0.86,0.86,0.86,0.86,0.86,0.86,0.83,0.86,0.86,0.86,0.86,0.86,0.84,0.86,0.86,0.85,0.86,0.86,0.86,0.86,0.86,0.86,0.86,0.86,0.85,0.81,0.86,0.86,0.86,0.84,0.86,0.86,0.86,0.86,-1.06,0.86,0.84,-1.25,0.85,0.86,0.84,0.86,0.86,0.86,0.86,0.84,0.86,0.86,0.86,0.85,-1.07,-1.14,0.86,0.83,0.86,0.86,0.86,0.86,0.86,0.86,0.86,0.86,-1.03,0.85,0.86,0.82,0.85,0.83,0.86,-1.04,0.86,0.85,0.86,0.86,0.86,0.86,0.86,0.86,0.86,0.86,0.86,0.86,0.7,0.85,0.86,0.84,0.86,0.86,0.85,0.85,0.86,0.86,0.77,0.86,0.86,0.86,0.86,0.83,-1.08,0.86,0.86,0.86,0.86,0.86,0.86,0.86,0.86,0.82,0.86,0.85,0.86,0.86,0.86,-1.03,-1.09,0.85,0.86,0.79,0.86,0.86,0.84,0.83,0.86,0.86,0.86,0.86,0.83,0.86,0.86,0.85,0.86,-1.14,0.86,0.86,0.86,0.86,0.86,0.85,0.85,0.86,0.86,-1.14,0.85,0.86,0.85,0.85,0.86,0.86,0.86,0.86,-1.12,0.86,0.86,0.86,0.85,0.86,0.86,0.86,0.86,0.84,0.86,0.86,0.78,0.86,0.85,0.86,0.84,0.86,0.84,0.86,0.73,0.86,0.86,0.86,0.86,0.86,0.86,0.86,0.86,0.86,0.84,0.86,0.86,0.86,-1.01,0.86,0.82,0.84,0.86,0.86,0.86,0.75,0.86,0.74,0.86,0.84,0.86,0.84,0.86,0.86,0.86,0.84,0.85,0.86,0.86,0.86,0.86,0.86,0.84,0.86,-1.08,0.84,0.86,0.85,0.86,0.86,0.86,0.83,-1.07,0.85,0.83,0.86,0.86,0.86,0.86,0.86,0.86,0.86,0.86,0.86,0.85,0.86,0.86,0.86,0.86,0.86,0.86,0.86,0.86,-1.12,0.84,0.86,0.86,0.86,0.86,-1.05,0.86,0.86,0.86,0.86,0.86,0.86,0.86,0.86,0.86,0.86,0.86,0.86,0.86,0.86,0.83,0.86,0.85,0.86,0.85,0.86,0.86,0.86,0.86,0.86,0.86,0.8,0.84,0.86,0.86,0.86,0.86,0.84,0.82,0.84,0.86,0.86,0.86,-1.02,0.86,0.82,0.86,0.84,0.86,0.86,0.86,0.86,0.86,-1.04,0.84,0.86,0.85,0.86,0.86,0.86,0.86,0.84,0.85,0.77,0.83,-1.09,0.86,0.86,0.86,0.85,0.86,0.86,0.86,0.86,0.73,0.85,0.71,0.86,0.84,0.86,0.86,0.86,0.84,0.86,0.86,0.86,-1.11,0.82,0.86,0.86,0.83,0.84,0.71,0.86,0.86,0.86,0.86,0.86,0.86,0.86,0.86,0.84,-1.0,0.86,0.86,-1.03,0.86,0.84,0.86,0.84,0.86,0.86,0.85,0.86,0.7,0.86,0.86,0.86,0.86,0.86,0.86,0.86,0.85,0.86,0.85,0.86,0.86,0.86,0.86,0.86,0.86,-1.07,0.86,0.85,0.86,0.86,0.86,0.86,0.86,0.86,0.86,0.86,-1.11,0.85,0.86,0.86,0.86,0.84,0.86,-1.09,0.84,0.86,0.86,0.86,0.86,0.86,-1.03,0.86,0.74,0.86,-1.09,0.86,0.86,0.86,0.86,0.86,0.86,0.85,0.86,0.86,0.86,0.86,0.86,0.86,0.86,0.84,0.86,0.86,0.86,0.86,0.86,0.86,0.86,-1.25,0.84,0.86,0.86,0.81,0.86,0.86,0.86,0.79,0.86,-1.08,0.86,0.86,0.86,0.86,0.86,-1.0,0.85,0.86,0.86,0.86,0.86,0.86,0.86,0.85,0.86,0.85,0.86,0.86,0.86,0.85,-1.03,0.86,0.84,-1.13,0.86,0.85,0.86,0.84,0.86,-1.04,0.86,0.86,0.86,0.86,0.86,0.81,0.83,0.85,0.85,0.64,0.86,0.86,-1.1,0.86,0.86,0.85,0.86,0.86,0.86,0.86,0.75,0.83,0.82,0.86,0.86,0.86,0.86,0.85,0.86,-1.08,0.86,0.83,0.86,0.86,0.7,0.85,0.85,0.73,0.86,0.86,0.84,0.86,-1.1,-1.13,0.86,0.71,0.84,0.86,0.84,0.86,0.86,0.86,0.86,0.84,0.86,0.86,-1.07,0.86,0.86,0.86,0.86,-1.01,0.85,0.86,0.81,0.85,0.84,0.86,0.85,0.86,0.86,0.86,0.86,0.85,0.86,0.86,0.86,0.86,0.86,0.86
0.69,-1.11,-1.06,0.71,-1.06,-1.1,-1.13,-1.15,-1.0,-1.02,-1.1,0.81,0.83,-1.04,0.78,0.82,-1.1,0.78,0.85,-1.03,-1.03,-1.05,0.81,-1.27,-1.04,0.82,0.73,0.86,-1.05,0.79,0.84,0.82,0.72,0.79,0.7,0.86,-1.04,0.79,-1.07,0.86,0.83,0.8,0.84,0.85,-1.09,0.75,0.83,0.86,0.86,0.85,0.84,-1.13,0.85,0.8,0.85,0.84,0.86,0.86,0.86,0.86,0.86,0.84,0.86,0.86,0.55,0.86,0.86,0.86,0.85,0.86,0.86,0.86,0.86,0.86,-1.1,0.86,0.86,0.86,0.86,0.86,0.86,0.86,0.86,0.86,0.86,0.86,0.85,0.86,0.84,0.86,-1.06,0.86,0.86,0.84,0.86,0.85,0.84,0.86,0.86,0.86,0.86,0.86,0.86,0.86,0.86,0.86,0.86,0.86,0.86,0.86,0.86,0.86,0.86,0.86,-1.14,0.85,0.86,0.86,0.83,0.86,-1.0,0.86,-1.13,0.86,-1.06,0.85,0.86,0.85,0.86,0.86,0.84,0.86,-1.12,0.76,0.86,0.86,0.86,0.86,0.86,0.86,0.86,0.84,0.86,0.86,0.86,0.86,0.82,0.86,0.86,0.86,-1.1,0.86,0.86,0.86,0.86,-1.14,0.86,0.86,0.86,0.86,0.86,0.86,0.84,0.86,0.86,0.86,0.86,0.86,0.86,0.86,0.86,0.85,0.86,0.86,0.86,0.85,0.86,0.86,0.86,0.86,0.86,0.86,0.86,-1.08,0.84,0.84,0.86,-1.01,0.86,0.86,0.86,0.84,0.86,0.86,0.85,0.84,-1.12,0.85,-1.09,0.86,0.86,0.86,0.86,0.86,0.86,0.86,0.84,-1.01,0.86,0.86,0.86,0.86,0.86,0.86,0.86,0.86,0.84,0.86,0.86,-1.13,0.86,0.86,0.86,0.86,0.86,0.86,0.86,0.86,0.85,0.86,0.86,0.86,0.86,0.86,-1.12,0.86,0.85,0.86,0.86,0.86,0.86,0.86,0.86,0.84,-1.08,-1.06,0.86,0.86,0.83,-1.05,0.86,0.86,0.86,0.86,0.84,0.86,0.86,0.86,0.86,0.85,0.86,0.86,0.86,0.86,0.86,0.86,0.86,0.84,0.86,0.86,0.85,0.86,0.86,0.86,0.86,0.86,0.86,0.85,0.86,0.7,0.86,0.86,0.84,0.86,0.86,0.86,0.86,0.86,0.86,0.86,0.86,0.86,0.78,0.86,0.85,0.86,0.86,0.86,0.86,0.86,0.84,0.86,0.86,0.85,0.86,-1.12,0.85,0.86,0.86,0.85,0.86,-1.02,0.85,0.86,0.86,0.86,0.86,0.86,0.85,0.84,0.85,0.86,0.86,0.86,0.86,0.86,0.86,0.81,0.86,0.86,0.86,0.82,0.86,0.86,0.86,0.86,0.86,0.86,-1.01,0.86,0.86,0.84,-1.13,0.86,0.86,0.86,0.86,0.86,0.86,0.86,0.86,0.85,0.86,0.86,0.85,0.86,0.85,0.86,0.86,0.84,0.86,0.8,0.86,-1.11,0.83,0.86,0.86,0.86,0.86,0.86,0.86,0.86,0.86,-1.07,0.86,0.86,0.86,0.86,0.86,-1.12,0.83,0.86,0.86,-1.16,0.85,0.83,0.84,0.86,0.86,0.86,0.86,-1.08,0.86,-1.13,0.86,-1.38,0.86,0.86,0.86,0.86,0.86,0.86,0.83,0.86,0.85,0.86,-1.02,0.86,0.86,0.86,0.86,0.86,0.86,0.85,0.86,0.86,0.86,0.86,0.86,-1.02,0.86,0.86,0.86,0.85,0.86,0.86,0.84,0.86,0.86,0.86,0.84,0.86,0.86,0.86,0.86,0.86,0.86,0.86,0.86,0.73,0.86,0.86,-1.17,0.86,-1.06,0.86,0.82,0.86,0.86,0.86,0.86,0.86,-1.01,0.86,-1.14,-1.14,0.86,0.86,0.85,0.84,0.86,0.86,0.86,0.73,0.86,0.86,0.86,0.86,0.84,0.86,0.86,0.86,0.86,0.85,0.86,0.85,0.86,0.86,0.86,0.82,0.84,0.86,0.86,0.86,-1.22,0.84,-1.1,-1.02,0.86,0.86,0.77,0.86,-1.07,0.85,0.86,0.85,0.71,0.86,0.83,0.86,0.86,0.86,0.86,-1.13,0.85,0.86,0.85,0.86,0.86,0.86,0.86,0.85,0.85,0.85,0.86,0.84,0.86,0.86,0.86,0.86,0.86,0.86,0.86,-1.03,0.77,0.86,0.84,0.86,0.86,0.86,0.72,0.85,0.86,0.86,0.84,0.86,0.86,0.81,0.85,0.86,0.86,0.86,-1.02,-1.12,0.86,0.86,0.84,0.85,0.85,0.86,0.86,0.86,0.86,-1.03,0.85,0.86,0.86,-1.02,0.86,0.86,0.86,0.86,0.79,0.85,0.84,-1.02,0.86,0.86,0.86,0.86,0.86,0.86,-1.04,0.84,0.86,0.86,0.86,0.86,0.85,0.86,0.86,-1.05,0.86,0.84,0.85,0.86,0.86,0.86,0.86,-1.13,0.86,0.86,0.86,0.86,0.86,-1.01,0.81,0.86,0.86,0.86,0.86,0.8,0.86,0.86,0.85,0.85,0.86,0.85,0.86,-1.02,0.86,-1.14,0.85,0.86,0.86,0.86,0.86,0.86,0.86,0.86,0.79,0.86,0.86,0.86,0.86,0.86,0.86,-1.08,0.86,0.73,-1.07,0.86,0.85,0.86,0.85,0.84,0.86,0.86,0.86,0.86,0.86,0.86,0.86,0.86,0.86,-1.11,0.86,0.86,0.86,0.86,0.86,0.86,0.86,0.86,0.85,0.84,0.86,0.86,0.86,0.86,0.86,0.86,0.85,0.86,0.85,0.86,0.86,-1.07,0.86,0.86,0.86,0.71,0.86,0.86,0.85,-1.09,0.86,0.86,0.86,0.85,0.86,0.84,0.8,0.86,0.82,0.75,0.86,0.86,0.86,0.86,0.86,0.86,0.86,0.86,0.86,0.86,0.86,0.86,0.86,0.86,0.85,0.86,0.85,0.86,0.86,0.86,0.86,0.83,0.86,0.86,0.86,0.86,0.86,0.85,0.86,0.86,0.85,0.86,0.86,0.86,0.86,0.86,0.82,0.86,0.86,0.86,0.85,0.86,0.86,0.86,0.86,0.85,0.86,0.86,0.86,0.85,0.86,0.86,0.86,0.86,0.86,0.86,0.86,0.86,0.86,0.86,0.86,0.86,0.86,0.86,0.86,0.86,0.86,0.85,0.6,0.86,0.86,-1.12,0.86,0.86,0.86,0.86,-1.02,-1.11,0.85,0.86,0.86,0.85,0.84,0.86,0.86,0.86,0.86,0.84,0.86,0.84,0.86,0.86,0.86,0.86,0.86,0.86,0.86,0.86,0.86,0.86,0.86,0.86,0.86,0.84,0.86,0.86,0.84,0.86,0.86,0.86,0.84,0.86,0.86,0.86,0.86,0.86,0.75,0.86,0.84,-1.03,0.86,0.86,0.86,0.86,-1.09,0.85,0.86,0.86,0.86,0.86,0.86,0.86,0.86,0.86,0.86,0.86,0.86,0.85,0.86,0.85,0.86,0.84,0.85,0.86,0.86,0.86,0.86,0.86,0.86,0.85,-1.04,0.85,0.85,0.86,0.86,-1.02,0.86,0.71,0.86,0.86,-1.06,0.86,-1.03,0.85,0.86,0.86,0.86,0.86,0.86,0.86,0.85,0.85,0.86,0.86,-1.05,0.86,-1.2,0.86,0.86,0.82,-1.03,0.86,0.86,0.86,0.86,-1.13,0.84,0.86,0.85,0.86,-1.02,0.86,0.86,0.86,0.84,-1.13,0.85,0.86,0.86,0.86,0.85,0.86,0.86,0.84,0.86,0.86,0.85,0.86,0.86,0.86,0.86,0.85,0.86,0.86,0.86,0.86,0.86,0.86,0.86,0.86,-1.03,0.84,0.84,0.86,0.86,0.86,0.83,0.86,0.86,0.85,0.79,0.85,0.86,0.86,0.86,0.86,0.86,0.86,0.86,-1.12,0.86,0.86,0.86,0.86,0.86,0.86,0.85,-1.06,0.77,0.86,-1.02,0.86,0.86,0.86,0.86,0.86,0.86,0.85,0.86,0.84,0.83,0.86,0.85,0.86,0.86,0.86,0.86,0.86,0.86,0.86,0.8,0.86,0.86,0.86,0.86,0.86,0.86,0.86,0.86,0.86,0.86,0.86,-1.11,0.85,0.79,0.86,0.86,0.86,0.85,0.84,0.86,0.78,0.86,0.85,0.86,0.86,0.86,-1.0,0.6,0.7,0.86,0.86,0.86,0.86,0.86,0.86,0.86,0.86,0.85,0.86,0.86,0.86,0.86,0.86,0.86,0.86,0.86,0.86,0.86,0.75,0.86,0.85,0.86,0.86,-1.12,0.86,0.86,0.86,0.86,0.86,0.86,0.86,0.86,0.86,0.86,0.86,0.86,0.86,0.85,0.86,-1.13,-1.03,0.83,0.86,0.86,0.86,0.84,0.86,0.84,0.86,0.74,0.86,-1.01,0.86,0.86,0.86,0.86,0.86,0.86,0.86,0.86,0.86,0.86,-1.02,0.85,0.86,0.86,0.86,0.85,0.86,0.86,0.86,0.86,0.86,0.86,0.84,0.86,0.86,0.86,-1.05,0.85,0.84,0.86,0.86,0.83,0.86,0.86,0.82,0.86,0.86,-1.13,0.86,0.78,0.81,0.83,0.85,0.86,0.86,-1.09,0.85,0.86,0.86,0.84,0.86,0.82,0.86,0.86,0.86,0.85,0.86,0.86,0.86,0.86,0.86,0.84,0.86,0.86,0.86,0.86,0.86,0.86,0.86,0.86,0.85,0.86,0.86,0.86,0.86,0.86,0.86,0.86,0.84,0.86,0.86,0.86,0.85,0.86,0.85,-1.02,0.86,0.86,0.86,0.86,0.86,0.86,0.86,0.86,0.86,0.86,0.86,0.86,0.86,-1.14,0.86,0.86,0.85,0.86,0.86,0.86,0.84,0.86,0.86,0.86,0.86,0.86,0.86,-1.1,-1.0,0.86,0.85,0.85,0.86,0.86,0.86,0.86,0.86,-1.14,0.84,0.86,0.86,0.86,0.86,-1.1,0.86,0.86,0.86,0.86,0.86,0.86,0.86,0.74,0.86,0.84,0.86,0.86,-1.14,0.86,0.86,0.86,0.86,0.86,0.78,-1.13,0.86,0.84,0.86,0.86,0.86,0.86,0.85,0.84,0.82,0.85,0.84,0.86,0.86,0.85,-1.02,0.86,0.85,0.86,-1.03,0.86,0.86,0.86,0.86,0.85,0.86,0.85,0.85,0.86,0.86,0.85,0.86,0.86,0.86,-1.09,0.85,0.84,0.86,0.86,0.76,0.86,0.86,-1.03,0.86,0.84,0.86,0.85,0.86,0.86,0.86,0.72,0.81,0.86,0.86,0.85,0.85,0.86,0.86,0.86,0.86,0.86,0.86,0.86,0.86,0.84,0.86,0.86,0.86,0.86,0.86,0.86,0.86,0.84,0.86,0.85,0.86,0.86,0.86,0.86,0.86,0.86,0.73,0.86,0.86,0.86,0.85,0.86,0.84,0.84,0.83,0.86,0.86,0.86,0.86,0.86,0.86,0.86,0.86,0.86,0.86,0.86,0.86,0.86,0.86,0.86,0.86,0.86,0.86,0.86,0.86,0.86,0.86,0.84,0.86,0.86,0.86,0.84,0.85,0.85,0.86,0.86,0.86,0.85,0.86,-1.15,0.86,0.86,0.86,0.85,0.86,-1.12,0.86,0.86,0.86,0.86,0.86,0.86,0.83,0.86,-1.07,0.86,0.86,0.86,0.86,0.86,0.86,0.86,0.86,0.84,-1.0,0.86,0.86,0.86,0.86,0.86,0.86,0.86,0.86,0.84,0.86,0.86,0.85,0.85,0.84,0.86,0.86,0.86,0.86,0.86,0.86,0.85,0.86,0.82,0.86,0.86,0.86,0.86,0.86,0.78,0.85,0.86,0.86,0.86,0.85,0.84,0.86,0.86,0.86,0.86,-1.08,0.86,0.86,0.86,0.86,0.84,0.86,0.86,0.86,0.86,0.86,0.86,0.86,-1.09,0.83,0.84,-1.05,0.85,0.86,0.86,0.85,-1.02,0.86,0.86,0.85,0.75,0.85,0.86,0.86,0.86,0.86,0.86,0.77,-1.08,0.83,0.85,0.86,0.86,0.86,0.86,0.86,0.85,-1.08,0.86,0.84,0.86,0.86,0.86,0.83,0.85,0.86,0.86,0.86,0.86,0.86,0.86,0.86,0.86,0.86,0.86,0.86,-1.06,0.86,0.84,0.83,0.85,-1.11,0.86,0.86,0.85,-1.16,0.86,0.84,-1.13,0.85,0.85,0.86,0.86,0.86,0.86,-1.12,0.86,0.86,0.86,-1.05,0.86,0.86,0.86,0.86,0.86,-1.1,0.85,0.85,0.86,0.86,-1.04,0.86,0.85,0.86,0.85,0.86,0.86,0.86,0.86,0.84,0.86,0.86,0.85,0.86,0.86,0.82,0.86,0.86,0.83,0.86,0.86,0.82,-1.1,0.86,0.86,0.86,0.86,0.86,0.84,-1.11,0.7,0.85,0.8,0.86,0.86,0.86,0.86,0.86,0.86,0.86,0.86,0.86,0.86,0.86,0.85,0.86,0.84,0.86,0.86,0.86,0.85,0.86,0.86,0.86,0.86,0.84,0.86,0.86,0.86,0.86,0.86,0.86,0.86,0.86,0.86,0.86,0.86,0.86,0.86,0.86,0.86,0.86,-1.02,0.83,0.86,-1.03,0.83,0.85,0.78,0.86,0.86,0.86,0.86,0.86,0.86,-1.13,0.86,0.86,0.86,0.86,0.86,0.86,0.86,0.86,0.86,0.86,0.86,0.86,0.77,0.86,0.86,0.86,0.86,0.74,0.85,0.86,0.86,0.86,0.86,0.76,0.86,0.86,0.86,0.86,0.86,0.86,0.86,0.86,0.86,0.86,0.86,0.86,0.85,0.84,0.86,0.86,0.86,0.86,0.86,0.86,0.86,0.86,0.85,0.84,0.85,0.86,-1.01,-1.04,0.86,0.86,0.79,0.86,-1.13,0.86,0.86,0.86,0.84,0.86,0.84,0.86,0.86,0.85,0.85,0.86,-1.08,0.86,0.86,0.86,0.84,0.86,0.86,-1.0,0.86,0.86,0.86,0.72,0.86,0.84,0.86,0.86,0.86,0.86,0.86,0.86,0.86,0.86,-1.07,-1.13,0.81,0.86,-1.03,0.79,0.86,0.86,-1.14,0.85,0.71,0.85,0.86,0.86,0.86,0.86,0.86,0.82,0.86,0.86,0.71,0.84,0.85,0.86,0.86,0.86,0.86,0.86,0.86,0.85,0.86,-1.03,0.84,0.86,-1.12,0.84,0.85,0.86,0.86,0.84,0.86,0.86,0.86,0.74,0.86,0.86,0.86,0.86,0.86,0.86,0.86,0.84,0.85,0.85,0.85,-1.15,0.85,0.84,0.86,0.86,0.84,0.86,0.86,0.86,0.86,0.86,0.86,-1.0,0.86,-1.03,0.86,0.85,0.85,0.86,0.86,0.86,0.86,0.86,0.86,0.86,0.71,0.83,0.86,0.86,0.86,0.82,0.86,0.85,0.85,0.86,0.86,0.84,0.86,0.86,0.86,0.86,-1.13,0.86,0.85,0.83,0.86,0.84,0.86,-1.11,0.68,0.85,0.83,0.86,0.86,0.86,0.86,0.86,0.76,0.86,0.86,0.85,0.86,-1.11,0.86,0.86,0.86,0.86,0.86,0.85,0.86,0.86,0.86,0.86,0.86,0.86,0.86,0.86,0.86,0.86,0.86,0.86,0.86,0.86,0.86,0.86,0.86,0.86,0.86,0.86,0.86,0.84,0.86,-1.12,0.86,0.86,0.86,0.86,0.86,0.86,0.86,0.86,0.86,0.86,0.86,0.86,0.83,0.86,0.86,0.86,0.86,0.86,0.86,0.86,0.85,0.86,0.85,0.86,0.86,0.78,0.86,0.86,0.86,0.71,0.86,0.86,0.86,0.86,0.86,0.86,0.86,0.86,0.86,0.86,0.86,-1.13,0.86,0.85,0.86,0.86,0.86,0.85,0.86,0.86,0.86,0.84,0.86,0.84,0.86,0.86,0.86,0.7,0.86,0.84,0.85,0.86,0.86,0.86,0.86,0.86,0.86,0.86,0.86,-1.08,-1.1,0.85,0.86,0.85,0.86,0.85,-1.13,0.74,0.85,0.86,0.86,0.85,0.86,0.86,0.86,0.86,0.86,0.86,0.84,0.86,0.86,0.86,-1.08,0.84,0.78,0.86,0.86,0.86,0.86,-1.1,0.82,0.86,0.85,0.86,0.85,0.86,0.86,0.86,0.84,0.86,0.86,0.85,-1.14,0.86,0.86,0.86,0.86,0.86,0.86,0.86,0.86,0.86,0.86,0.8,0.85,0.86,0.86,0.86,0.86,0.86,0.84,0.86,0.84,0.86,0.86,0.86,0.86,0.85,0.83,0.86,0.86,0.86,0.86,0.86,0.86,0.86,0.86,0.86,0.86,0.86,0.86,0.85,0.86,0.86,0.86,0.86,0.86,0.86,0.86,0.84,0.86,0.86,0.86,0.85,-1.12,0.84,0.86,0.86,0.86,0.86,0.86,0.86,0.86,0.84,0.86,0.86,0.86,0.85,0.86,0.86,0.85,0.85,0.84,0.86,0.85,0.86,0.86,0.85,0.85,0.86,0.85,0.86,-1.12,0.86,0.86,0.84,0.86,0.86,0.86,0.86,0.86,0.86,0.84,0.86,0.86,0.86,0.86,0.86,0.86,-1.01,0.85,0.85,-1.12,0.85,0.86,0.86,0.86,0.86,0.86,0.86,0.86,0.86,-1.06,0.86,0.86,0.85,0.86,0.85,0.86,0.86,0.86,0.86,0.85,-1.12,0.84,0.84,0.77,0.86,-1.12,0.86,0.69,0.85,0.85,0.85,0.86,-1.29,0.73,0.85,0.86,0.86,0.86,0.71,0.85,0.86,0.84,0.86,0.86,0.86,0.86,0.86,0.86,0.86,0.8,0.86,0.86,0.86,0.86,0.86,0.85,0.86,0.86,-1.13,0.83,0.85,0.86,0.86,0.86,0.86,0.86,0.86,0.63,0.86,0.86,0.86,0.86,0.84,0.86,0.86,0.86,0.8,0.86,-1.03,0.86,0.86,0.86,0.86,0.86,-1.15,0.85,0.85,-1.12,0.86,0.86,0.85,0.86,0.86,0.86,0.86,0.86,0.86,0.85,0.86,0.86,0.86,0.85,0.86,0.81,0.86,0.86,0.86,0.86,0.86,0.85,0.86,0.86,0.86,0.84,0.86,0.86,-1.13,0.86,0.86,0.86,0.86,0.84,0.86,0.7,0.86,0.86,0.86,0.86,0.86,0.86,-1.06,0.86,0.82,0.86,0.86,0.86,0.86,0.86,0.85,0.82,0.86,-1.14,0.84,0.86,-1.12,0.81,0.85,0.86,0.85,0.86,0.85,0.85,0.86,0.86,0.86,0.86,0.85,0.86,0.85,0.72,0.86,0.86,0.86,0.86,0.86,0.86,0.86,0.73,0.86,0.86,0.86,0.86,0.86,0.86,0.86,0.86,0.86,0.86,0.86,0.86,0.85,0.86,0.85,0.86,0.84,0.86,-1.02,0.86,0.85,0.86,0.86,0.84,0.86,0.86,0.86,0.86,0.86,0.86,0.86,0.83,0.86,0.86,0.86,0.86,0.86,0.86,0.85,0.86,0.86,0.86,0.86,0.86,-1.02,0.86,0.84,0.86,0.86,0.86,0.86,0.86,0.85,0.86,0.86,0.86,0.86,-1.07,0.85,0.86,0.86,0.86,0.86,0.84,-1.02,0.86,0.86,0.86,0.86,0.79,0.73,0.86,0.86,0.85,0.84,0.84,0.86,0.86,0.86,-1.12,0.86,0.86,0.86,0.85,0.86,0.86,0.86,0.86,0.86,0.85,0.86,0.86,0.78,0.86,0.84,0.86,0.86,0.86,0.86,-1.13,-1.13,0.83,0.86,0.86,0.84,0.86,0.86,0.86,0.86,0.86,0.86,0.86,0.85,0.86,0.86,0.86,0.86,-1.04,0.81,0.85,0.86,-1.09,0.86,0.86,0.84,0.84,0.86,0.86,0.86,0.86,0.86,0.86,0.86,0.86,0.85,0.86,0.86,0.86,0.86,0.86,0.86,0.86,0.86,0.86,0.86,0.86,0.86,0.86,0.78,0.85,0.86,0.86,0.86,0.85,0.86,0.86,0.86,0.86,0.86,0.86,0.86,0.86,0.77,0.86,0.86,0.86,0.86,0.86,0.85,0.86,0.86,0.71,0.76,0.86,0.86,0.86,0.86,0.86,0.85,0.86,-1.1,-1.03,0.83,0.86,0.86,0.86,0.86,0.85,0.86,0.86,-1.11,-1.12,0.82,0.86,0.86,0.86,0.86,0.7,0.86,0.86,0.86,0.84,0.86,0.86,0.86,0.86,0.86,0.86,0.86,0.86,0.85,0.86,0.86,0.84,0.86,0.85,0.86,0.86,0.86,0.86,0.86,0.86,0.86,0.86,0.86,0.86,-1.02,0.82,0.85,0.86,0.86,0.86,0.86,0.84,0.85,0.86,0.85,0.86,0.86,0.86,-1.11,0.84,-1.04,0.86,0.86,0.86,0.86,0.73,-1.04,0.86,0.86,0.86,0.86,-1.03,0.86,0.85,0.86,0.86,0.86,0.86,-1.07,0.84,0.85,0.85,0.84,0.86,-1.0,0.86,0.86,0.86,0.86,0.85,0.86,0.85,0.84,0.86,0.86,0.86,0.86,0.86,0.86,0.86,-1.12,0.83,0.85,0.68,0.86,0.86,0.85,0.85,0.86,0.86,0.77,0.86,0.86,0.86,0.86,0.81,0.83,0.86,0.86,0.86,-1.04,0.86,0.84,0.77,0.86,0.85,0.86,0.86,0.86,0.86,0.84,0.86,0.85,0.86,0.86,0.85,0.86,0.86,-1.1,0.86,0.86,0.86,0.86,0.85,0.84,0.86,0.86,0.86,0.86,0.86,-1.04,0.86,0.86,0.86,0.86,0.86,0.86,0.86,0.86,0.86,0.86,0.86,0.86,0.86,0.86,0.86,0.85,0.83,0.85,0.86,-1.01,-1.14,0.86,0.84,0.86,0.86,0.86,0.86,0.86,0.86,0.86,0.84,0.86,0.85,0.86,0.86,0.86,0.86,0.86,0.86,-1.12,0.86,0.85,0.86,0.86,0.86,0.86,0.86,0.86,-1.05,0.86,0.86,0.84,0.86,0.86,0.86,0.86,0.86,0.83,0.86,0.86,0.86,0.86,0.86,0.86,-1.03,0.85,0.85,0.86,0.85,0.86,0.86,0.86,0.86,0.86,0.86,0.86,0.86,0.84,0.86,0.86,0.85,0.86,0.86,0.76,-1.07,0.86,0.86,0.85,0.86,0.86,0.86,0.86,0.86,0.86,0.8,0.84,-1.13,0.86,0.86,0.86,0.86,0.86,0.85,0.86,0.86,0.84,0.86,0.85,0.86,0.86,0.86,-1.0,0.86,0.85,0.81,0.86,0.86,0.86,0.84,0.85,0.73,0.76,0.86,-1.02,0.82,0.86,0.86,0.83,0.83,0.85,0.84,0.86,0.86,0.86,0.85,0.86,0.85,0.86,0.86,0.86,0.86,0.86,-1.08,0.84,0.86,0.84,0.7,0.86,0.86,0.86,0.71,0.86,0.86,0.86,0.86,0.86,0.86,-1.11,-1.01,0.86,0.86,0.86,-1.12,0.86,0.85,0.83,0.86,0.86,0.86,0.86,0.86,0.84,0.86,0.86,0.86,0.86,0.81,0.86,0.86,0.85,0.86,0.86,0.86,0.86,0.86,0.86,0.86,0.86,0.85,0.84,0.86,0.86,0.85,-1.06,-1.05,0.85,0.85,0.85,0.86,0.85,0.86,0.84,0.86,0.86,0.86,0.86,0.85,0.86,0.86,0.86,0.86,0.86,0.86,0.85,0.86,0.86,0.86,0.86,0.86,0.86,0.84,0.86,0.85,0.86,-1.13,0.84,0.86,0.86,-1.04,0.86,0.86,0.84,0.86,-1.13,0.84,0.85,0.85,0.86,-1.12,0.85,0.86,0.86,0.86,0.86,0.83,0.85,0.86,0.86,0.86,0.86,0.86,0.84,0.86,0.86,0.86,0.86,0.83,-1.03,0.84,0.86,0.86,0.86,0.86,0.73,0.85,0.86,0.86,0.76,0.86,0.81,0.86,0.86,0.86,-1.02,0.86,0.85,0.86,0.83,0.86,0.86,0.86,0.86,0.86,0.86,0.86,0.86,0.85,0.86,0.86,0.86,0.86,0.86,-1.03,0.86,0.85,0.85,0.84,0.76,0.86,0.86,0.86,0.86,0.86,0.86,-1.03,0.86,0.86,0.86,0.86,0.86,0.86,0.86,0.86,0.86,0.86,0.86,0.76,0.86,0.86,0.86,0.86,0.86,-1.0,0.84,-1.02,0.86,0.84,-1.14,0.86,0.86,0.86,0.71,0.86,0.85,0.85,0.86,-1.03,0.86,0.86,0.86,0.86,0.86,0.86,0.84,0.86,0.86,0.85,0.86,0.86,0.86,0.86,0.86,0.86,0.86,-1.1,0.85,0.86,0.85,0.86,0.85,0.86,0.78,0.86,0.86,0.86,0.86,0.86,0.86,0.85,-1.13,0.86,-1.01,0.86,0.86,0.72,0.86,0.84,0.86,0.85,0.84,0.86,0.86,0.86,0.86,0.86,0.86,0.86,0.86,0.86,-1.07,0.86,0.86,0.85,0.86,0.86,0.84,0.86,0.86,0.86,0.86,0.86,0.86,-1.03,0.84,0.86,0.86,0.85,0.86,0.86,0.84,0.86,-1.04,0.84,0.86,0.86,0.86,0.86,0.86,0.86,0.86,0.86,0.86,-1.13,0.86,0.86,-1.13,0.83,0.86,0.85,0.86,-1.12,0.8,0.85,0.85,0.86,0.84,0.86,0.86,0.86,0.86,0.85,0.86,0.71,-1.03,0.86,0.86,0.85,0.85,0.82,0.86,-1.03,0.86,0.72,0.86,0.86,0.84,0.86,0.86,0.83,0.86,0.86,0.84,0.86,0.85,0.86,-1.0,0.86,0.84,0.85,0.86,0.86,0.86,0.68,0.86,0.86,0.84,0.86,0.86,0.86,0.86,0.86,0.86,0.86,0.84,0.86,0.83,0.86,0.86,0.84,0.86
0.86,0.48,-1.02,-1.0,-1.03,-1.04,-1.1,0.75,-1.06,-1.05,-1.31,0.72,0.73,0.82,-1.09,0.83,0.77,-1.1,0.82,-1.21,0.86,-1.12,-1.13,-1.11,-1.26,0.64,-1.12,0.84,-1.04,-1.14,-1.03,0.81,0.68,0.82,-1.08,-1.06,0.86,0.81,0.83,0.83,0.79,0.69,0.85,0.59,0.82,0.81,0.83,0.85,0.73,0.86,0.84,-1.14,0.86,0.84,0.83,0.83,0.86,0.86,0.86,0.86,0.84,-1.07,0.86,-1.13,0.86,0.86,0.86,-1.07,0.86,0.86,0.85,0.86,0.86,0.85,0.86,0.86,0.84,0.85,0.84,0.86,0.86,0.84,0.86,0.86,0.86,0.86,0.86,0.86,0.86,0.86,0.85,0.86,0.7,0.86,0.86,0.84,0.86,0.86,-1.09,0.86,0.86,0.86,0.79,0.69,0.86,0.86,-1.11,0.86,0.86,0.85,0.84,0.86,0.86,0.86,0.84,0.86,0.86,0.85,0.86,0.86,0.76,0.86,0.86,0.86,0.84,0.86,0.86,0.86,0.84,0.86,0.86,-1.04,0.85,0.86,0.85,0.86,0.86,0.86,-1.11,0.86,0.84,0.86,0.86,0.85,0.86,0.84,0.86,0.85,0.85,0.86,0.85,0.86,0.86,0.86,0.85,0.86,0.86,0.86,0.86,0.86,0.86,0.86,0.86,0.84,0.86,0.85,0.86,0.86,-1.13,0.86,0.86,0.86,-1.05,0.85,0.85,0.86,0.84,0.86,0.86,0.86,0.86,0.85,0.86,0.86,0.86,0.86,0.86,0.86,0.86,0.86,0.86,0.86,0.86,0.86,0.85,0.86,0.86,0.86,0.84,0.86,0.86,0.86,0.86,0.86,0.86,0.86,0.86,0.86,0.86,0.84,0.86,0.86,0.86,0.86,0.86,0.86,0.84,0.86,0.86,0.86,0.86,0.86,0.86,0.86,0.86,0.86,0.86,0.85,0.86,0.86,0.86,0.86,-1.02,0.86,-1.13,0.86,0.86,0.86,0.86,0.86,-1.04,-1.07,0.86,0.74,0.83,-1.02,0.85,0.77,0.86,0.86,0.84,0.86,-1.07,0.86,0.86,0.86,-1.13,0.85,0.86,0.86,0.86,0.86,0.86,0.86,0.86,0.86,0.86,-1.06,0.86,0.86,0.86,0.86,0.86,0.83,0.86,-1.1,0.84,0.86,0.86,0.86,0.86,0.86,0.77,0.86,0.77,0.86,0.86,0.76,0.86,0.86,0.86,0.86,0.86,-1.11,0.86,0.86,0.86,0.86,0.86,0.86,0.86,0.86,0.86,0.86,0.86,0.86,0.86,0.86,0.86,0.86,0.85,0.86,0.85,0.86,0.86,0.85,0.86,0.86,0.86,0.86,0.86,0.86,0.86,0.86,0.86,0.86,0.86,0.86,0.85,0.86,0.86,0.85,0.86,-1.2,0.86,0.86,0.73,0.86,0.86,0.86,0.86,0.86,0.86,0.86,0.83,0.86,0.86,0.86,0.85,0.86,0.86,0.85,0.86,0.86,0.86,0.86,0.86,0.86,-1.07,0.86,0.74,0.86,0.86,0.86,0.86,0.86,0.85,0.86,0.86,0.86,0.86,0.84,0.86,0.85,0.86,0.86,0.86,0.86,0.84,-1.04,0.86,0.86,0.86,0.83,0.86,0.85,0.86,0.86,0.86,0.85,0.86,0.84,0.86,0.86,0.86,0.86,0.82,0.86,0.86,0.86,0.86,-1.03,0.85,0.85,0.86,0.86,0.86,0.86,0.86,0.86,0.86,0.86,0.86,0.86,0.84,0.86,0.86,0.86,0.86,0.86,0.85,0.86,0.86,0.86,0.86,0.86,0.83,0.86,0.86,0.86,0.86,0.84,0.86,0.86,0.86,0.86,0.83,0.85,0.86,0.86,0.86,0.86,0.86,0.86,0.77,0.86,-1.13,0.84,0.86,0.86,0.83,0.86,0.86,0.85,0.84,0.86,0.86,0.86,0.86,0.85,0.86,-1.13,0.86,0.86,0.79,0.86,0.86,0.86,0.86,-1.14,0.84,0.86,0.86,0.86,-1.13,0.86,0.86,0.86,0.86,0.86,0.86,0.84,-1.02,-1.13,0.85,0.86,0.86,0.86,0.86,0.86,0.69,0.86,0.86,0.84,0.85,0.86,0.86,0.86,0.85,0.85,0.86,0.86,0.84,0.86,0.86,0.86,0.86,0.85,0.86,0.86,0.86,0.83,0.86,0.86,0.7,0.86,0.85,0.84,0.86,-1.13,0.86,0.86,0.86,0.86,0.85,0.86,0.86,0.86,0.86,0.86,0.86,0.86,0.86,0.86,0.85,0.86,0.86,0.83,-1.11,0.86,0.85,0.86,0.86,0.74,0.86,0.86,0.86,0.85,0.86,0.86,0.86,0.86,0.86,0.86,0.86,0.86,0.86,0.86,0.86,-1.14,0.81,0.86,0.85,0.84,0.86,0.86,0.84,0.86,0.86,0.86,-1.04,0.85,0.86,0.84,0.86,0.84,0.86,0.86,0.86,0.86,0.81,0.83,-1.08,0.86,0.86,0.86,0.84,0.86,0.83,0.85,0.86,-1.12,0.86,0.86,0.84,0.85,0.86,0.86,0.86,0.86,0.86,0.86,0.86,0.73,0.86,0.85,0.86,0.86,0.85,0.86,0.86,-1.08,0.86,0.86,0.86,0.76,0.86,0.86,0.86,0.86,0.86,0.85,0.75,0.86,0.86,0.86,0.86,0.86,-1.05,0.86,0.86,0.85,0.86,0.86,0.84,0.86,0.86,0.86,0.86,0.86,0.84,0.86,0.86,0.85,0.86,0.86,0.86,0.86,0.82,0.83,0.86,0.86,0.86,0.86,0.84,0.86,0.86,0.85,0.86,0.86,0.86,0.86,0.86,0.84,0.86,0.86,0.86,0.86,0.86,0.86,0.84,0.86,0.83,0.86,0.86,0.86,0.86,0.86,0.86,0.86,0.86,0.86,0.86,0.86,0.86,0.85,0.86,0.86,0.86,0.86,0.86,0.8,-1.12,0.86,0.85,0.86,0.86,0.84,0.86,0.85,-1.08,0.86,0.86,0.86,0.84,0.86,0.86,0.86,0.86,0.85,-1.11,0.85,0.84,0.86,0.84,0.86,0.86,0.86,0.86,0.86,0.86,0.86,0.85,0.86,0.86,-1.05,0.85,0.85,0.86,0.86,0.86,0.73,0.83,0.85,0.86,0.86,0.86,0.86,0.86,-1.12,0.86,0.86,0.85,0.86,0.86,0.86,0.86,0.86,0.85,0.85,0.86,0.85,0.86,0.86,0.86,0.86,0.86,0.86,-1.0,0.86,0.86,0.86,0.86,0.86,0.86,0.86,0.86,0.86,0.85,0.84,0.86,0.86,0.86,-1.02,0.86,0.86,0.86,0.86,0.86,0.86,0.86,0.86,0.86,0.69,0.86,0.85,0.86,0.72,0.86,0.86,0.86,0.86,0.84,0.85,0.86,0.86,0.86,0.86,0.86,0.86,0.86,0.86,0.86,0.86,0.86,0.86,0.84,0.84,0.86,0.86,0.84,0.86,0.86,0.86,0.86,0.86,0.86,0.86,0.86,0.84,0.86,0.84,0.86,0.86,0.85,0.86,0.86,0.86,0.84,-1.0,0.86,0.86,0.86,0.86,0.86,0.86,0.84,0.86,0.85,0.86,0.85,0.86,0.85,0.86,0.86,0.86,0.86,0.85,0.86,0.86,-1.15,0.85,0.86,0.84,0.85,0.86,0.86,0.84,0.86,0.86,0.86,0.86,0.86,0.86,0.86,0.85,0.86,0.86,0.86,0.86,-1.16,0.86,0.86,0.86,0.86,0.86,0.86,0.86,0.86,0.86,0.86,0.86,0.86,0.86,0.86,0.85,0.86,0.86,0.86,0.86,0.86,0.84,0.86,0.86,-1.14,0.84,0.86,0.86,0.85,0.84,0.86,-1.04,0.86,0.85,0.86,0.86,0.84,0.86,0.86,0.86,0.86,0.81,0.86,0.86,0.86,0.86,0.86,-1.1,0.86,0.86,0.86,0.86,0.84,0.83,0.86,0.85,0.85,0.86,0.86,-1.02,0.85,0.86,0.86,0.86,0.86,0.86,0.86,0.86,0.86,0.86,0.86,0.83,-1.14,0.86,0.86,0.86,0.86,0.86,0.85,0.86,0.78,0.86,0.86,0.86,0.86,0.74,-1.12,0.86,0.86,0.86,0.86,0.84,0.86,0.86,0.86,0.85,0.86,-1.09,-1.12,-1.04,0.86,0.84,0.86,0.86,0.86,0.86,-1.02,0.86,0.86,-1.04,0.86,0.85,0.86,-1.18,0.86,0.86,0.85,-1.13,0.85,0.86,0.86,-1.11,0.86,0.84,0.86,0.86,0.86,0.86,0.85,0.86,0.86,-1.13,-1.05,0.85,0.85,0.83,0.84,0.69,0.86,0.85,0.86,0.86,0.85,0.86,0.85,0.86,0.86,0.86,0.86,0.86,0.86,0.86,0.86,0.86,0.86,0.86,0.86,0.86,0.86,0.86,0.86,0.86,0.81,0.86,-1.03,0.86,0.86,0.85,0.86,0.86,0.84,0.86,0.86,0.86,0.86,0.86,0.86,0.86,0.86,0.86,0.85,0.86,0.86,0.85,-1.03,0.85,0.86,0.86,0.86,0.86,0.86,0.86,0.86,0.86,0.86,0.86,0.86,0.86,0.86,0.86,0.86,0.85,0.86,0.86,0.86,0.86,0.86,0.78,0.86,0.84,0.85,0.86,0.86,0.86,0.86,0.86,0.86,0.86,-1.05,0.86,0.86,0.86,0.84,-1.02,0.86,0.84,0.86,0.86,-1.11,0.85,0.86,0.86,0.86,0.85,0.84,0.86,-1.13,0.81,0.86,0.86,0.86,0.86,0.86,0.86,0.79,0.86,0.86,0.85,-1.1,0.86,0.86,0.86,0.86,0.86,0.86,0.84,0.86,0.86,0.86,0.86,0.86,0.86,0.86,0.86,0.86,0.86,0.86,0.86,0.86,0.86,0.84,0.86,0.73,0.86,0.86,0.83,0.86,0.85,0.86,0.86,0.85,0.84,0.86,0.86,0.86,0.86,0.86,0.86,0.86,0.86,0.86,0.86,0.86,0.86,-1.02,0.86,-1.14,-1.07,0.84,0.86,0.86,0.86,0.86,0.86,0.86,0.84,0.86,0.86,0.86,0.86,0.86,0.86,0.84,0.86,0.85,0.86,0.86,0.81,0.85,0.85,0.86,0.75,0.86,0.86,0.86,0.86,0.86,0.86,0.86,0.85,0.86,0.86,0.85,0.86,0.86,0.86,0.83,0.84,0.86,0.86,0.86,0.86,0.86,0.86,0.84,0.86,-1.05,0.86,0.85,0.86,0.86,0.86,0.84,0.84,0.86,0.86,0.86,0.86,0.86,0.86,0.86,0.86,0.86,0.86,-1.14,0.86,0.85,0.84,0.86,0.86,0.85,0.84,0.85,0.85,0.86,0.85,0.86,0.84,0.86,0.86,0.86,0.86,0.86,0.86,0.86,0.86,0.85,0.86,0.86,0.86,0.86,0.85,0.86,-1.15,0.86,0.86,0.86,0.85,0.86,-1.14,0.84,0.86,0.86,0.86,0.86,0.86,0.86,0.84,0.86,0.86,-1.04,0.84,0.86,0.86,0.86,0.86,0.86,0.86,0.86,0.86,0.86,0.85,0.71,0.86,0.86,0.86,0.86,0.86,-1.13,0.86,0.86,0.84,-1.12,0.86,0.86,0.86,0.86,0.86,-1.02,0.85,0.86,0.86,0.76,0.86,0.84,0.82,0.86,0.86,0.86,0.86,0.86,0.86,0.85,0.86,0.86,0.86,0.85,0.86,0.86,0.86,0.78,0.86,0.86,0.86,0.86,0.84,0.85,0.86,0.86,0.85,0.86,0.86,0.85,0.86,0.86,0.76,0.84,0.86,-1.0,0.86,0.84,0.86,0.86,0.86,-1.09,0.86,0.86,0.86,0.86,0.86,0.86,0.86,0.86,-1.01,0.86,0.85,0.86,0.86,0.86,0.86,0.86,0.85,0.86,0.86,0.86,0.86,0.86,-1.12,0.86,0.86,0.85,-1.02,0.86,0.86,0.86,0.86,0.86,0.86,0.86,0.78,0.86,0.86,0.86,0.85,0.86,0.86,0.86,0.86,0.86,-1.04,0.86,0.86,0.86,0.86,0.86,0.86,0.86,0.86,0.86,0.85,0.86,0.86,0.85,0.86,0.84,0.86,0.86,0.86,0.86,0.86,0.86,0.86,0.86,0.86,0.84,0.83,-1.08,0.8,0.86,-1.07,0.86,0.85,0.86,0.86,0.86,0.86,0.86,0.86,0.86,0.85,0.86,0.86,0.86,0.85,0.86,0.86,0.86,0.86,0.86,0.86,0.86,0.86,0.85,0.86,0.85,0.86,0.86,0.86,0.86,0.86,0.86,0.81,0.86,0.84,0.86,0.84,0.86,0.86,0.83,0.86,0.86,0.84,0.86,0.73,0.69,0.85,0.86,0.86,0.86,0.86,0.85,0.86,0.86,0.85,0.86,0.86,0.85,0.86,0.86,0.86,0.86,0.86,0.86,0.86,0.86,0.86,0.86,0.84,0.86,0.86,0.84,0.84,0.86,0.85,0.83,0.86,0.86,0.86,0.86,0.86,0.84,0.86,0.85,0.86,0.86,0.86,0.84,0.86,0.83,0.86,-1.08,-1.01,0.83,0.86,0.86,0.86,0.86,0.86,0.86,0.86,0.86,0.86,0.86,0.86,0.86,0.86,0.86,-1.03,0.86,0.86,0.86,-1.12,0.86,0.86,0.86,0.86,0.86,0.83,0.86,0.84,0.86,-1.06,0.86,0.86,0.86,0.86,0.86,0.86,0.86,0.86,0.86,0.86,0.86,0.8,-1.05,0.86,0.86,0.86,0.85,0.86,0.86,0.86,0.86,0.86,0.86,0.86,0.86,-1.16,-1.15,0.86,0.86,-1.05,0.85,0.86,0.86,-1.15,0.86,0.86,-1.11,0.86,0.86,0.86,0.86,0.75,0.83,0.86,0.86,0.86,0.86,0.86,-1.08,-1.06,0.85,0.86,0.86,0.84,0.85,0.86,0.86,0.86,-1.08,0.86,0.86,0.82,0.85,0.85,0.86,0.85,0.86,0.86,0.86,0.86,0.86,0.86,0.86,0.86,0.86,0.86,0.86,0.84,0.84,0.86,0.86,0.86,0.86,0.86,0.86,0.86,0.86,0.83,0.85,0.86,0.86,0.86,0.74,0.83,0.86,0.86,0.86,0.86,0.86,0.86,0.86,0.86,0.85,0.86,0.86,0.86,0.86,0.86,0.86,0.86,0.86,0.86,0.86,-1.1,0.86,0.86,0.86,-1.02,0.86,0.86,0.86,0.86,-1.02,0.86,0.86,0.86,0.86,0.86,0.85,0.86,0.84,0.84,0.86,0.86,0.83,0.85,0.85,0.86,0.86,0.86,0.86,0.86,0.86,0.86,0.86,0.86,0.86,0.86,0.86,0.83,0.86,0.83,0.86,0.85,0.86,0.86,0.86,0.86,0.86,0.86,0.86,0.86,0.84,0.86,0.86,0.86,0.85,0.86,-1.13,0.86,0.86,0.84,0.86,0.85,0.86,0.86,0.86,0.86,0.86,0.86,0.84,0.86,0.86,0.85,0.82,0.86,0.86,0.84,0.85,0.86,0.86,0.86,0.85,0.86,0.84,0.86,0.86,0.86,0.84,0.86,0.85,0.86,0.85,-1.0,0.86,0.77,0.86,0.86,0.86,0.86,-1.02,0.86,0.86,0.86,0.86,0.86,0.86,0.85,0.82,0.86,0.86,0.86,0.86,-1.09,0.85,0.86,0.86,0.86,0.84,-1.01,0.86,0.84,0.86,0.83,-1.02,0.86,0.85,0.86,0.86,0.84,0.86,0.86,0.86,0.85,0.86,0.86,0.85,0.86,0.86,0.84,0.86,0.86,0.84,0.86,0.86,0.86,0.86,0.74,0.85,0.86,0.85,0.83,0.86,0.86,0.84,0.86,0.86,0.86,0.83,0.86,0.85,-1.0,0.82,0.86,0.86,0.85,0.86,0.86,0.86,0.86,0.85,0.86,0.86,0.86,0.86,0.86,0.85,0.86,0.86,0.86,0.86,0.86,0.85,0.86,0.83,0.86,0.84,0.86,0.86,0.82,0.86,0.85,0.86,0.86,0.82,0.86,0.86,0.86,0.86,-1.01,0.85,0.86,0.86,-1.05,0.86,0.86,0.86,0.86,0.86,0.85,0.85,-1.13,0.86,0.86,0.86,0.86,0.86,0.86,0.86,-1.0,0.86,0.86,0.86,-1.13,0.85,0.85,0.86,0.86,0.86,0.86,0.86,0.86,0.86,-1.01,0.86,0.86,0.86,0.86,0.86,0.86,0.86,0.86,0.86,0.86,0.86,0.85,0.78,0.86,0.86,0.71,0.83,0.86,0.85,0.86,0.86,0.84,0.86,0.84,0.86,0.85,0.84,0.85,0.86,0.86,0.86,0.86,0.86,0.86,0.86,0.86,0.86,0.86,0.84,0.86,0.85,0.86,0.86,0.86,0.73,0.86,0.86,0.85,0.86,0.86,0.86,0.86,0.81,0.86,0.86,0.86,0.86,0.81,0.86,0.85,0.85,0.86,0.86,0.86,0.86,0.86,0.86,0.86,0.86,-1.01,0.86,0.84,-1.07,0.86,0.86,0.85,0.86,0.81,0.86,0.86,0.86,0.86,0.86,0.86,0.86,0.84,0.85,0.85,0.86,0.86,0.86,0.86,0.86,0.86,-1.05,0.86,0.86,0.86,0.86,0.86,0.86,0.86,0.86,0.86,0.86,0.86,0.86,0.86,0.86,0.86,0.86,0.86,0.84,0.86,-1.05,0.86,0.86,0.86,0.86,0.86,0.86,0.86,0.84,0.83,0.83,0.83,0.86,0.86,-1.06,-1.06,0.86,0.86,0.86,0.82,0.86,-1.17,0.86,0.86,0.8,0.86,0.86,0.86,0.85,0.86,0.86,0.86,0.86,0.84,0.85,0.86,0.86,-1.06,-1.16,0.85,0.83,0.86,0.85,0.86,0.86,0.86,0.86,0.86,-1.13,-1.01,0.86,0.86,0.85,0.86,0.84,0.85,0.84,0.86,0.86,-1.01,0.71,0.84,0.86,0.71,0.86,0.86,0.86,0.86,0.86,0.86,-1.13,0.86,0.86,0.86,0.86,0.86,0.86,0.86,0.86,0.84,0.86,0.86,0.86,0.86,0.86,0.86,0.86,0.86,0.86,0.86,0.86,0.86,0.74,0.86,0.86,0.86,0.84,0.86,0.86,0.86,0.86,0.86,0.86,0.86,0.85,0.86,0.86,0.86,0.86,-1.12,0.76,0.86,-1.13,0.85,0.86,0.86,-1.12,0.86,0.85,0.86,0.84,0.86,0.82,0.85,-1.11,0.86,0.86,0.86,0.86,0.86,0.85,-1.08,0.83,0.85,0.85,0.86,0.86,0.83,0.86,0.86,0.86,0.86,0.86,0.86,0.85,0.86,0.86,0.86,0.86,0.82,0.86,0.86,0.86,0.86,0.86,0.86,0.84,0.86,-1.16,0.86,0.86,0.84,0.86,0.85,0.86,0.86,0.86,0.86,0.86,0.86,0.86,0.86,0.84,0.86,0.86,0.86,0.86,-1.0,0.86,0.86,0.85,0.86,0.86,0.86,-1.0,0.86,0.86,0.86,0.86,0.86,0.86,0.86,0.86,0.85,-1.01,0.86,0.86,0.86,0.86,0.86,0.86,0.86,0.85,0.86,0.86,0.86,0.86,0.86,0.86,0.84,0.8,0.85,0.86,0.71,0.86,-1.14,0.86,-1.13,0.83,0.86,-1.07,0.86,0.81,-1.02,0.86,0.86,0.86,0.86,0.86,0.73,0.84,0.86,0.86,0.84,0.86,0.85,0.86,0.86,0.86,0.86,0.86,0.86,0.86,0.86,0.86,0.86,0.86,0.86,0.86,0.86,-1.03,0.86,0.83,0.85,0.86,0.85,0.86,0.86,0.73,0.86,0.84,0.86,0.86,0.86,0.86,0.78,0.86,0.84,0.86,0.86,0.86,0.7,0.85,0.86,0.86,0.86,0.86,0.86,0.86,0.86,0.86,-1.03,0.85,0.86,0.86,0.86,0.83,0.85,0.86,0.86,0.86,-1.03,0.86,0.86,0.85,0.86,0.85,0.86,0.86,0.86,0.86,0.78,0.84,-1.11,0.85,0.85,-1.12,-1.14,0.77,0.86,0.84,0.86,0.86,0.86,0.86,0.86,0.7,0.86,0.86,0.86,0.86,0.85,0.85,0.86,0.86,0.85,0.84,0.86,0.86,0.86,0.86,0.86,0.86,0.86,0.72,0.86,0.86,0.86,-1.14,0.84,-1.05,0.84,0.86,0.83,0.86,0.86,0.86,0.86,0.84,0.85,-1.14,0.86,0.85,0.86,0.86,0.86,0.86,0.86,0.86,0.86,-1.12,-1.04,0.85,0.79,0.86,0.86,0.86,0.86,0.86,0.86,0.86,0.86,0.85,0.86,0.86,-1.09,0.86,0.86,0.86,0.86,0.86,0.86,0.83,0.81,0.86,0.85,0.85,0.86,0.84,0.86,0.86,0.86,0.86,0.85,0.86,0.86,0.86,0.86,0.86,-1.02,0.85,0.86,-1.18,0.86,0.86,0.86,0.86,0.85,0.86,0.86,0.86,0.86,0.86,0.86,0.86,0.86,-1.12,0.86,0.85,0.85,-1.04,0.86,0.86,-1.13,0.86,0.86,0.8,0.86,0.86,0.86,0.86,0.86,0.86,0.85,0.86,0.86,0.86,0.86,0.86,0.84,0.86,0.86,0.86,0.86,0.86,0.86,0.86,0.86,0.86,0.86,0.77,0.86,0.84,0.86,0.86,0.85,0.86,0.84,0.86,0.86,0.84,0.86,0.85,0.86,0.86,0.86,0.86,0.86,-1.03,0.86,-1.02,0.86,0.86,0.86,0.86,0.86,0.86,0.86,0.8,0.86,-1.08,-1.16,0.86,-1.2,0.84,0.86,-1.13,0.86,0.86,0.86,0.69,0.86,0.85,0.84,0.86,0.86,0.86,0.86,0.86,0.86,0.85,0.86,-1.12,0.86,0.86,0.86,0.75,0.86,0.86,0.86,0.86,0.86,0.86,0.86,0.86,0.86,0.86,0.86,0.86,0.86,0.73,0.85,0.86,0.86,0.85,0.86,0.86,0.86,0.84,0.86,0.86,0.86,0.83,0.86,0.86,0.86,0.86,0.86,0.85,0.86,0.86,-1.03,0.86,0.86,0.86,0.86,-1.03,0.86,0.85,0.86,0.86,0.86,-1.02,0.86,0.81,0.86,-1.13,0.86,0.86,0.86,0.86,0.86,0.86,0.86,0.86,0.85,0.86,0.85,0.86,-1.29,0.86,0.86,0.86,0.86,0.86,0.86,0.86,0.86,0.86,0.86,0.85,0.86,0.86,0.86,0.86,0.84,0.86,0.86,0.86,0.86,0.86,0.86,0.86,0.86,0.86,0.86,0.86,0.86,-1.0,0.86,0.86,0.86,0.86,0.86,0.86,0.85,0.86,0.86,0.86,0.85,0.86,0.86,0.86,0.86,0.86,0.86,0.86,-1.0,-1.06,0.86,0.86,0.85,0.85,0.8,0.86,0.86,0.86,0.86,0.86,0.86,0.86,0.86,0.86,0.86,0.86,0.86,-1.13,0.86,0.86,0.86,0.85,0.85,0.86,-1.03,0.86,0.86,0.86,0.86,0.86,0.84,0.71,0.86,0.7,0.86,0.86,0.82,0.86,0.86,0.86,0.85,0.74,0.86,0.86,0.86,0.86,0.84,-1.02,0.84,0.86,0.86,-1.06,0.86,0.86,0.86,0.85,0.86,0.85,0.86,0.86,0.86,0.84,0.86,-1.05,0.85,0.83,0.86,0.86,0.85,0.86,0.85,0.86,0.86,0.85,0.86,0.86,0.86,0.86,0.86,0.81,0.86,0.86,0.86,0.86,0.86,0.86,0.86,0.86,0.86,0.86,0.86,0.86,0.86,0.86,0.86,0.86,0.86,0.86,0.86,0.86,0.86,0.86,0.86,0.86,0.84,0.86,0.86,0.86,0.86,-1.03,0.85,0.86,0.86,0.85,0.85,0.86,0.86,0.86,-1.0,0.86,-1.12,0.85,0.86,0.86,0.86,0.86,-1.04,0.85,0.86,0.86,0.86,0.84,0.86,0.75,0.86,0.85,0.86,0.86,0.84,0.86,0.73,0.86,0.86,0.86,-1.1,0.86,0.86,0.86,0.86,0.84,0.86,0.86,0.86,0.86,0.83,0.86,0.86,0.85,0.86,0.86,0.86,0.84,0.86,0.84,0.86,0.83,0.86,0.86,0.86,0.85,0.82,0.75,0.85,0.86,0.84,0.71,0.86,0.84,0.86,0.86,0.86,0.86,0.86,0.86,0.86,0.78,0.73,0.85,0.86,0.86,0.86,0.86,0.86,0.85,0.79,0.86,0.85,0.86,0.86,0.84,0.86,0.86,0.86,0.86,0.86,0.86,0.86,0.86,0.86,0.86,0.86,0.85,0.86,0.8,0.86,0.86,0.86,0.86,-1.13,0.85,0.86,0.86,-1.02,0.86,0.86,0.86,0.86,0.69,0.86,0.86,0.86,0.86,0.86,0.86,0.86,0.86,0.85,0.86,0.85,-1.02,0.85,0.86,0.86,0.86,0.82,-1.09,0.82,0.83,0.86,0.86,0.86,0.86,0.86,0.86,0.86,0.86,-1.0,0.76,-1.07,-1.14,0.81,0.86,0.84,0.86,0.86,0.86,0.84,0.86,0.86,0.86,0.86,0.84,0.86,0.86,0.86,0.68,0.84,0.86,0.86,0.86,0.84,0.86,0.86,0.84,0.85,0.86,0.86,0.86,0.86,0.86,0.86,0.86,0.8,0.86,0.83,0.86,0.86,0.86,0.86,0.86,0.86,0.76,0.86,0.86,0.86,-1.05,0.85,0.86,0.84,0.85,0.85,0.86,0.86,0.86,0.86,0.75,0.85,0.86,0.86,0.86,0.85,0.86,0.86,0.86,0.86,0.86,0.86,0.86,0.86,0.86,0.86,0.86,0.86,0.86,0.84,0.83,0.86,0.85,0.86,0.86,0.86,0.86,0.85,0.86,0.86,0.83,0.86,0.86,0.86,-1.03,0.86,-1.12,-1.13,0.86,0.86,0.86,0.86,0.86,0.86,-1.13,0.85,0.84,0.86,0.86,0.85,0.86,-1.13,0.86,0.86,0.86,0.86
-1.13,-1.01,-1.09,-1.06,-1.03,-1.07,-1.11,0.81,-1.18,-1.25,0.82,0.74,-1.06,0.86,-1.14,-1.09,-1.11,0.74,0.79,-1.26,0.79,0.83,0.73,0.77,0.75,-1.07,0.84,0.78,0.86,0.78,0.82,0.81,0.86,0.85,0.77,0.53,0.86,-1.06,0.82,-1.14,0.83,0.86,0.85,0.74,0.84,0.84,0.86,0.86,0.86,0.85,0.84,0.84,0.86,0.86,0.86,0.85,0.84,0.86,0.86,-1.13,0.86,0.86,0.86,0.84,0.86,0.86,0.85,0.86,0.86,0.84,-1.05,0.86,0.86,0.86,0.86,0.86,0.86,0.86,0.86,0.84,0.85,0.86,0.77,0.86,0.84,0.74,0.86,0.78,0.85,0.86,0.86,0.86,0.84,0.85,0.86,0.86,0.86,0.86,0.86,0.86,0.86,0.86,0.86,0.86,0.86,0.85,0.85,0.86,0.86,0.86,0.86,0.86,0.86,0.86,0.86,0.78,0.86,-1.23,0.86,0.86,0.86,0.86,-1.01,0.86,0.86,0.86,0.86,0.86,0.86,0.85,0.86,0.86,0.86,0.86,0.82,0.86,0.86,0.84,0.85,0.84,0.86,0.86,0.86,0.86,0.86,0.86,0.86,0.86,0.85,0.85,0.81,-1.07,0.86,0.86,0.86,0.76,0.86,0.86,0.86,0.86,0.85,0.86,0.86,0.86,0.86,0.86,0.86,-1.04,0.86,0.86,0.86,0.85,0.86,-1.03,0.78,-1.07,0.84,0.86,-1.14,0.86,0.86,0.86,0.86,0.86,0.86,0.86,0.86,0.86,0.85,0.86,0.86,0.86,0.85,0.86,0.86,0.86,0.86,0.86,0.86,0.86,0.73,0.86,0.86,0.86,0.86,0.84,0.8,0.86,0.86,0.85,0.86,0.85,0.86,0.86,0.86,0.85,0.82,0.86,0.86,0.86,0.86,0.85,0.86,0.85,0.86,0.86,0.86,0.86,0.86,0.86,0.86,-1.05,0.86,0.86,0.86,-1.02,0.86,0.84,-1.13,0.86,0.86,0.85,0.86,-1.13,-1.09,0.86,0.86,0.86,0.85,0.86,0.86,0.86,0.85,0.85,0.86,0.86,-1.03,0.86,0.86,0.84,0.8,0.86,0.86,0.86,0.85,0.86,0.86,0.86,0.84,0.86,0.86,0.86,0.86,0.86,0.86,-1.08,0.84,0.86,0.86,0.86,0.86,0.83,0.86,0.86,0.86,0.86,0.84,0.86,0.86,0.85,0.86,0.86,0.86,0.86,0.86,0.86,0.86,0.86,0.86,0.86,0.86,0.86,0.86,0.86,-1.01,0.86,0.86,0.86,0.86,0.86,0.86,0.86,0.86,0.85,0.85,0.69,0.85,0.86,0.85,0.86,0.86,0.86,0.86,0.84,0.86,0.86,0.86,0.86,0.86,0.84,0.86,0.86,0.78,0.86,0.86,0.86,0.86,0.86,0.86,0.85,0.86,0.86,0.86,0.86,0.86,0.86,0.86,0.82,0.86,0.85,0.86,0.86,0.86,0.84,0.86,0.86,0.77,0.79,0.86,0.86,0.85,0.86,0.84,0.86,0.86,0.86,0.86,0.86,0.86,0.86,0.71,-1.13,0.86,0.86,0.86,0.86,0.84,0.86,0.86,0.86,0.85,0.86,0.86,0.86,0.86,0.86,0.85,0.86,0.86,0.85,0.86,-1.05,-1.03,0.86,0.86,0.83,0.86,0.86,0.86,0.85,0.86,0.86,0.85,0.86,0.86,0.86,0.85,0.86,0.86,0.86,0.86,-1.05,0.86,0.84,-1.01,0.86,0.86,0.86,0.86,0.86,0.86,0.86,0.79,0.86,0.86,-1.12,-1.14,0.86,0.86,0.86,0.86,-1.03,0.85,0.86,0.86,0.86,0.84,0.86,0.86,0.86,0.85,0.86,0.86,0.86,0.85,0.86,0.86,0.86,0.86,0.86,0.86,0.86,0.86,0.85,0.84,0.75,0.84,0.86,0.84,0.86,0.86,0.83,-1.1,0.86,-1.01,0.86,0.86,0.86,0.86,0.86,0.86,-1.02,0.86,0.83,-1.03,0.86,0.86,0.86,0.86,0.86,0.86,0.86,-1.13,0.86,0.85,0.86,0.85,0.86,0.86,0.86,0.84,0.86,-1.12,0.85,0.84,0.72,0.86,0.86,0.86,0.86,0.86,0.86,0.84,0.86,0.86,0.86,0.86,0.84,0.86,0.86,0.86,0.86,0.86,0.86,0.86,0.86,0.86,0.86,-1.12,0.84,0.83,0.85,0.84,0.86,0.86,-1.08,0.84,0.86,0.86,0.86,0.86,0.86,0.85,0.86,0.84,0.86,0.74,0.86,0.86,0.85,-1.07,0.85,0.85,0.86,0.86,0.86,0.86,0.85,0.86,0.86,0.8,0.86,0.86,0.84,0.86,0.86,0.77,0.79,0.83,0.86,0.86,0.86,0.84,0.86,0.86,0.86,0.86,0.86,0.86,0.86,0.86,0.86,-1.12,0.86,0.84,0.86,0.86,-1.12,0.86,0.86,0.86,0.86,0.86,0.83,0.86,0.86,0.83,0.86,0.86,0.86,0.86,0.86,0.85,0.86,0.86,0.72,0.86,0.86,-1.03,0.86,0.86,0.86,-1.13,0.85,0.86,0.86,0.86,0.86,0.84,0.86,0.86,0.86,0.86,0.86,0.86,0.86,0.71,0.86,0.86,0.86,-1.09,0.86,0.86,-1.07,0.86,0.86,0.86,0.86,0.86,0.86,0.86,-1.09,0.86,0.86,0.86,0.86,0.86,0.86,0.86,0.86,0.86,0.86,0.84,0.86,0.85,0.86,0.86,0.86,0.84,0.86,0.86,0.86,0.86,0.86,0.86,0.86,0.84,0.86,0.85,0.86,0.86,0.86,0.82,0.86,0.86,0.86,0.77,0.86,0.86,0.86,0.86,0.86,0.86,-1.14,0.86,0.86,0.84,0.86,0.86,0.86,0.86,0.86,0.86,0.83,0.86,0.85,0.85,0.85,0.86,0.86,0.86,0.86,0.85,0.86,0.82,0.84,0.86,0.86,-1.02,0.81,0.86,0.86,0.86,0.86,0.86,0.75,0.85,0.86,0.86,0.86,0.86,0.86,0.86,0.86,0.86,0.86,0.86,0.86,0.86,0.86,0.83,0.86,0.86,0.86,0.86,0.86,0.86,0.73,0.86,0.86,0.86,0.86,-1.14,0.86,0.86,0.86,0.86,0.86,0.86,0.86,0.86,0.86,0.85,0.86,0.86,0.85,0.86,0.84,0.86,0.84,0.86,0.86,0.86,0.86,0.86,0.86,0.85,0.86,0.86,0.86,0.86,0.86,0.86,0.85,0.86,-1.13,0.86,0.86,0.86,0.86,0.86,0.86,0.86,-1.02,0.86,0.86,0.86,0.85,0.85,0.86,-1.06,0.86,0.86,0.84,0.86,0.86,0.86,0.86,0.86,0.86,0.85,0.86,0.86,0.86,0.86,0.86,0.86,0.82,0.86,-1.09,0.86,0.85,0.86,0.86,0.86,0.86,0.86,0.86,0.86,0.86,0.86,0.86,0.81,-1.06,0.86,-1.06,0.86,0.86,-1.09,0.86,0.86,0.82,0.86,0.86,0.86,0.86,0.86,-1.03,0.86,-1.07,0.86,0.86,0.86,0.86,0.84,0.86,0.82,0.86,0.84,0.85,-1.0,0.86,-1.13,0.85,0.86,0.84,0.86,0.86,0.86,0.86,0.86,0.86,0.85,0.86,0.86,0.86,0.86,0.86,0.86,0.86,0.86,0.79,-1.12,0.82,-1.12,0.86,0.85,-1.0,0.86,0.84,0.86,0.86,0.86,0.85,0.86,0.86,0.86,0.86,0.86,0.86,-1.04,0.85,0.86,0.86,0.85,0.86,0.85,0.86,0.86,0.86,0.86,0.86,-1.03,-1.12,0.85,0.86,0.85,0.86,0.86,0.86,0.86,0.73,0.85,0.86,0.86,0.86,0.86,0.85,0.86,-1.12,0.86,0.86,0.86,0.86,0.86,0.85,0.86,0.84,0.86,-1.12,0.86,0.74,0.86,0.86,0.86,0.86,0.86,0.84,0.86,0.86,0.86,0.86,0.86,-1.12,0.86,0.84,0.82,0.86,0.84,0.86,0.86,0.85,0.86,0.84,0.84,0.85,0.86,0.77,0.86,0.86,-1.12,0.86,0.86,0.86,0.85,0.86,0.86,0.86,0.86,0.86,0.86,0.86,0.86,0.86,0.85,0.86,0.86,0.86,0.86,0.86,0.85,0.86,0.86,0.85,0.86,0.86,0.86,0.86,0.82,0.86,0.85,-1.04,0.86,0.86,0.86,0.86,0.85,0.86,-1.09,0.86,0.86,0.86,0.86,0.84,0.86,0.86,0.86,0.86,0.86,0.86,0.86,0.85,0.86,0.86,0.86,0.86,0.86,0.86,0.86,0.86,0.86,0.86,0.86,0.86,0.84,0.86,0.86,0.86,0.86,0.86,0.85,0.85,0.85,0.86,0.86,0.86,0.86,0.86,0.86,0.74,0.86,0.86,0.86,-1.02,0.86,0.85,-1.03,0.86,0.86,-1.11,0.86,0.86,0.86,0.86,0.86,-1.12,0.86,0.86,0.86,0.85,0.74,0.86,0.84,0.86,0.86,0.86,0.8,0.86,0.86,0.86,0.86,0.86,0.86,0.86,0.86,0.86,0.86,0.86,0.86,0.86,0.86,0.86,0.86,0.86,0.86,0.83,0.86,0.86,0.85,0.86,0.85,0.86,0.86,0.86,0.8,-1.03,0.86,0.77,0.86,0.86,0.86,0.86,0.86,0.85,0.86,0.86,0.86,0.85,0.85,0.84,0.86,0.86,0.85,0.86,0.86,0.85,0.86,0.86,0.86,0.86,0.85,0.85,0.86,0.85,-1.14,0.86,0.8,0.84,0.84,0.86,0.84,0.85,0.86,0.86,0.86,0.86,-1.08,0.86,0.86,0.86,0.86,0.8,0.86,0.85,0.86,0.84,0.86,0.84,0.86,0.86,0.85,0.86,0.86,0.86,0.86,0.86,0.86,0.86,0.84,0.84,-1.15,0.86,0.86,0.85,0.86,0.86,0.86,0.86,0.75,0.86,0.86,0.86,-1.09,0.86,0.84,0.86,0.84,0.86,0.86,0.74,0.86,0.86,0.86,0.86,0.86,0.86,0.86,0.86,0.86,0.7,0.86,0.86,0.86,0.86,0.86,0.85,0.84,0.84,-1.13,0.86,0.77,0.86,0.86,0.86,0.86,-1.0,0.86,0.86,0.86,0.86,0.86,0.86,0.85,0.86,0.86,-1.05,0.86,0.85,0.85,0.85,0.86,0.86,0.86,0.85,0.86,-1.0,0.86,0.86,0.85,0.86,0.86,0.83,0.85,0.85,0.86,0.86,-1.1,0.86,0.86,0.86,0.78,0.85,0.85,0.84,0.86,0.86,0.86,0.86,0.86,0.84,0.86,0.86,0.86,0.86,0.86,0.86,0.86,0.86,0.86,0.86,0.86,0.86,0.86,0.86,0.86,0.85,0.86,0.86,0.75,0.86,0.86,0.86,0.86,0.86,0.84,0.86,0.85,0.85,0.86,0.86,0.85,0.85,0.84,0.86,0.86,0.86,0.85,0.83,0.86,0.86,0.86,0.86,0.86,0.86,0.86,0.85,0.86,0.82,0.86,0.86,0.86,0.86,0.86,0.86,0.82,0.86,0.86,0.72,0.86,0.86,0.85,0.85,-1.02,0.84,0.84,0.86,0.86,0.86,0.86,0.86,0.86,0.86,0.86,0.86,0.86,0.86,0.86,0.86,0.86,0.85,0.86,0.85,0.86,0.86,-1.12,0.86,0.86,0.82,0.86,0.83,0.86,0.86,0.86,0.84,0.85,0.83,0.86,0.86,0.86,0.86,0.84,0.86,0.85,0.85,0.86,0.86,0.86,0.81,0.86,0.86,0.81,0.83,0.78,0.86,0.86,0.84,0.86,0.86,0.86,0.84,0.86,0.86,0.86,0.86,0.86,0.85,0.86,0.86,0.86,0.86,0.86,0.83,0.86,-1.03,0.86,0.86,0.76,0.86,-1.11,0.86,0.86,0.86,0.86,0.86,0.86,0.86,0.86,-1.03,0.86,0.85,0.86,0.85,0.84,0.86,-1.01,0.85,-1.04,0.86,0.86,0.84,0.86,-1.12,0.84,0.86,0.86,0.86,0.86,0.86,0.86,0.86,0.74,0.86,-1.02,0.75,0.85,0.86,0.83,0.86,0.82,0.86,-1.11,0.84,0.86,0.86,0.86,0.86,0.84,0.86,0.85,0.85,0.79,0.86,0.86,0.86,0.85,0.86,0.86,0.86,0.85,0.86,0.86,0.84,0.86,-1.16,0.85,0.86,0.86,0.86,0.85,0.86,0.76,0.86,0.86,0.86,0.86,0.86,0.86,0.86,0.84,0.86,-1.02,0.86,0.86,0.86,0.83,0.86,0.86,0.86,0.86,0.85,-1.11,-1.08,0.86,0.86,0.86,0.86,0.86,0.86,0.86,0.86,0.86,0.86,0.84,0.86,0.86,0.86,0.86,0.86,0.85,0.86,0.86,0.86,0.86,0.86,-1.01,0.85,0.86,0.85,0.72,0.83,0.86,0.71,0.86,0.86,0.86,0.86,0.86,0.86,0.86,0.86,0.86,0.72,0.86,0.86,0.86,0.86,-1.1,0.85,0.86,0.86,0.86,0.86,0.86,0.86,0.86,0.86,0.86,0.86,0.86,0.76,0.84,0.86,0.85,0.86,0.86,0.86,0.85,0.85,0.86,0.86,0.76,0.85,0.86,0.86,0.8,0.86,0.86,0.86,0.86,0.84,0.86,0.86,0.85,0.84,0.83,0.86,0.86,0.86,0.86,0.86,0.86,0.86,0.86,0.86,0.86,0.83,0.86,0.86,0.86,0.86,0.86,0.86,0.86,0.86,0.84,0.86,0.86,0.86,0.86,0.86,0.78,0.85,0.72,0.86,0.86,-1.1,0.86,0.86,0.86,0.86,0.86,0.84,0.86,0.84,0.86,0.86,0.86,0.85,0.86,0.86,0.86,0.86,0.86,0.86,0.86,0.86,0.86,0.86,0.86,0.86,0.86,0.86,0.86,0.81,0.86,0.8,0.86,0.86,0.86,0.85,0.86,0.85,-1.11,0.85,0.86,-1.09,0.86,0.86,0.86,0.86,0.86,0.86,0.84,-1.01,0.85,-1.1,0.84,0.86,0.86,0.86,0.86,0.85,0.84,0.86,0.86,0.86,-1.26,0.86,0.86,0.85,0.86,0.85,0.86,0.85,0.86,0.86,0.86,0.86,0.86,0.85,0.84,0.86,0.86,0.85,0.86,-1.07,0.86,0.86,0.86,0.86,0.86,0.86,0.86,0.85,0.86,0.86,0.86,0.86,0.86,0.86,-1.11,0.86,0.86,0.86,0.86,0.86,0.86,0.86,0.86,-1.01,0.86,0.86,-1.14,0.86,0.83,0.86,0.86,0.86,0.86,0.86,0.85,0.85,0.85,0.86,0.86,0.84,0.86,0.86,0.86,0.84,0.85,0.86,0.86,0.86,0.75,0.86,0.86,0.86,0.86,0.86,0.7,0.71,0.86,0.86,0.85,-1.05,0.86,0.86,0.85,0.86,0.86,0.86,-1.14,0.86,0.83,0.86,-1.0,0.83,0.85,0.86,-1.01,0.86,0.86,0.85,0.86,0.86,0.85,0.86,0.86,0.85,0.86,0.86,0.86,0.86,0.86,0.85,-1.09,0.75,0.86,0.86,0.73,0.83,0.86,-1.09,0.86,0.86,0.85,0.86,0.86,0.86,0.86,0.85,0.86,0.79,0.86,0.86,0.81,0.86,0.83,0.86,0.83,0.86,0.86,0.86,0.78,0.86,0.86,0.86,-1.12,0.83,0.86,0.86,0.86,0.84,0.86,0.84,0.85,0.86,0.86,0.86,0.84,0.86,0.84,0.86,0.86,0.86,0.86,0.86,0.86,0.86,0.86,0.86,0.86,-1.02,0.72,0.86,0.86,0.86,0.86,0.86,0.86,0.85,-1.12,0.83,0.86,0.86,0.85,0.85,0.85,0.86,0.86,0.86,0.86,0.86,0.86,0.86,0.86,0.86,0.84,0.86,0.86,-1.03,0.86,0.86,0.76,0.86,0.85,0.86,0.86,0.86,0.86,0.86,0.86,0.86,0.84,0.86,0.86,0.85,-1.05,-1.09,0.86,0.86,0.86,0.86,0.86,0.84,0.86,0.86,0.86,0.86,0.85,0.86,0.86,0.86,0.86,0.86,-1.05,0.85,0.85,0.86,0.86,0.8,0.86,0.86,0.86,0.86,0.86,0.85,0.84,0.86,0.86,0.86,0.86,0.86,-1.06,0.86,0.86,0.86,0.86,0.86,0.86,0.86,0.86,0.86,0.86,0.84,-1.03,0.86,0.86,0.86,0.86,0.85,-1.13,0.84,0.86,0.86,0.86,0.86,0.86,0.86,0.86,0.86,0.86,0.86,0.86,0.86,0.86,0.85,0.86,0.86,0.86,0.84,0.86,0.86,0.86,0.86,0.86,0.86,0.86,0.84,0.86,0.86,0.86,0.83,0.84,0.86,0.86,0.85,0.86,-1.12,0.86,0.86,0.86,0.86,0.86,-1.0,0.86,0.85,0.84,0.86,0.86,0.86,0.86,0.86,0.86,0.74,-1.12,0.86,0.86,0.86,0.86,0.86,0.82,0.86,0.86,0.86,0.86,-1.12,0.86,-1.01,0.86,0.86,0.85,0.8,0.86,0.86,0.76,0.86,0.86,0.84,0.84,0.83,0.85,0.86,0.86,0.84,0.86,-1.02,0.86,0.86,0.85,0.84,0.86,0.86,0.86,0.86,0.84,0.86,0.86,0.85,0.86,0.86,0.78,0.84,0.86,0.86,0.86,0.74,0.86,0.86,0.85,0.86,0.86,0.86,0.84,-1.08,0.73,0.86,0.86,0.86,0.86,0.86,0.86,0.82,0.86,0.86,-1.06,0.85,0.85,0.72,0.86,0.85,0.86,0.86,0.86,0.86,0.86,0.84,0.86,0.86,0.86,0.86,0.84,0.85,0.86,0.86,0.86,0.86,0.86,0.86,0.86,0.86,0.86,0.86,0.86,-1.04,0.84,0.86,0.86,0.86,0.86,0.86,0.85,0.86,0.86,0.79,0.86,0.86,0.86,0.86,0.86,0.86,0.86,0.85,0.86,0.86,0.85,0.86,0.84,0.86,0.85,0.86,0.86,0.86,0.84,0.85,0.86,0.85,0.84,0.86,0.86,0.84,0.85,0.86,0.86,0.86,0.86,0.86,0.86,0.86,0.86,0.86,0.86,0.86,0.84,0.86,-1.13,0.86,0.86,0.86,0.86,0.86,-1.08,0.86,0.86,0.86,0.86,0.86,0.86,0.85,0.86,0.86,0.85,0.86,0.86,0.86,-1.12,0.85,0.86,0.85,-1.07,0.85,0.86,0.84,0.85,-1.09,0.85,0.81,0.86,0.8,-1.02,0.86,0.86,0.86,0.85,0.86,0.86,0.86,0.86,0.86,0.82,0.86,0.75,0.86,0.86,0.86,0.86,0.86,0.82,0.81,0.79,0.86,0.84,0.86,0.85,0.86,0.86,0.84,0.86,0.86,0.84,0.86,0.86,0.86,0.86,0.86,0.86,0.86,-1.0,0.86,0.86,0.86,0.82,0.86,0.86,0.85,0.83,0.86,0.86,0.86,0.86,0.71,0.84,0.86,0.85,0.86,0.86,0.86,0.86,0.86,-1.02,0.86,0.86,0.86,0.85,0.85,0.86,0.86,0.85,0.86,0.86,0.86,-1.06,-1.08,0.86,0.86,0.86,0.86,0.86,0.86,0.86,0.86,0.86,0.86,-1.12,0.85,0.85,0.86,-1.01,0.84,0.86,0.86,0.86,0.86,0.86,0.86,0.86,0.86,0.86,0.86,0.86,0.86,0.86,0.86,0.83,0.78,-1.08,0.86,0.86,0.81,0.86,-1.14,0.85,0.86,0.86,0.86,0.86,0.86,0.86,0.86,-1.06,0.86,0.86,0.86,0.86,0.86,0.85,0.86,0.86,0.86,0.79,0.86,-1.03,0.86,0.85,0.85,0.86,0.86,0.86,0.86,-1.11,0.85,0.86,0.86,0.86,0.86,0.86,0.86,0.86,0.86,0.81,0.84,0.86,0.84,0.86,0.86,-1.14,0.86,0.86,0.86,0.86,0.86,0.86,0.86,0.86,-1.12,0.86,0.86,0.83,0.85,0.84,0.86,0.85,0.86,-1.12,0.85,0.86,0.86,0.86,0.86,0.86,0.86,0.86,0.86,0.86,-1.04,0.86,0.86,-1.13,0.86,0.86,0.85,0.86,0.85,0.84,0.85,0.86,0.84,0.86,0.86,0.86,0.86,0.86,0.85,0.86,0.86,0.86,0.86,0.86,0.86,0.86,0.86,0.84,0.86,0.86,0.82,0.86,0.86,0.86,0.86,0.86,0.86,0.86,0.86,0.83,0.86,0.86,0.86,0.86,0.86,0.86,-1.12,0.86,0.86,0.86,0.86,0.86,0.86,0.85,0.86,0.71,0.79,0.86,0.86,0.86,0.86,0.86,0.86,0.84,0.86,-1.12,0.86,0.84,0.86,0.86,0.84,0.86,0.86,-1.03,0.86,0.86,0.86,0.78,-1.04,0.85,0.86,0.86,0.86,0.86,-1.12,0.79,0.86,0.86,0.86,0.86,0.86,0.86,0.86,0.86,0.86,0.86,0.86,0.85,0.85,0.86,0.85,0.86,0.86,0.86,-1.11,0.86,0.86,0.86,0.86,0.86,0.86,0.84,0.86,0.86,0.86,0.86,0.85,0.86,0.86,0.86,0.86,0.86,-1.03,0.85,0.85,0.86,0.84,0.84,0.85,0.84,0.86,0.85,0.86,0.86,0.86,0.86,0.86,0.86,0.83,0.84,0.86,0.86,0.85,0.86,0.86,0.86,0.86,0.86,-1.14,0.86,0.86,-1.02,0.85,0.86,0.86,0.86,0.85,0.86,0.86,0.86,0.86,0.73,0.86,0.86,0.85,0.86,0.85,0.86,0.86,0.86,0.86,0.86,-1.07,0.75,0.85,0.77,0.85,0.84,0.86,0.86,0.86,0.86,0.86,0.85,0.86,0.86,0.86,0.85,0.86,0.86,0.86,0.82,0.86,0.86,0.86,0.86,0.86,0.86,0.86,0.85,0.83,-1.12,0.84,0.86,0.85,0.86,0.86,0.85,0.86,0.86,0.86,0.85,-1.14,0.86,0.86,0.86,0.86,0.86,0.86,0.86,0.84,0.86,0.86,0.86,0.86,0.86,0.86,-1.05,0.83,0.86,0.85,0.86,-1.12,0.86,0.84,0.85,0.86,0.86,0.86,0.86,0.86,0.84,0.85,0.86,0.86,0.86,0.86,0.86,0.86,0.84,-1.1,0.86,0.84,0.85,0.86,0.84,0.86,-1.06,0.84,0.82,0.81,0.86,0.86,0.86,0.86,0.86,0.86,0.86,0.86,0.86,0.85,0.72,0.86,0.86,0.86,0.86,0.86,0.86,0.86,0.86,-1.14,0.86,0.86,0.86,0.86,0.86,0.85,0.84,0.84,0.86,0.86,0.86,0.84,0.86,0.86,0.86,0.86,-1.11,0.86,0.84,0.86,0.86,0.86,0.86,0.83,0.86,0.86,0.86,0.86,0.86,0.86,0.85,0.86,0.86,0.82,0.86,0.86,0.86,0.85,-1.13,0.85,0.71,0.86,0.84,0.86,0.86,0.86,0.86,0.86,0.86,0.86,0.86,0.86,0.86,0.86,0.86,0.86,0.86,0.86,0.86,-1.04,0.86,0.86,0.86,0.86,0.86,0.86,0.86,0.86,0.86,0.84,-1.03,0.85,0.85,0.84,0.86,0.86,0.86,0.86,0.84,0.86,0.84,0.86,0.86,0.86,0.86,0.86,0.84,0.63,0.86,0.86,0.86,0.86,0.86,0.86,0.86,0.86,0.85,0.86,0.86,-1.07,0.86,0.85,0.86,0.86,0.86,0.84,0.83,0.86,0.86,0.86,0.86,0.86,0.86,0.85,0.86,0.86,0.86,-1.07,0.86,0.84,0.83,0.84,0.86,0.86,0.86,0.84,0.85,0.86,0.86,0.86,0.86,0.86,0.86,0.86,0.84,0.84,0.86,-1.07,-1.02,0.86,0.86,0.83,0.86,0.85,0.84,0.86,0.86,0.86,0.86,0.7,0.85,0.86,0.84,-1.14,0.86,0.86,-1.12,0.86,0.85,0.85,0.84,0.85,0.85,0.86,0.86,0.86,0.86,0.84,0.85,0.86,0.86,0.86,0.86,0.84,0.85,0.86,0.84,0.86,0.86,0.84,-1.01,0.77,0.86,0.86,0.85,0.86,0.84,0.86,0.86,0.85,0.86,0.86,0.86,0.86,0.85,0.85,0.86,0.86,0.86,0.76,0.86,0.86,0.86,0.86,0.86,0.84,-1.05,0.84,0.77,0.86,0.83,0.83,0.86,-1.02,0.83,0.85,0.86,0.86,0.83,0.86,0.86,0.86,0.85,0.86,0.86,0.86,0.86,0.85,0.86,0.86,0.85,0.86,0.86,0.86,0.85,0.86,0.86,0.86,0.86,0.86,0.86,0.86,0.86,-1.13,0.86,0.82,-1.12,0.86,0.86,0.84,0.85,0.84,0.83,0.86,0.86,0.85,0.86,0.86,0.86,0.86,0.86,0.86,0.86,0.86,0.85,0.84,0.86,0.85,0.86,0.86,0.86,0.86,-1.14,0.86,0.86,0.86,0.74,0.85,0.85,-1.03,0.86,-1.02,0.69,0.85,0.85,0.85,0.85,0.86,0.85,0.86,-1.02,0.86,0.85,0.86,0.86,-1.17,0.86,0.86,0.86,0.86,0.86,0.86,0.86,0.86,0.86,0.86,0.86,0.85,0.86,0.86,0.86,0.86,0.84,0.86,-1.11,0.85,0.83,0.86,0.85,0.86,0.86,0.86,0.73,0.86,0.86,0.86,-1.15,0.86,0.84,0.86,0.85,0.86,0.85,0.79,0.86,-1.04,0.85,0.86,0.86,0.86,0.86,0.86,0.86,0.86,0.86,0.86,0.86,0.86,0.85,0.76,0.7,0.83,0.86,0.84,0.86,0.86,0.86,-1.13,0.86,0.85,0.86,0.86,0.86,-1.02,0.84,0.84,0.86,0.86,0.86,0.86,0.86,0.86,0.84,0.86,0.86,0.86,0.85,0.85,0.81,0.84,0.82,0.86,0.86,0.86
-1.05,0.86,0.85,-1.13,-1.03,-1.11,-1.14,-1.07,-1.25,-1.27,-1.27,-1.09,0.81,-1.07,0.84,0.83,-1.09,-1.11,0.86,0.7,0.8,-1.13,0.86,0.74,0.61,-1.09,-1.04,0.77,-1.02,0.84,0.75,0.83,0.83,0.79,0.86,0.82,0.76,0.84,-1.02,0.86,0.81,-1.05,0.75,-1.04,0.86,0.85,0.85,0.84,0.76,0.86,0.81,0.86,0.86,0.85,0.82,-1.09,0.86,0.86,-1.13,0.86,0.86,0.77,-1.03,0.86,0.86,-1.02,0.84,0.86,0.86,0.86,0.86,-1.12,0.84,0.86,0.77,0.86,0.86,0.86,0.86,0.85,0.86,0.85,0.86,0.86,0.86,0.86,0.86,0.86,0.79,0.86,0.85,-1.03,0.86,0.86,0.86,0.86,0.86,0.86,0.86,0.86,0.84,0.85,0.86,0.84,0.86,0.86,0.86,0.86,0.85,0.74,0.86,0.86,0.86,0.86,0.86,0.86,0.86,0.86,0.86,0.86,0.86,0.86,0.86,0.86,0.86,0.86,0.82,0.85,0.86,0.86,0.86,0.86,0.86,0.86,-1.02,0.72,0.86,0.86,0.86,0.86,0.85,0.86,0.86,-1.07,0.86,0.86,0.86,0.86,0.84,0.86,0.83,0.76,0.86,0.86,0.86,0.86,0.86,0.86,0.86,0.86,0.86,0.74,0.86,0.84,0.86,0.86,-1.15,0.84,0.86,-1.06,0.86,0.86,0.81,0.86,0.86,0.86,0.86,0.86,0.86,0.86,0.86,0.86,0.74,0.86,0.86,-1.03,0.84,0.83,0.86,0.86,0.86,0.86,0.86,-1.1,0.86,0.8,0.86,0.86,0.86,0.86,0.86,0.85,0.85,0.86,0.84,0.86,0.86,0.84,0.85,0.86,0.86,0.86,0.86,0.86,0.86,0.86,0.85,0.85,0.86,0.84,0.86,0.86,0.86,0.86,0.86,0.86,0.86,0.86,0.86,0.86,0.85,0.86,0.86,0.86,0.86,-1.1,-1.12,0.86,0.86,-1.14,0.86,0.86,0.84,0.7,0.86,0.86,0.86,0.86,0.85,0.86,0.86,0.85,-1.08,0.84,0.86,0.86,0.86,0.86,0.86,0.86,0.86,0.84,0.84,0.86,0.86,0.86,0.86,0.86,0.86,0.86,0.86,0.86,0.86,0.86,0.86,0.86,0.86,0.86,0.86,0.86,0.66,0.86,0.86,0.86,0.86,0.86,0.85,0.84,0.86,-1.14,0.86,0.86,-1.03,0.86,0.86,0.86,0.86,0.86,0.86,0.86,0.86,0.86,0.86,-1.02,0.85,0.86,0.86,0.85,0.86,0.86,0.86,0.84,0.86,0.86,0.86,0.86,0.83,0.86,0.86,0.84,0.86,0.86,0.86,0.86,0.86,0.86,0.86,0.84,0.84,0.86,0.84,0.86,0.82,0.85,-1.02,0.86,0.84,-1.03,0.86,0.84,0.85,0.86,0.86,0.86,0.86,0.8,0.86,-1.05,0.86,0.86,0.86,0.86,0.86,0.72,0.86,0.84,-1.09,0.85,0.86,0.85,0.81,0.84,0.86,0.86,0.78,0.83,0.86,0.86,0.86,0.86,0.86,0.86,0.86,0.85,0.86,0.86,0.86,0.86,0.84,0.86,0.82,0.84,0.84,0.86,0.86,0.86,0.86,0.86,0.86,0.86,-1.04,0.86,0.86,0.86,-1.13,0.84,0.86,0.86,0.86,0.85,-1.02,0.86,0.86,0.86,0.85,0.85,0.86,0.86,0.86,0.86,-1.03,0.86,0.86,0.86,0.84,0.86,0.86,0.85,0.86,0.86,0.86,0.85,0.86,0.86,0.84,0.85,0.86,0.86,0.86,0.86,0.86,0.86,0.86,0.86,0.86,0.86,0.86,0.85,0.72,0.85,0.86,-1.02,0.86,0.86,0.77,0.86,0.86,0.83,0.86,0.86,0.86,0.85,0.74,0.86,0.86,0.86,0.86,0.86,0.86,0.86,0.77,0.86,0.86,0.86,0.86,0.86,0.86,0.86,0.86,0.86,0.86,0.86,0.85,-1.14,0.86,0.85,0.81,0.86,0.86,0.86,0.81,-1.12,0.86,0.86,0.86,0.85,0.86,0.86,0.86,0.85,0.86,0.86,0.86,0.85,0.86,0.86,0.84,0.86,0.86,0.85,0.86,0.85,0.84,0.86,0.84,0.86,0.86,-1.02,0.85,0.86,0.86,0.86,0.86,0.86,0.86,0.84,0.86,0.86,0.86,0.86,0.86,0.85,0.86,0.81,0.86,0.86,0.86,0.86,0.86,0.84,0.86,0.86,0.84,0.86,0.85,0.86,0.85,0.82,0.86,0.85,0.7,0.86,0.85,0.86,-1.14,0.86,0.86,0.85,0.86,0.86,0.86,0.86,0.85,0.86,0.86,0.86,0.86,0.86,0.86,0.86,0.86,0.86,0.86,0.86,0.85,0.86,0.73,0.84,0.84,0.86,0.86,0.86,0.86,0.86,0.86,0.86,0.86,0.85,0.86,0.86,0.86,0.86,0.84,-1.1,0.86,0.86,0.86,0.84,0.86,0.86,0.85,0.85,0.86,-1.0,0.86,0.86,0.86,0.86,0.83,0.86,0.74,0.85,0.86,0.86,0.78,0.86,0.86,0.86,0.86,0.86,0.86,0.84,0.86,0.85,0.82,0.86,0.86,0.86,0.86,0.86,0.86,-1.02,0.86,0.86,0.86,0.86,0.86,0.86,0.86,0.78,0.86,0.86,0.86,0.86,0.85,0.79,0.86,0.84,0.86,0.86,0.86,0.86,0.86,0.86,0.86,0.86,0.86,0.86,0.86,0.86,0.86,0.86,0.86,0.86,0.86,0.86,0.85,0.86,0.86,0.86,0.84,0.86,0.86,0.86,-1.01,0.85,0.86,0.85,0.86,0.86,0.86,0.86,0.83,-1.0,0.86,0.86,0.86,0.86,0.86,0.83,0.86,0.83,0.86,0.86,0.86,0.86,0.86,0.86,0.86,0.86,0.86,0.83,0.86,0.86,0.86,0.86,0.86,0.84,0.86,0.86,0.86,0.84,0.86,0.86,0.86,-1.11,0.86,0.86,0.86,0.86,0.86,0.86,0.86,0.86,0.86,0.86,0.85,-1.13,-1.1,0.86,0.81,0.86,0.86,0.86,0.86,0.86,0.85,0.86,0.86,0.86,0.86,0.85,0.86,0.86,0.86,0.86,0.86,0.86,0.86,0.85,0.84,0.86,0.86,0.86,0.85,0.86,0.86,0.85,0.84,0.86,-1.06,0.85,0.83,0.86,0.86,0.85,0.86,0.86,0.86,0.86,0.85,0.86,0.86,0.86,0.86,0.85,0.86,-1.04,0.86,0.86,0.86,0.86,0.85,0.86,0.84,0.86,0.86,0.86,0.86,0.86,0.86,0.85,0.86,0.86,0.86,0.86,0.86,0.86,0.84,-1.04,0.85,0.82,0.86,0.86,0.86,0.86,0.86,0.86,0.86,0.86,0.85,0.83,0.86,0.86,0.86,0.86,0.85,0.86,0.86,0.84,0.86,0.86,0.85,0.86,0.86,0.86,0.86,0.86,0.86,0.86,0.86,0.85,-1.12,0.86,0.86,-1.13,-1.16,0.86,0.86,0.84,0.86,0.86,0.84,0.84,0.86,0.86,0.85,0.85,0.82,0.84,0.86,0.86,0.86,0.85,0.86,0.85,0.86,0.86,0.86,0.85,0.85,0.86,0.86,0.86,0.86,0.86,0.86,0.86,0.86,0.86,0.86,0.86,0.86,0.86,0.86,-1.0,0.86,0.86,0.86,0.86,0.86,0.85,0.71,0.86,0.85,0.86,0.86,0.86,0.67,0.73,0.86,0.86,0.86,0.86,0.86,0.85,0.84,-1.12,0.86,0.86,0.86,0.86,0.86,0.86,0.84,0.86,0.86,0.86,0.86,0.86,0.84,0.86,0.86,0.86,0.86,0.86,0.86,0.86,0.85,0.86,0.86,0.85,0.86,0.86,0.86,-1.1,0.86,0.85,0.86,0.86,0.84,0.86,0.86,0.86,0.84,0.86,0.86,0.86,0.86,-1.12,0.86,0.86,0.86,0.86,0.85,0.86,-1.04,0.86,0.86,-1.13,0.86,0.86,0.86,0.86,0.85,0.83,0.86,0.86,0.86,-1.07,0.86,0.86,0.86,0.85,0.86,0.79,0.72,0.86,0.86,0.86,0.86,0.78,0.84,0.86,0.86,0.86,0.86,0.86,0.85,0.85,0.86,0.86,0.85,0.86,0.86,0.75,0.84,0.86,0.86,0.86,0.86,0.84,0.86,0.83,0.86,0.86,0.86,0.86,0.84,0.86,0.86,0.86,0.86,0.85,0.86,0.86,0.86,0.86,0.86,0.86,0.84,0.86,0.86,0.86,0.86,0.86,0.86,0.86,0.86,0.86,0.8,0.84,0.86,0.86,0.86,0.85,0.85,0.86,0.86,0.86,0.86,0.86,0.86,0.86,0.86,0.85,0.86,0.86,0.85,0.86,-1.03,0.83,0.86,0.86,0.86,0.86,0.86,0.86,0.86,0.86,0.85,0.86,0.86,0.86,0.86,0.86,0.86,0.85,-1.12,0.85,-1.14,0.83,0.86,0.86,0.86,0.86,0.86,0.86,0.86,0.86,0.86,0.86,0.86,0.86,0.86,0.86,0.86,0.68,0.84,0.84,0.86,0.86,0.84,0.73,0.86,-1.06,0.86,0.86,0.86,0.86,0.86,0.86,0.86,0.86,0.86,0.86,0.86,0.86,0.86,0.86,0.84,0.84,0.86,0.86,-1.0,0.86,0.85,0.86,0.86,0.86,0.86,0.84,0.86,0.86,0.86,-1.13,0.86,0.84,0.86,0.86,0.86,0.86,0.86,0.86,0.86,0.86,0.86,-1.14,0.86,0.86,0.86,0.84,0.86,0.86,0.84,-1.01,0.85,0.86,0.86,0.86,0.85,0.86,0.86,0.86,0.86,0.86,0.86,0.86,0.86,0.86,-1.07,0.86,0.85,0.86,0.86,0.86,0.86,0.86,0.86,0.86,0.86,0.86,0.86,0.84,0.86,0.86,0.86,0.86,0.86,0.86,0.86,-1.17,0.86,0.86,0.86,0.86,0.86,0.86,0.86,0.86,0.72,0.84,0.86,0.86,0.86,0.86,0.85,0.86,0.86,0.85,0.86,0.86,0.79,0.86,0.86,0.86,0.86,0.85,0.86,0.84,0.86,0.86,0.86,0.86,0.86,0.86,0.86,0.86,-1.01,0.81,0.86,0.86,0.86,0.86,0.86,0.86,0.86,0.84,-1.04,0.86,0.85,0.86,0.86,-1.08,-1.03,0.85,0.85,0.84,0.86,0.84,0.85,0.86,0.86,0.84,0.86,0.86,0.86,0.86,0.86,0.86,0.86,0.86,0.86,0.85,0.86,0.86,0.86,0.86,0.86,0.86,0.86,0.86,0.86,0.86,0.86,0.85,0.86,0.86,0.86,0.86,0.86,0.86,0.86,0.86,0.84,0.86,0.86,0.86,0.86,0.86,0.86,0.84,0.7,0.86,0.86,0.86,0.82,0.86,0.86,0.86,0.86,0.86,0.86,0.84,0.86,0.84,-1.13,0.86,0.86,0.86,0.86,-1.14,0.84,-1.03,0.86,0.86,0.78,0.86,0.86,0.84,0.86,0.86,0.83,0.86,0.76,0.86,0.86,0.86,0.86,0.86,0.86,-1.06,0.86,0.83,0.85,0.86,0.86,0.86,0.86,0.86,0.86,0.86,0.86,0.86,0.86,0.86,0.86,0.86,0.86,0.73,0.86,0.86,0.86,0.86,0.86,-1.12,0.85,0.86,0.86,0.83,-1.06,0.86,0.86,0.86,0.86,0.86,0.79,0.84,0.86,0.86,0.86,0.86,0.86,0.85,0.86,0.86,0.86,0.84,0.86,0.86,0.86,0.85,0.86,0.86,0.86,0.86,0.86,0.86,0.86,0.86,0.86,-1.12,0.86,0.86,0.86,0.85,0.85,0.86,0.86,0.86,0.86,0.85,0.86,0.86,0.86,-1.02,0.85,0.86,0.86,0.86,0.84,0.85,0.86,0.86,0.86,0.86,0.86,0.85,0.85,0.86,0.67,0.85,0.86,0.84,0.86,-1.14,-1.03,0.86,0.85,0.86,0.86,0.86,0.86,0.86,0.86,0.86,0.86,0.86,0.86,-1.08,0.86,0.85,0.86,0.84,0.86,0.86,-1.15,-1.01,0.84,0.86,0.86,0.86,0.86,0.86,0.86,0.86,0.86,0.86,0.86,0.86,0.86,0.85,0.84,0.86,0.85,-1.11,0.86,0.86,0.86,0.86,0.85,0.83,0.84,0.86,0.79,0.86,0.86,0.86,0.86,0.84,0.86,0.86,0.86,0.86,0.84,0.86,0.86,0.86,0.86,0.86,0.86,0.86,0.86,0.85,0.86,0.86,0.86,0.86,0.86,0.86,-1.03,0.86,0.86,-1.03,0.86,-1.11,0.85,0.86,0.86,0.84,0.86,0.86,0.86,0.86,0.86,0.86,0.84,0.86,0.86,0.86,0.86,0.85,-1.13,0.86,0.86,0.86,0.86,0.86,0.86,0.86,0.86,0.84,0.86,0.86,0.85,0.86,0.86,0.86,0.86,0.86,0.85,-1.14,0.86,0.84,0.86,0.86,0.86,0.86,0.86,0.86,0.86,0.86,0.74,0.86,0.86,-1.01,0.86,0.86,0.86,0.86,0.84,0.86,0.85,0.86,0.86,0.86,0.86,0.86,0.86,0.86,0.85,0.86,0.85,0.86,0.85,0.81,0.86,0.86,0.84,0.86,0.84,0.86,0.85,0.83,0.85,-1.12,0.85,0.86,0.86,0.86,0.72,0.86,0.84,0.85,0.84,0.85,0.85,0.84,0.86,0.86,0.86,0.86,0.86,0.86,0.86,0.86,0.86,0.85,0.86,0.77,0.84,0.86,-1.01,0.86,-1.03,0.86,0.85,0.86,0.85,0.86,0.86,0.86,0.86,0.86,0.81,0.86,0.86,0.85,0.86,0.86,0.84,0.86,0.86,0.86,0.86,0.86,0.85,0.85,0.86,0.85,0.86,0.86,-1.11,0.75,0.84,0.86,0.86,0.86,0.84,0.86,0.85,0.86,0.86,0.86,-1.08,0.86,0.67,0.86,-1.12,0.79,0.86,0.85,0.86,0.86,0.86,0.86,0.86,0.86,0.86,0.86,0.85,0.86,0.86,0.86,0.86,0.86,-1.05,0.86,0.85,0.86,0.86,0.86,0.73,0.86,0.86,0.85,0.86,0.86,0.86,0.86,0.86,0.84,0.86,0.86,0.86,0.86,0.86,0.85,0.86,0.86,0.86,0.85,-1.14,0.86,-1.02,0.85,0.86,0.86,0.86,0.86,0.86,0.86,0.85,0.86,0.86,0.86,0.86,0.86,0.86,0.86,0.86,0.86,0.86,0.86,0.85,0.86,0.85,0.86,0.86,0.85,0.84,0.86,0.86,0.86,0.86,0.86,0.86,0.86,0.86,-1.03,-1.01,0.85,0.84,0.86,0.86,0.86,0.86,0.85,0.85,0.86,0.86,0.72,0.86,0.86,0.86,0.86,0.86,-1.12,-1.13,0.84,0.67,0.86,0.84,0.86,-1.04,0.86,0.85,-1.11,0.85,0.86,0.85,0.84,0.86,0.86,0.86,0.86,0.84,0.86,0.86,0.85,0.86,0.86,0.86,0.86,0.86,0.86,0.86,0.86,0.86,0.86,0.86,0.86,0.86,0.86,0.86,0.84,0.86,0.73,0.86,0.86,0.86,0.73,0.86,0.86,-1.02,0.84,0.86,0.86,0.86,0.86,0.84,0.84,-1.0,0.86,0.84,0.86,0.86,-1.02,-1.03,0.85,0.86,0.86,0.84,0.85,0.86,0.86,0.86,0.86,0.86,0.85,-1.0,0.85,0.85,0.86,0.86,0.86,0.86,0.84,-1.04,0.86,0.73,0.86,0.83,0.86,0.86,0.86,0.86,0.86,0.86,0.86,0.86,0.86,0.86,0.86,0.86,0.86,0.86,0.86,0.86,0.85,0.86,0.84,0.86,-1.09,0.85,0.86,0.86,0.83,0.86,0.7,0.86,0.86,0.86,0.86,0.86,0.83,0.86,0.86,0.86,0.86,0.86,0.86,0.86,0.86,0.84,0.85,0.86,0.86,0.86,0.86,0.84,0.86,0.86,0.86,0.86,0.84,0.86,0.86,0.86,0.83,0.86,0.86,0.86,0.86,0.86,-1.01,0.86,0.86,0.86,0.86,0.86,0.86,0.86,0.86,0.84,0.86,0.84,0.86,0.86,0.86,0.86,0.86,0.86,0.86,0.86,0.86,0.86,0.86,0.86,-1.1,0.85,0.84,0.86,0.83,0.86,0.86,0.86,0.86,0.86,0.85,0.86,-1.07,-1.06,0.85,0.81,0.85,0.83,0.85,0.86,0.84,0.86,0.86,0.82,0.86,0.86,0.86,0.86,0.86,-1.11,0.85,0.84,0.86,0.86,0.85,0.86,0.86,-1.02,0.84,0.84,0.86,0.86,0.86,-1.12,0.85,0.86,0.86,0.86,0.86,0.86,0.86,0.86,0.86,0.76,0.85,0.86,0.86,0.86,0.86,0.86,-1.03,0.86,0.86,0.86,-1.12,-1.13,0.86,-1.0,0.86,0.84,0.86,0.86,0.86,-1.04,0.86,-1.07,0.86,0.79,0.86,0.86,0.86,0.85,0.86,0.86,0.86,0.86,0.86,0.86,0.86,0.86,0.86,0.86,0.86,0.76,0.86,0.86,0.85,0.85,0.86,0.84,0.85,0.86,0.86,-1.03,0.84,0.86,0.84,0.86,0.86,0.86,0.86,-1.1,0.82,0.86,0.86,-1.04,0.86,0.86,0.75,0.86,0.86,0.84,-1.02,0.85,0.86,0.8,0.86,-1.14,0.86,0.86,0.84,0.86,0.86,0.86,0.84,0.86,0.86,0.86,0.86,-1.05,0.85,0.85,-1.06,0.86,0.85,0.85,0.71,0.86,0.86,-1.13,0.85,0.86,0.86,-1.12,0.84,0.86,0.76,0.84,0.86,0.86,0.84,0.86,0.86,0.84,0.86,-1.11,0.81,0.85,0.86,0.86,0.86,0.86,0.86,0.86,0.84,0.86,0.77,0.84,0.86,0.86,0.86,0.86,0.86,0.79,0.86,0.86,0.83,-1.08,0.84,0.85,0.86,0.86,0.86,0.86,0.86,0.83,0.86,0.86,0.86,0.86,0.86,0.78,0.84,0.86,-1.06,0.86,0.85,0.86,0.86,0.86,0.86,-1.03,0.86,0.86,0.86,-1.02,0.86,0.86,0.86,0.85,0.86,0.86,0.86,0.85,-1.02,0.86,0.84,0.86,0.86,0.84,0.86,0.85,0.86,0.86,0.86,0.86,0.86,0.86,0.86,0.86,0.86,0.86,0.86,0.86,0.86,0.84,0.86,0.86,0.86,0.86,0.84,0.85,0.86,0.86,0.86,0.86,0.85,0.86,0.84,0.86,0.86,0.86,-1.07,0.84,0.86,0.86,0.86,0.84,0.84,0.86,0.86,0.86,0.86,0.86,0.86,0.86,0.86,0.85,0.85,0.86,0.86,0.86,0.86,0.86,0.84,0.84,0.86,0.86,0.86,0.86,0.86,0.86,0.85,0.86,0.82,-1.13,-1.09,0.86,0.86,0.84,0.85,0.86,0.86,0.86,0.86,0.86,0.85,0.72,0.86,0.86,0.86,0.85,0.86,-1.14,0.86,0.86,0.86,0.85,0.86,0.86,0.85,0.86,0.86,0.86,0.86,0.81,0.86,0.86,0.86,0.85,0.85,0.86,0.86,0.84,0.85,0.86,0.86,0.86,0.85,0.86,0.86,0.86,-1.14,0.85,-1.02,-1.12,0.86,0.86,0.86,0.86,0.86,0.86,0.86,-1.03,0.81,0.85,0.85,0.85,-1.09,0.86,0.86,0.86,0.85,0.86,0.85,0.83,0.86,0.79,0.86,0.86,0.86,-1.12,0.85,-1.04,0.85,0.85,0.86,0.84,0.84,0.86,-1.01,0.85,0.84,-1.03,-1.13,0.85,0.86,0.86,0.84,0.86,0.86,0.81,0.86,0.86,0.86,0.86,0.85,-1.02,0.86,0.86,0.86,0.86,0.85,0.86,0.86,0.86,0.86,0.86,0.86,0.86,-1.03,0.83,0.86,0.86,0.86,0.86,0.85,-1.03,0.86,0.86,0.86,0.86,0.86,0.86,0.86,0.86,0.86,0.86,0.86,0.86,-1.0,0.75,0.86,0.86,0.86,0.82,-1.04,0.86,0.76,0.86,0.86,0.85,0.86,0.86,0.86,0.86,0.86,0.84,-1.08,0.86,0.81,0.75,0.84,0.86,0.86,-1.11,0.76,0.85,0.86,0.86,-1.05,0.86,-1.23,0.85,0.86,0.85,0.86,0.84,0.84,0.86,0.8,0.86,0.86,0.85,0.85,0.86,0.86,0.86,0.86,0.86,0.86,0.84,0.86,0.86,0.79,0.85,0.86,0.86,-1.02,0.85,0.86,0.86,0.83,0.85,0.86,-1.0,-1.03,0.86,-1.03,0.86,0.85,0.84,0.86,0.85,0.86,0.86,0.86,0.86,0.86,0.86,0.86,-1.02,0.85,0.85,0.84,0.86,0.86,0.86,0.77,0.86,0.86,0.86,0.85,0.86,0.85,0.86,0.86,0.86,0.84,0.86,0.86,0.83,0.86,0.86,0.8,0.84,0.85,0.86,0.86,0.86,0.86,0.86,0.86,0.86,0.86,0.86,0.86,0.86,-1.12,0.85,0.86,0.86,0.86,0.86,0.86,0.86,0.86,0.86,0.86,0.84,0.86,0.86,0.86,-1.06,0.84,0.86,0.83,0.86,-1.03,0.85,0.84,0.86,-1.03,0.86,-1.02,0.86,0.86,0.7,-1.01,0.86,0.86,0.86,0.86,0.86,0.84,0.86,0.73,0.84,0.85,0.86,0.73,0.86,0.86,0.73,0.86,0.86,0.85,0.86,0.86,0.86,0.86,-1.13,0.86,0.86,0.85,0.84,0.86,0.86,0.86,0.84,0.86,0.86,0.84,0.86,0.74,0.86,0.86,0.86,0.86,0.86,0.85,0.86,-1.12,0.82,0.86,0.86,0.86,0.85,0.86,0.84,0.86,0.86,0.86,0.86,0.86,0.84,0.86,0.86,0.86,0.86,0.86,0.85,0.86,-1.12,0.86,0.86,0.85,0.86,0.86,0.86,0.86,0.84,0.86,0.86,0.86,0.86,-1.06,0.85,0.84,0.86,0.82,0.85,0.86,0.85,0.86,0.78,0.86,0.85,-1.03,0.86,0.86,0.86,0.86,0.86,0.83,0.86,0.86,0.86,0.86,-1.1,0.86,0.86,0.86,0.85,0.86,0.86,0.84,0.86,0.86,0.86,-1.07,0.86,0.86,0.86,0.85,0.86,0.86,0.85,-1.08,0.85,0.86,0.86,0.86,0.86,0.85,0.85,0.86,0.86,0.72,0.86,0.86,0.86,0.86,0.85,0.86,0.86,0.86,0.84,0.73,0.86,0.85,0.84,0.84,0.86,0.86,0.86,0.86,-1.03,0.86,-1.12,0.84,0.86,0.86,0.86,0.86,0.82,0.86,0.86,0.86,0.85,0.86,0.86,0.86,0.86,0.86,0.85,0.86,0.86,0.86,0.86,0.86,0.86,0.86,0.85,0.85,0.86,0.86,0.86,0.86,0.86,0.81,0.86,0.78,0.84,0.86,0.86,0.84,0.86,0.86,0.86,0.84,0.85,0.86,0.86,0.86,0.86,0.86,-1.12,0.84,0.86,0.86,0.85,0.83,0.84,0.86,0.86,0.86,0.86,0.86,0.84,0.86,0.86,0.86,0.84,0.86,0.86,0.83,0.86,0.86,0.86,0.86,-1.02,0.82,0.86,0.84,0.86,0.86,-1.05,0.85,0.86,0.86,-1.0,0.63,0.86,0.86,0.86,0.86,0.86,0.86,0.86,0.84,0.86,0.86,0.86,0.86,0.86,0.86,0.86,0.86,0.82,-1.03,0.84,-1.14,0.86,0.86,0.86,0.86,0.86,-1.02,0.86,0.84,0.85,0.86,0.86,0.85,0.86,0.86,0.85,0.86,0.86,0.86,0.81,0.86,0.86,0.86,0.86,-1.16,0.86,0.86,-1.03,0.85,0.86,0.84,0.86,0.86,0.86,0.86,0.86,0.86,0.86,0.86,0.86,0.86,0.83,0.86,0.86,0.86,-1.08,0.85,0.86,0.79,0.86,0.85,0.86,0.86,0.86,0.86,0.86,0.84,0.86,0.86,-1.13,0.86,0.86,0.85,0.86,0.86,0.86,0.72,0.86,0.86,-1.11,0.86,0.84,0.86,0.85,0.86,0.85,0.86,0.86,0.86,0.84,0.86,0.86,0.86,-1.03,0.86,0.86,0.85,0.85,0.86,0.86,0.86,-1.03,0.84,-1.03,0.86,0.79,0.85,0.86,0.86,0.86,0.81,0.86,0.86,0.86,0.86,0.86,0.84,0.86,0.86,0.86,0.86,0.86,-1.05,0.86,0.86,0.84,0.86,0.86,0.86,0.86,0.84,0.86,0.86,0.86,0.86,-1.05,0.85,0.84,0.86,0.86,0.86,0.86,0.85,0.85,0.86,0.86,0.75,-1.12,0.85,0.86,0.84,0.86,0.86,0.86,0.86,-1.14,0.86,0.86,0.84,0.86,0.86,0.86,0.86,0.86,0.86,0.86,0.86,0.86,0.86,0.86,0.86,0.83,0.86,0.86,0.86,0.86,0.86,0.86,0.86,0.71,0.86,0.86,0.86,0.86,-1.16,0.86,0.86,0.86,0.86,0.86,0.86,0.85,0.86,0.86,0.84,0.84,0.84,0.86,0.86,0.84,0.86,0.86,0.85,0.86,-1.04,0.86,0.86,0.85,-1.04,0.86,0.86,0.86,0.86,0.86,0.86,0.84,0.86,0.86,0.86,0.84,0.86,0.85,0.86,0.79,0.86,0.86,0.86,0.84,0.86,0.86,0.86,0.86,0.86,0.77,0.86,0.86,0.79,0.86,0.86,0.81,0.82,0.86,0.86,0.86,0.86,0.86,0.86,0.83,-1.11,0.84,0.84,0.86,0.86,0.86,0.86,0.86,0.84,0.86,0.86,0.86,0.73,0.86,0.86,0.86,0.86,0.84,0.86,0.86,0.86,0.86,0.86,0.86,-1.05,0.86,0.7,-1.06,0.84,0.86,0.85
0.27,0.86,-1.02,0.79,-1.03,-1.1,-1.1,-1.1,0.74,-1.07,0.74,-1.12,-1.02,0.86,-1.09,0.86,0.83,-1.16,-1.32,0.84,-1.1,-1.08,-1.08,0.82,0.8,0.86,0.82,-1.13,0.84,-1.04,0.77,0.7,0.79,0.86,0.85,0.85,0.81,-1.03,0.83,0.86,0.81,0.82,0.86,0.84,0.83,0.86,0.85,0.81,-1.01,0.86,0.85,0.86,0.86,-1.08,0.73,0.86,0.86,0.78,0.85,0.82,0.86,0.86,0.86,0.84,0.84,0.86,0.86,0.86,0.86,0.86,0.84,0.86,0.86,0.86,0.86,-1.11,0.85,0.86,0.81,0.86,0.71,0.85,0.86,0.84,0.86,0.86,0.84,0.86,0.86,0.86,0.85,0.86,0.86,0.86,0.86,0.84,0.86,0.75,-1.13,0.86,0.86,0.84,0.86,-1.12,0.84,0.86,0.86,0.86,0.84,0.85,0.86,0.86,0.86,0.71,0.86,0.86,0.86,0.86,0.86,0.86,0.86,-1.02,0.86,0.85,0.86,0.86,0.86,0.86,0.82,0.85,0.86,0.86,0.86,0.86,0.86,0.85,0.86,-1.01,0.86,0.86,0.86,-1.03,0.86,0.86,0.86,0.86,0.85,0.86,0.86,0.85,-1.02,0.86,0.86,0.86,0.84,0.86,0.86,0.86,0.86,0.86,0.86,0.86,0.86,0.86,0.85,0.86,0.83,0.86,0.86,0.86,0.86,0.86,0.85,0.86,0.86,-1.11,0.85,0.85,0.86,0.86,0.85,0.86,0.86,0.85,0.86,0.86,0.86,0.85,0.85,0.86,0.85,0.86,0.86,0.86,0.85,0.86,0.86,0.86,0.86,0.86,0.84,0.86,0.86,0.86,0.86,0.85,0.86,0.86,0.86,0.86,0.85,-1.08,0.86,0.86,0.86,0.86,0.86,0.86,0.86,0.86,0.86,0.86,0.86,0.86,0.84,0.86,-1.12,0.86,-1.03,0.86,0.86,0.83,0.86,0.86,0.76,0.86,0.86,-1.12,0.86,0.86,0.86,-1.09,0.86,0.86,0.86,0.86,0.84,0.86,0.86,0.86,0.86,0.86,0.86,0.77,0.85,0.86,0.86,0.86,0.86,0.86,-1.04,-1.08,0.86,0.85,0.86,0.86,0.86,0.86,0.86,0.86,0.86,0.86,0.86,0.86,0.86,0.86,0.86,0.86,0.86,0.76,0.84,0.86,0.86,-1.26,0.85,-1.15,0.86,0.86,0.86,0.86,0.86,0.86,0.86,0.86,0.86,0.85,0.78,0.86,0.86,0.86,0.86,0.86,0.86,0.86,0.86,0.83,0.84,0.84,0.68,0.86,0.86,-1.08,0.86,0.86,0.86,0.86,0.86,0.84,0.86,0.86,0.86,0.86,0.85,0.86,0.86,0.85,0.86,0.86,0.84,0.83,0.86,-1.06,0.86,0.86,0.86,0.84,0.85,-1.03,0.85,0.86,0.84,0.86,0.85,-1.13,0.84,-1.13,0.86,0.85,0.85,0.86,0.86,0.86,0.85,0.86,0.86,0.86,0.86,-1.1,0.86,0.86,0.86,0.84,0.76,0.86,0.76,-1.12,-1.06,0.85,0.85,0.86,0.86,-1.07,0.86,0.86,0.86,-1.09,0.86,0.86,0.86,0.86,0.86,0.86,0.86,0.86,0.85,0.85,0.86,0.86,0.86,0.84,0.81,0.84,0.86,0.85,-1.07,0.86,0.85,0.86,0.83,0.84,0.85,0.84,0.86,0.84,0.86,0.7,0.86,0.86,0.86,0.86,0.84,0.86,0.86,-1.02,0.86,0.75,0.83,-1.05,0.86,0.86,0.85,0.86,0.86,0.86,0.86,0.86,0.86,0.86,0.86,0.85,0.86,0.86,0.86,0.84,0.74,0.86,0.85,0.86,0.85,0.86,0.86,0.86,0.72,0.86,0.86,0.86,0.86,0.86,0.86,0.86,0.86,0.83,-1.1,0.86,-1.0,0.86,0.86,0.86,0.86,0.86,0.84,0.86,-1.06,0.86,0.85,0.84,0.85,0.86,-1.05,0.86,0.83,0.86,0.86,0.86,0.86,0.86,0.86,0.86,0.7,0.86,0.8,0.86,0.84,0.86,0.86,0.86,0.86,0.86,0.86,0.86,0.86,0.86,0.83,0.86,0.86,0.86,0.85,0.86,0.84,0.86,0.86,0.86,0.84,0.86,0.86,0.86,0.86,0.86,0.86,0.86,0.86,0.86,0.86,0.85,0.83,0.86,0.86,0.86,0.74,0.86,0.86,0.86,0.86,0.86,0.84,0.86,0.86,0.82,0.86,-1.03,0.84,0.86,0.86,0.86,0.86,0.84,0.86,0.84,0.86,0.86,0.86,0.84,-1.12,0.86,0.86,0.86,0.86,0.86,0.86,0.86,0.84,0.86,0.75,0.86,0.85,0.86,0.86,0.86,0.84,0.86,0.86,0.85,0.85,0.86,0.86,0.86,0.86,0.86,0.86,0.86,0.86,0.84,0.86,0.86,0.86,0.86,0.84,0.71,-1.14,0.86,0.86,0.86,0.86,-1.09,0.84,0.85,0.86,0.86,0.85,0.84,0.86,0.85,0.86,0.83,0.86,0.86,0.86,0.86,0.86,0.86,0.86,0.86,0.86,0.86,0.84,0.86,0.86,0.86,0.86,0.86,0.7,0.84,0.84,0.86,0.85,-1.03,0.86,0.86,0.86,0.86,0.86,0.84,0.86,0.86,0.86,0.86,0.86,0.85,0.86,0.86,0.86,0.86,0.86,0.86,-1.14,0.86,0.86,-1.05,0.86,0.86,0.86,0.85,0.86,0.86,0.85,0.86,0.86,0.86,0.86,0.84,0.86,0.86,0.86,0.86,-1.14,0.86,0.86,0.84,0.86,0.86,0.86,0.84,0.86,0.86,0.86,0.86,0.78,0.86,0.86,0.86,0.86,0.86,-1.0,0.86,0.85,0.86,0.86,0.86,0.84,0.86,-1.08,0.84,0.86,0.86,0.86,0.85,0.84,0.86,0.86,0.84,0.84,0.71,0.86,0.86,0.86,0.86,0.86,0.86,0.86,0.86,0.85,0.86,0.84,0.86,0.86,0.86,0.84,0.86,-1.13,0.86,0.85,-1.02,0.81,0.86,0.86,0.86,0.86,0.86,0.86,0.86,0.86,0.86,0.86,0.86,0.84,0.86,0.86,0.86,0.86,0.86,0.69,0.86,0.86,0.86,-1.12,0.83,0.86,-1.08,0.86,0.86,0.85,0.85,0.86,0.86,0.86,0.84,0.84,0.86,0.86,-1.11,0.85,0.85,0.86,0.86,0.86,0.86,-1.12,0.86,0.86,0.86,0.86,0.86,-1.11,0.86,0.85,0.85,-1.07,0.86,0.84,0.85,0.85,0.86,0.86,0.86,0.86,0.86,0.86,0.84,0.86,0.86,0.86,0.86,0.86,0.86,0.79,0.86,0.86,0.86,0.86,0.84,0.86,0.84,0.86,0.84,0.86,-1.02,-1.0,0.86,0.85,0.85,0.86,0.72,0.85,0.85,0.84,0.86,0.85,0.86,-1.07,0.7,0.86,0.86,0.86,0.86,0.86,0.86,0.86,0.86,0.85,0.86,0.86,0.86,0.86,0.86,0.86,0.86,0.86,-1.03,0.86,0.86,-1.01,-1.12,0.86,0.86,0.86,0.86,-1.02,0.84,0.86,0.86,0.86,0.86,0.86,0.86,0.82,0.86,0.86,0.85,0.86,0.85,0.86,0.84,0.86,0.86,0.85,0.86,0.86,0.86,0.86,0.86,0.85,0.86,0.86,0.86,0.86,0.86,0.86,0.86,-1.2,0.86,0.86,-1.01,0.86,0.86,0.85,-1.13,0.86,0.86,0.86,0.86,0.86,0.74,0.86,0.86,0.86,0.86,0.78,0.86,0.82,0.86,0.86,0.84,0.86,0.83,0.84,0.82,0.86,0.86,-1.04,0.86,0.86,0.81,0.86,0.86,0.86,0.86,0.86,0.86,0.86,0.85,0.86,0.84,0.82,0.82,0.85,-1.05,0.85,0.86,0.86,0.86,0.86,0.86,0.83,0.86,0.86,0.86,0.86,0.86,0.86,0.86,0.71,0.86,0.86,0.86,0.86,0.86,0.86,0.84,-1.02,0.86,0.86,0.82,0.86,0.85,0.85,0.86,0.86,0.86,0.86,0.86,0.86,0.86,0.86,0.86,0.86,-1.04,0.86,0.86,-1.02,0.86,0.86,0.86,0.86,0.86,0.86,0.85,0.86,0.86,0.86,-1.14,0.86,0.86,0.86,0.86,0.84,0.86,0.86,0.86,0.86,0.86,0.86,0.83,0.85,0.86,0.84,0.86,0.85,0.85,0.85,0.86,0.85,0.85,0.86,0.86,0.86,0.86,0.68,0.86,0.86,-1.06,0.86,0.86,-1.12,-1.07,0.86,0.84,0.86,0.86,-1.12,0.86,0.86,0.81,0.85,0.82,0.85,0.86,0.86,0.86,0.86,0.86,0.86,0.86,0.86,0.86,0.86,0.86,0.77,0.86,0.86,0.86,0.85,0.86,0.75,0.86,0.86,0.86,0.86,0.86,0.86,0.79,0.86,0.84,0.86,0.86,0.8,0.86,0.86,0.86,0.86,0.86,-1.09,0.86,0.86,0.86,0.86,0.84,-1.02,0.84,0.85,0.85,0.86,0.86,0.83,0.86,0.86,0.86,0.86,0.86,0.86,0.85,0.86,0.74,0.86,0.86,0.85,0.86,0.83,0.86,0.86,0.86,0.86,0.86,0.86,0.86,0.82,0.86,0.86,0.85,0.86,0.81,0.86,-1.09,0.86,0.86,0.85,0.86,0.86,0.86,0.85,0.86,-1.13,0.86,0.84,0.86,0.86,0.86,0.86,0.85,0.86,0.86,0.86,0.86,0.85,0.85,-1.12,0.83,0.84,0.86,0.86,0.86,0.86,0.86,0.86,0.86,0.86,0.85,0.85,0.86,0.86,0.86,0.86,-1.0,0.86,0.86,0.86,0.86,0.77,0.86,0.86,0.86,0.86,0.85,0.76,0.83,0.86,0.86,0.86,0.86,-1.13,0.86,0.84,0.86,-1.05,0.85,0.86,-1.01,0.86,0.86,0.86,0.86,0.86,0.86,0.86,0.86,0.84,-1.06,0.86,0.83,0.86,0.86,0.86,0.83,0.86,0.86,-1.08,0.86,-1.25,0.86,0.86,0.86,0.86,-1.14,0.86,0.86,0.86,0.86,0.86,0.85,-1.12,-1.0,0.86,0.86,0.86,0.86,0.86,0.86,0.85,0.86,0.86,0.86,0.86,0.82,0.86,0.85,0.86,0.86,0.83,0.86,0.85,0.86,0.86,0.86,0.86,0.86,0.86,0.86,0.86,0.86,0.86,0.84,0.86,0.86,0.86,0.86,0.86,0.86,0.86,0.84,0.86,0.86,0.86,0.86,0.86,0.86,-1.08,0.86,0.86,0.86,0.84,0.84,0.85,0.86,0.85,0.86,-1.13,-1.01,0.85,0.86,0.86,0.86,0.86,0.86,0.86,0.86,-1.11,-1.1,0.85,0.86,0.86,0.86,0.86,0.86,0.86,-1.14,0.85,0.86,0.86,0.86,0.86,0.86,0.86,0.86,0.86,0.86,0.86,0.86,0.85,0.86,0.86,0.86,-1.11,0.86,0.86,0.86,0.86,0.84,0.86,0.86,0.85,0.86,0.86,0.85,0.86,0.86,0.86,0.86,0.86,0.84,0.86,0.86,0.84,0.86,0.86,0.86,-1.11,0.86,0.86,0.86,-1.09,0.84,0.86,0.86,0.86,0.86,0.86,0.86,0.86,0.86,0.86,0.86,0.86,0.86,0.86,0.85,0.86,0.86,0.86,0.84,0.85,-1.03,-1.09,0.84,0.81,0.86,0.85,0.84,0.85,0.71,0.84,0.86,0.86,0.86,0.86,0.86,0.84,0.84,0.86,0.85,0.86,0.86,0.86,-1.05,0.86,0.86,0.86,0.86,0.85,0.86,0.86,0.86,0.86,0.86,0.86,0.86,0.85,0.86,0.86,0.86,0.86,0.86,0.86,0.86,0.86,0.86,0.86,0.86,0.86,0.86,-1.12,0.86,0.85,0.86,0.86,0.73,0.86,0.86,0.86,0.85,0.86,0.86,0.86,-1.02,0.84,0.86,0.84,0.84,0.81,0.86,0.86,-1.02,0.86,0.86,0.86,0.84,-1.02,0.86,0.86,0.84,0.72,0.86,0.86,0.83,0.86,0.86,0.86,0.86,-1.1,-1.05,0.86,-1.12,0.86,0.86,0.84,0.86,0.86,0.86,-1.03,0.86,0.84,-1.0,0.85,0.86,0.86,0.86,0.86,0.86,0.86,0.84,0.86,-1.1,0.86,-1.01,0.86,0.86,0.86,0.86,0.86,-1.01,0.84,0.82,0.86,0.86,0.86,0.86,0.86,0.86,0.86,0.86,0.86,0.86,0.86,0.86,0.85,0.86,0.85,0.86,0.85,0.86,-1.07,0.86,0.86,0.86,0.86,0.86,0.86,0.86,0.86,0.86,0.86,0.86,0.84,0.86,0.86,0.86,0.74,0.84,0.86,0.86,0.86,0.85,0.75,0.85,0.86,0.86,0.86,0.86,0.86,-1.13,0.86,0.86,0.84,-1.1,0.85,0.85,0.86,0.84,0.86,0.86,0.86,0.86,0.86,0.86,-1.0,0.86,0.86,0.86,-1.02,0.86,-1.07,0.86,0.86,0.86,0.86,0.86,0.86,0.86,0.86,0.86,0.86,0.86,0.86,0.86,0.86,0.85,0.75,0.86,0.86,0.86,0.86,0.85,0.86,0.86,0.84,0.86,0.86,0.85,0.86,0.84,0.86,0.79,0.74,0.86,0.86,0.85,0.85,0.73,0.86,0.85,0.86,0.86,0.86,0.86,0.86,0.86,0.84,0.85,0.86,0.86,0.86,0.86,0.86,0.86,0.7,-1.15,0.85,0.86,0.86,0.86,0.86,0.86,0.86,0.86,0.86,0.85,0.86,0.86,0.85,0.86,-1.13,0.86,0.85,-1.14,0.84,0.86,0.86,0.85,0.84,0.86,0.86,0.86,0.86,0.86,0.86,0.84,-1.08,0.85,0.82,0.76,0.86,0.86,0.83,0.79,0.85,0.86,0.84,0.86,0.86,0.86,0.85,0.86,0.86,0.85,0.86,0.86,0.86,0.86,0.86,0.84,0.85,0.86,0.86,-1.13,0.85,0.86,0.86,0.86,0.86,0.86,-1.12,-1.01,0.86,0.86,0.86,0.86,0.86,0.85,0.86,0.86,0.86,0.86,0.85,0.85,0.72,0.86,0.83,0.86,0.86,0.86,0.86,0.86,0.86,0.86,0.86,0.86,0.85,0.86,0.86,0.79,0.86,0.86,0.86,0.86,0.86,0.86,0.86,0.86,0.86,0.86,0.86,0.85,-1.1,0.85,-1.04,0.86,0.86,0.86,-1.02,0.85,0.86,0.86,-1.0,0.86,0.86,-1.13,0.86,0.86,0.86,0.86,0.85,0.86,-1.13,0.86,0.85,0.86,0.86,0.86,0.86,0.86,0.84,0.86,0.85,0.86,0.85,0.86,0.84,0.86,0.86,0.86,0.86,0.86,0.86,0.86,0.86,0.86,-1.09,0.84,0.77,0.86,0.86,0.86,0.86,0.86,0.86,0.86,0.86,0.86,0.86,0.86,0.86,0.86,0.86,-1.0,0.86,0.73,0.86,0.72,0.86,0.86,0.86,0.86,-1.14,0.83,0.86,0.86,-1.05,0.84,0.86,0.86,0.86,0.85,0.86,0.83,0.86,0.84,0.81,0.86,-1.12,0.86,0.86,0.86,0.86,-1.0,0.86,0.85,0.86,0.86,0.86,0.86,0.86,0.85,0.86,0.86,0.86,0.86,0.86,0.86,0.86,0.86,0.85,0.84,0.86,0.85,0.86,0.86,0.86,0.86,0.86,0.86,-1.03,0.85,0.86,0.86,0.86,0.86,0.86,0.86,0.86,0.86,0.86,0.86,0.86,0.86,0.85,0.86,0.86,0.86,0.86,0.86,0.86,0.86,0.84,0.86,0.86,0.86,0.86,0.86,0.8,0.84,0.85,0.86,0.86,0.86,0.86,0.86,0.86,-1.02,0.86,0.84,0.86,0.86,0.86,0.86,0.86,0.86,-1.04,0.8,0.85,0.86,0.86,0.86,0.84,0.86,0.86,0.86,0.86,0.86,0.84,0.86,0.85,0.86,0.86,0.86,0.84,0.86,0.86,0.84,0.86,0.86,-1.02,0.83,0.86,-1.03,0.85,0.86,0.86,0.86,0.74,0.86,0.79,0.86,0.86,0.85,0.86,-1.02,0.86,0.86,0.86,0.86,0.86,-1.13,0.84,0.86,0.84,0.86,0.86,0.85,0.86,0.86,0.86,0.86,0.86,0.85,0.86,0.84,0.86,0.86,0.86,0.86,0.86,0.84,0.86,0.86,0.86,0.86,0.86,0.86,0.86,0.86,0.86,0.84,0.86,0.86,0.85,0.84,0.71,0.85,0.86,0.86,0.86,0.86,0.84,0.86,0.86,0.85,0.86,0.85,0.86,0.86,0.84,0.86,0.83,0.86,0.86,0.86,0.86,0.86,0.86,0.86,0.86,0.85,0.86,0.86,0.85,0.86,0.86,0.86,0.84,0.86,0.85,0.86,0.83,0.86,0.86,0.86,0.84,-1.12,0.86,0.86,0.85,0.86,0.85,0.86,0.85,0.85,0.85,0.86,0.86,0.84,0.86,0.86,0.85,0.86,0.86,0.86,0.86,-1.04,0.86,0.85,0.84,0.86,0.79,0.85,0.85,0.86,0.84,0.86,0.84,-1.03,-1.03,0.85,0.85,0.86,0.86,0.85,0.85,0.84,0.86,0.86,0.86,0.86,0.86,0.86,0.85,0.86,0.85,0.69,0.86,0.86,0.86,0.86,0.86,0.85,0.86,0.86,0.86,0.86,0.86,0.86,0.86,0.86,0.86,0.86,0.86,0.86,0.86,0.86,0.86,0.86,0.86,0.86,0.86,0.86,0.86,0.86,0.86,0.86,0.85,-1.12,0.86,0.86,0.86,0.84,0.86,-1.13,0.86,0.86,0.86,0.86,-1.02,-1.12,0.85,0.83,0.72,0.86,0.85,-1.24,0.86,-1.14,0.86,0.79,0.81,0.83,0.84,0.85,0.84,-1.14,0.84,0.86,0.86,0.86,0.86,0.86,0.86,0.84,0.86,0.86,0.84,0.86,0.83,0.86,0.86,0.86,0.86,0.86,0.86,0.86,0.86,0.86,0.81,0.85,0.86,-1.03,0.86,0.86,0.86,0.86,0.86,0.86,0.86,0.86,0.77,0.86,0.86,-1.13,0.86,0.86,0.86,0.86,0.86,0.86,0.85,0.86,0.85,0.86,0.86,0.86,0.86,0.86,0.86,0.86,0.86,0.86,0.86,-1.03,0.86,0.86,0.86,0.86,0.86,0.86,0.86,-1.0,0.86,0.86,0.86,0.7,0.86,0.86,0.85,0.86,0.86,0.86,0.86,0.84,-1.13,0.86,0.86,0.86,0.86,-1.12,0.83,0.86,0.86,0.86,0.86,-1.09,0.86,0.86,0.86,0.86,0.86,0.86,0.86,0.85,0.86,0.86,-1.12,0.85,0.86,0.85,0.86,-1.13,0.86,0.86,0.86,0.86,0.86,0.86,0.84,0.84,0.86,0.86,0.86,-1.02,0.86,0.86,0.86,0.86,0.86,0.86,0.86,0.86,0.85,0.86,0.86,0.86,0.86,0.86,0.86,0.66,0.86,0.85,0.86,0.86,0.86,0.86,-1.05,0.85,0.85,0.86,0.86,0.86,0.86,0.86,0.86,0.86,0.86,0.86,0.86,0.86,0.86,0.85,0.84,0.86,0.86,0.86,0.86,0.7,0.86,0.86,0.86,0.86,0.86,0.85,0.86,0.85,0.85,0.86,-1.15,0.86,0.85,0.8,0.86,0.86,0.84,0.86,0.86,0.86,0.86,0.86,0.72,0.86,-1.13,0.85,0.83,0.84,0.86,0.86,0.86,0.86,0.86,0.84,0.86,-1.11,0.84,0.86,0.86,0.82,0.86,-1.13,0.76,0.85,0.86,0.86,0.74,0.86,0.86,0.86,0.85,0.86,0.85,0.86,0.84,0.73,0.86,0.86,0.86,0.86,0.86,0.86,0.85,-1.09,0.85,0.85,0.75,0.85,0.83,0.86,0.86,0.85,0.86,-1.08,0.86,0.86,0.86,0.86,0.86,0.85,0.86,0.86,0.86,0.86,0.86,0.86,0.86,0.83,-1.06,0.86,0.85,0.85,0.76,0.86,0.86,0.85,0.86,-1.12,0.86,0.86,0.86,0.85,0.85,-1.05,-1.11,0.85,0.86,0.86,0.86,0.86,0.86,0.86,0.86,-1.01,0.86,0.86,0.86,0.86,0.86,-1.07,0.82,0.86,0.86,0.85,0.86,0.86,0.86,0.86,0.86,0.84,0.86,0.86,0.86,0.86,0.86,0.86,0.86,0.86,0.86,0.86,0.86,0.86,0.86,0.86,-1.1,0.86,0.86,0.86,0.86,0.86,0.86,0.86,0.84,0.86,0.85,0.86,0.86,0.86,0.86,0.86,0.86,0.86,-1.03,0.86,0.86,0.86,0.86,0.86,0.86,0.86,0.86,0.86,0.86,0.86,0.86,0.86,0.86,0.86,0.86,0.86,0.86,0.86,0.86,0.85,0.86,-1.12,0.86,0.86,0.86,0.86,0.86,0.86,0.86,0.86,0.86,0.86,0.86,0.86,0.84,0.86,0.86,0.86,-1.07,0.86,0.85,0.86,0.86,0.77,0.86,0.86,0.86,0.86,0.86,0.86,0.86,-1.13,0.85,0.86,0.86,0.86,0.86,0.86,0.86,0.86,0.86,0.86,-1.12,0.85,0.84,-1.02,0.86,0.86,0.85,0.86,0.84,0.86,0.86,0.86,0.86,0.86,0.86,0.85,0.86,0.86,0.86,0.86,0.86,0.86,0.84,0.86,0.86,0.85,0.86,0.85,0.85,0.86,0.86,0.86,0.86,0.86,0.86,0.86,0.86,0.86,0.86,0.86,0.86,0.86,0.86,0.86,0.86,0.86,0.86,0.85,0.86,0.86,0.86,0.86,0.86,0.86,0.86,0.86,-1.03,0.86,0.85,0.86,0.86,0.77,0.86,0.86,0.86,0.86,0.86,0.86,0.86,0.86,0.86,0.85,0.86,0.86,0.86,0.86,0.86,0.86,0.86,0.86,-1.05,0.85,0.86,0.86,0.86,0.86,0.85,0.85,0.85,0.86,0.86,0.86,0.86,0.86,0.86,0.85,0.86,0.86,0.84,0.85,0.86,0.86,-1.09,0.84,0.86,0.86,0.86,0.86,0.86,0.84,-1.12,0.86,0.86,0.86,0.86,0.85,0.86,0.86,0.86,0.86,0.86,0.85,0.86,0.86,0.86,0.85,0.86,0.86,0.86,0.86,0.86,0.86,-1.03,0.83,0.86,0.86,0.85,0.86,0.86,0.86,0.86,0.86,0.84,0.86,0.86,0.86,0.86,0.86,0.86,0.86,0.79,0.86,0.86,0.86,0.86,-1.01,0.84,-1.14,0.86,0.82,0.85,0.86,0.85,0.86,0.86,0.86,0.86,0.86,0.86,0.86,0.86,0.85,0.78,0.86,0.85,0.86,0.85,0.86,0.86,0.85,0.86,0.86,0.86,0.86,0.86,0.85,0.85,-1.06,0.86,0.86,0.86,0.86,0.86,0.86,0.86,0.86,0.86,0.86,0.86,0.86,-1.09,0.79,0.85,0.86,0.86,0.86,0.86,0.86,0.86,0.86,0.86,0.86,0.86,0.86,0.82,0.86,0.86,0.86,0.86,0.86,0.86,0.86,0.86,0.84,0.86,0.86,-1.06,0.84,0.86,0.86,0.86,0.83,0.86,0.86,0.86,0.84,-1.04,0.86,0.84,-1.04,0.86,0.86,0.85,0.84,0.86,0.86,0.86,0.86,0.86,0.86,0.86,0.86,0.86,0.86,0.86,0.86,0.86,0.86,0.86,0.86,0.86,0.86,0.79,0.86,0.84,0.86,0.86,0.86,0.77,0.86,0.86,0.86,0.85,0.86,-1.03,-1.11,0.84,-1.07,0.84,0.86,0.84,0.78,0.86,0.85,0.86,0.78,-1.03,0.85,0.86,0.86,0.86,0.86,-1.11,0.85,0.86,0.85,0.86,0.86,0.86,0.86,0.86,0.86,0.86,0.86,0.86,0.86,0.86,0.86,0.86,0.86,0.86,0.86,0.86,0.86,0.86,0.86,0.86,-1.07,0.86,0.86,-1.09,0.86,0.86,0.83,0.86,0.86,0.86,0.86,0.86,0.86,0.86,0.86,0.86,0.86,0.85,0.86,0.71,0.85,0.86,0.86,0.86,0.86,0.84,0.86,0.86,0.86,0.86,0.86,0.86,0.86,0.85,0.86,-1.09,0.86,0.84,0.86,0.86,-1.02,0.83,0.86,0.84,0.86,0.86,0.86,0.83,0.84,-1.09,0.86,0.86,0.85,0.86,0.86,0.86,0.86,0.86,0.86,0.85,0.86,0.86,0.86,0.86,0.86,0.85,0.86,0.86,0.86,0.86,0.85,-1.11,0.86,0.83,0.86,0.86,0.86,0.86,0.86,0.86,0.86,0.86,0.86,0.85,0.84,0.86,0.86,0.83,0.84,0.86,0.81,-1.02,0.84,0.75,0.86,-1.04,0.83,0.86,0.86,0.86,0.84,0.86,-1.02,-1.12,0.86,0.85,0.85,0.86,0.86,0.85,-1.03,0.78,0.86,0.86,0.86,-1.02,0.8,0.85,0.86,0.86,0.84,0.85,0.86,0.86,0.86,0.82,0.86,0.86,0.86,0.86,0.86,0.86,0.86,0.86,0.86,0.86,-1.04,0.85,0.86,0.86,0.86,0.86,0.86,0.86,0.86,0.86,0.86,0.85,0.86,0.86,0.86,0.86,0.86,0.85,0.86,0.86,0.86,0.86,0.82,0.86,0.86,0.86,0.86,0.86,0.86,0.86,0.86,0.86,0.86,0.86,0.86,0.85,0.85,0.86,0.86,0.86,0.84,0.84,0.86,0.86,0.86,0.86,0.86,0.86,0.86,0.86,0.86,0.86,0.86,0.86,0.86,0.86,0.85,0.86,0.86,0.85,0.86,0.86,0.86,0.86,0.86,-1.13,0.8,0.86,0.85,-1.14,0.86,0.85,0.86,0.86,0.86,0.85,-1.0,0.86,0.86,-1.12,0.77,0.86,0.86
-1.09,-1.1,-1.04,-1.07,0.86,-1.27,-1.05,-1.03,-1.04,0.51,0.84,-1.03,0.81,-1.14,0.85,-1.26,-1.4,-1.12,-1.12,-1.12,0.8,0.73,-1.1,0.84,0.81,0.6,0.84,0.85,0.81,0.73,0.86,0.83,0.74,0.85,0.77,0.75,0.81,0.86,0.76,0.86,0.86,0.85,0.84,0.86,0.82,0.84,0.85,0.81,0.84,0.86,0.84,-1.02,0.85,0.86,0.76,0.86,0.86,0.86,0.86,0.86,0.86,0.85,-1.06,0.84,0.86,-1.05,0.85,0.86,0.85,0.86,0.86,0.86,0.86,0.86,0.86,0.86,0.86,0.86,0.86,0.85,0.86,0.85,0.86,0.86,0.85,0.85,0.86,0.86,0.86,0.86,-1.01,0.85,0.86,0.86,0.86,0.86,0.84,0.86,0.85,0.86,0.86,0.86,0.86,0.86,0.86,0.84,0.86,0.86,0.85,0.85,0.86,0.86,0.86,0.86,0.86,0.86,0.86,0.86,0.84,0.86,0.85,0.86,0.79,0.85,0.86,0.86,0.86,0.86,0.86,0.86,0.86,0.86,0.85,0.86,0.86,0.86,0.86,0.86,0.86,0.83,0.86,0.86,0.76,0.86,0.86,0.86,0.86,0.86,0.86,0.86,0.86,0.85,-1.13,0.7,0.86,0.84,0.86,0.86,0.86,0.86,0.86,0.71,0.86,0.85,0.86,0.86,0.86,0.86,0.86,0.86,0.86,-1.04,0.86,-1.03,0.86,0.86,0.86,0.86,-1.08,0.86,0.84,0.86,0.84,0.84,0.86,0.86,0.86,0.86,-1.03,-1.19,0.86,0.86,0.86,-1.01,0.82,0.85,0.86,0.86,0.76,0.86,0.86,0.86,0.86,0.86,0.86,0.86,0.86,0.86,0.86,0.86,0.85,0.86,0.86,0.86,0.86,0.85,0.86,0.84,0.85,0.85,-1.06,0.86,0.85,-1.11,0.86,0.86,0.86,0.86,0.86,0.86,0.86,0.86,0.79,0.84,0.83,0.86,0.86,0.86,-1.09,0.86,0.83,0.86,0.86,0.86,0.86,0.86,-1.13,0.86,0.86,0.86,0.86,0.77,0.86,0.86,0.86,0.86,0.86,0.86,-1.04,0.86,0.86,0.86,0.74,0.86,0.86,0.86,0.86,-1.13,0.83,0.86,0.86,0.86,0.86,0.83,0.86,0.82,0.84,0.86,0.86,0.86,0.86,0.85,0.86,0.8,0.86,0.86,0.85,0.86,0.86,0.86,0.86,0.85,0.86,-1.14,0.86,0.86,0.86,0.84,0.85,0.86,0.86,0.86,0.86,0.86,0.86,0.86,0.84,0.86,0.73,0.86,0.86,0.84,0.86,0.86,0.86,0.86,0.86,0.86,0.86,-1.06,0.86,0.86,0.86,0.86,0.86,0.85,0.78,0.85,0.86,0.86,0.86,-1.14,0.86,0.85,0.61,0.86,0.86,0.86,0.86,0.84,0.85,0.86,0.86,0.86,0.86,0.86,0.79,-1.02,0.86,0.86,0.86,0.86,0.86,0.83,0.86,0.86,0.85,0.86,-1.02,0.86,0.86,0.86,0.86,0.86,0.78,0.83,0.86,0.86,0.86,0.86,0.86,0.86,0.86,0.86,0.86,0.86,-1.13,0.86,0.85,0.86,0.84,0.86,0.86,0.86,0.86,-1.01,0.85,0.77,0.86,0.84,0.86,0.86,0.86,0.86,0.84,0.77,0.86,0.86,0.86,-1.1,0.86,0.86,-1.07,0.72,0.86,0.86,0.86,0.86,0.86,0.86,0.86,0.84,0.85,0.85,0.86,0.86,0.86,0.86,0.84,0.86,0.85,0.86,0.84,-1.12,0.85,0.86,0.86,0.86,0.86,0.86,0.86,-1.02,0.86,0.86,0.86,0.86,0.86,0.79,0.86,0.86,0.86,0.86,0.86,0.86,0.86,0.86,0.73,0.86,0.86,0.83,0.86,0.86,0.86,0.86,-1.03,0.7,0.86,0.86,0.86,0.85,0.85,0.86,0.85,0.86,0.85,0.86,0.85,0.84,0.86,0.86,0.86,0.86,0.86,0.86,0.86,0.77,0.86,0.86,0.82,0.86,0.86,0.86,0.84,0.86,0.86,0.86,0.86,0.86,0.86,0.86,0.86,0.71,0.86,0.86,0.86,0.86,0.86,0.86,0.86,0.86,0.86,0.86,0.86,0.86,0.86,-1.09,0.86,0.86,-1.03,0.86,0.86,0.86,0.86,0.86,-1.11,0.86,0.86,0.86,0.86,0.86,0.86,0.86,0.86,0.86,0.86,0.85,0.86,0.85,-1.07,0.84,0.86,0.85,0.86,0.86,0.86,0.85,-1.03,0.8,0.62,0.86,0.86,0.86,0.86,0.86,0.86,0.86,0.84,0.86,0.86,0.86,0.86,0.86,0.86,0.86,-1.03,0.86,0.85,0.86,0.85,0.85,0.86,-1.06,0.86,0.86,0.83,0.86,0.86,0.86,0.86,0.85,0.86,0.86,0.86,0.85,0.86,0.86,0.86,0.86,0.86,0.86,0.86,0.86,0.86,0.86,0.86,0.82,0.86,0.86,-1.11,0.86,0.86,0.86,0.86,0.86,-1.12,0.86,0.86,0.86,0.86,0.86,0.86,0.86,0.86,0.77,0.86,0.86,0.85,0.86,0.86,0.86,0.72,0.85,0.86,0.86,0.83,0.86,0.86,0.86,0.86,-1.13,0.86,0.86,0.81,-1.13,0.86,0.84,-1.07,0.83,0.86,0.86,0.86,0.78,0.74,0.86,0.86,0.86,0.86,0.86,0.86,0.84,0.86,0.86,0.86,0.81,0.86,0.84,0.86,-1.13,0.85,0.85,0.86,0.85,0.86,0.77,0.86,0.86,0.86,0.84,0.85,0.86,0.86,0.84,0.85,0.86,0.86,0.86,0.86,0.85,0.86,0.83,0.86,0.86,0.86,0.86,0.86,0.86,0.86,0.86,0.86,0.86,0.75,0.86,0.85,-1.13,0.86,0.86,0.86,0.78,0.86,0.86,0.86,0.86,0.86,0.86,0.84,0.85,0.8,0.84,0.84,0.84,0.86,0.84,-1.12,0.86,0.86,0.86,0.86,0.69,0.86,0.85,0.85,0.86,0.86,0.86,0.78,0.86,0.86,0.86,0.83,0.86,0.86,0.85,0.86,0.86,0.86,0.86,0.71,0.86,0.86,-1.03,0.86,0.82,0.85,0.83,0.86,0.86,0.86,0.85,0.86,0.86,0.86,0.86,0.76,-1.07,0.85,0.86,0.86,0.86,0.84,0.84,0.86,0.86,0.84,0.86,0.85,0.86,0.84,-1.08,0.86,0.86,0.86,0.86,-1.11,0.86,0.78,0.84,0.83,0.86,0.86,0.86,-1.12,0.85,-1.12,-1.09,0.86,0.85,0.86,0.85,0.86,0.86,0.86,0.86,0.84,0.86,0.86,0.86,0.86,0.86,0.85,0.86,0.86,0.86,0.86,0.86,-1.02,0.85,0.86,0.85,0.86,0.86,0.85,0.86,0.86,0.86,0.86,0.86,0.86,0.86,0.86,-1.07,0.86,0.85,0.86,0.86,0.86,0.86,-1.12,0.86,0.86,0.85,0.86,-1.02,0.83,0.84,0.74,0.86,0.86,0.86,0.86,0.86,0.86,0.84,0.84,0.84,0.85,-1.02,0.86,0.86,0.86,0.86,0.79,0.86,0.86,0.86,0.86,0.85,0.86,0.82,0.86,0.86,-1.13,0.86,0.86,0.71,0.86,0.86,0.86,0.86,0.86,0.86,0.86,0.84,0.86,0.86,0.86,0.86,-1.03,0.74,0.85,0.86,0.86,0.86,-1.05,0.75,0.86,0.85,-1.03,0.86,0.86,0.86,0.84,0.86,0.85,0.86,-1.04,0.86,-1.1,0.86,0.85,0.85,0.86,0.86,0.84,0.86,0.86,0.86,0.86,0.86,-1.12,0.85,0.86,0.86,0.86,0.86,0.86,0.86,0.86,0.86,0.84,0.86,0.86,0.86,-1.12,0.84,0.85,0.86,0.86,0.86,0.86,0.86,0.86,0.85,0.86,0.86,0.86,0.85,0.86,0.86,0.86,0.86,0.85,0.86,0.86,0.86,0.86,0.86,0.86,0.86,-1.1,0.86,0.86,0.86,0.86,0.86,0.86,0.86,0.86,0.86,-1.13,0.86,0.86,0.86,0.86,0.86,0.86,0.86,0.75,0.86,0.86,0.86,0.86,0.86,0.86,0.76,0.86,0.69,0.86,0.86,0.86,0.84,0.86,0.86,0.86,0.84,0.86,0.86,0.86,0.86,-1.1,0.86,0.86,0.86,0.85,0.86,0.86,0.86,0.85,0.86,0.86,0.86,0.86,-1.08,0.77,-1.06,0.86,0.69,0.86,0.86,0.86,0.86,0.86,0.86,0.86,0.86,0.85,0.86,0.86,0.86,0.86,0.86,0.86,0.86,0.86,0.85,0.85,0.86,0.86,0.86,0.86,0.82,0.86,0.86,0.86,0.86,0.86,0.86,0.84,0.86,0.73,0.86,0.86,0.86,0.86,0.86,0.86,0.86,0.84,0.86,0.86,0.86,-1.01,0.86,0.86,0.86,0.86,-1.11,0.86,0.86,0.86,0.86,0.86,0.86,-1.08,0.86,0.86,0.85,0.86,0.85,0.86,-1.12,-1.09,0.84,0.86,0.83,-1.13,0.86,0.86,0.86,0.85,0.86,0.86,0.84,0.85,0.86,0.86,0.86,0.86,0.86,0.86,0.85,0.85,0.86,0.86,0.85,0.86,0.84,0.84,0.86,0.86,0.86,0.85,0.86,0.86,0.86,0.86,0.84,0.86,0.86,0.86,0.86,0.86,0.86,0.86,0.86,0.76,0.86,-1.13,0.85,0.86,0.86,0.86,-1.16,0.86,0.86,0.86,0.86,0.86,0.85,0.86,0.86,0.86,0.86,0.86,0.86,0.86,0.86,0.86,0.86,-1.11,0.86,0.85,0.86,0.84,0.86,-1.01,0.86,0.86,0.76,0.86,0.86,0.86,0.84,0.71,0.86,0.86,0.86,0.86,0.86,0.86,0.86,0.86,0.86,0.81,-1.07,0.85,0.86,0.86,0.86,0.86,-1.08,0.85,0.86,0.86,-1.12,-1.11,0.86,0.86,0.86,0.86,0.84,0.86,0.86,0.86,0.86,0.86,0.86,0.83,0.86,0.86,0.86,0.86,0.86,0.62,0.73,0.86,0.86,0.86,0.86,0.86,-1.03,0.66,0.86,0.86,0.86,0.86,0.86,0.83,0.86,0.86,0.86,-1.22,0.86,0.86,0.84,0.85,0.86,0.86,0.86,0.86,-1.03,0.86,0.86,0.86,0.84,0.86,0.86,0.86,0.86,0.86,-1.0,0.86,0.86,0.86,-1.09,0.86,0.86,0.86,0.86,0.86,0.84,0.86,0.86,0.86,0.86,0.84,0.86,-1.03,0.86,0.86,0.86,0.86,0.86,0.86,0.85,0.86,0.86,0.86,-1.1,-1.0,0.85,0.86,0.86,0.73,0.86,0.84,0.86,0.75,0.86,0.83,0.86,0.85,-1.11,0.85,0.86,0.86,0.86,0.86,0.86,0.86,0.86,0.86,0.86,0.86,0.86,0.47,-1.12,0.86,0.86,0.86,0.86,0.86,0.86,0.86,0.86,-1.13,0.86,0.86,0.86,0.86,0.86,0.63,0.86,0.86,0.86,0.86,0.84,0.86,0.86,0.86,0.86,0.84,0.86,0.86,0.86,0.86,0.86,0.81,-1.03,0.86,0.86,0.86,0.86,0.85,0.72,0.86,0.86,0.82,0.86,0.81,0.86,0.85,0.85,0.86,0.73,0.85,0.86,0.86,-1.1,0.86,0.86,0.86,0.78,0.86,0.86,-1.07,0.86,0.86,0.84,0.86,0.86,0.86,0.86,0.86,-1.03,0.86,-1.06,0.76,0.86,0.85,0.85,0.86,0.86,0.85,0.86,0.86,0.78,0.86,0.84,0.83,0.83,0.86,-1.1,0.85,0.84,0.86,0.85,0.86,0.86,-1.08,0.85,0.82,0.86,0.86,0.86,0.86,0.86,0.86,-1.15,0.85,0.85,0.86,0.83,0.86,0.86,0.75,0.86,0.86,0.86,0.84,0.86,0.86,0.86,0.86,0.84,-1.12,0.86,0.84,0.86,0.86,0.86,0.86,0.86,0.86,0.85,0.86,0.86,0.86,-1.09,0.86,0.86,0.86,0.86,0.86,0.81,0.85,0.86,0.86,0.86,0.86,0.86,0.86,-1.05,0.86,0.85,0.86,0.86,0.86,0.86,0.86,0.86,0.86,0.86,0.86,0.86,0.85,0.86,0.86,0.86,0.86,0.86,0.86,0.86,0.86,0.86,0.86,0.86,0.86,0.86,0.86,0.85,0.85,0.86,0.86,0.86,0.85,0.86,0.85,0.86,0.86,0.86,0.86,0.85,0.86,0.86,0.86,0.86,0.86,0.86,0.86,0.86,0.86,0.86,0.86,0.86,0.86,0.84,0.86,0.86,0.86,0.86,0.86,0.85,0.86,0.86,0.85,0.86,0.86,0.86,0.86,0.86,0.86,0.86,0.86,0.86,0.86,0.86,0.86,0.83,0.86,0.86,0.86,0.86,0.86,0.86,0.86,0.85,0.86,0.86,0.86,0.86,0.86,-1.05,-1.02,0.84,0.86,0.86,0.83,0.85,0.85,0.84,0.77,0.86,-1.02,0.86,0.86,0.85,0.85,0.86,0.75,0.86,0.86,0.85,0.72,0.86,0.85,0.86,0.86,0.67,0.85,0.86,0.86,0.86,0.73,0.78,0.86,0.86,0.86,0.86,0.86,0.86,0.86,0.86,0.75,0.86,0.85,0.85,0.86,0.86,0.86,0.85,0.86,0.84,0.84,0.86,0.86,-1.13,0.86,0.86,0.86,0.86,0.8,0.86,0.85,0.86,0.86,0.86,0.86,0.86,0.85,0.86,0.86,0.86,0.86,0.85,0.86,0.86,0.86,0.86,-1.13,0.85,0.81,0.86,0.86,-1.12,0.85,0.86,0.86,0.86,0.86,0.83,0.86,0.86,0.83,0.86,0.83,0.86,0.86,0.86,0.86,0.86,0.85,0.86,0.86,0.84,0.86,0.86,0.86,0.85,0.86,0.86,0.86,0.86,0.85,0.86,0.84,0.86,0.85,0.86,0.86,0.86,0.85,0.85,-1.03,0.86,0.86,0.86,-1.02,-1.11,0.85,0.86,0.78,0.86,0.86,0.84,0.86,0.83,0.85,-1.01,0.85,0.84,-1.01,0.86,0.86,0.85,0.86,0.86,0.86,0.84,0.86,-1.12,0.86,0.77,0.86,0.85,0.86,0.71,0.86,0.86,0.86,0.86,0.86,0.86,0.83,0.86,0.86,0.85,0.86,0.7,0.84,0.86,0.86,0.86,0.86,0.84,0.77,0.86,0.86,0.86,0.86,-1.02,0.86,0.86,0.86,0.86,0.86,0.86,0.85,-1.01,0.86,-1.05,0.86,0.86,0.86,0.86,0.85,0.86,0.86,0.84,0.86,-1.12,0.85,-1.14,-1.21,0.86,0.84,0.86,0.84,0.86,0.86,0.86,0.86,0.86,0.86,0.84,0.86,0.86,0.86,0.86,0.86,0.86,0.86,0.86,0.86,0.86,0.82,0.86,0.85,0.84,0.86,0.86,0.86,0.86,0.86,0.86,0.86,0.86,0.86,0.86,0.86,0.86,0.86,0.84,0.86,0.85,-1.1,0.85,0.86,0.86,0.86,0.85,0.74,0.86,0.85,0.86,0.86,0.86,0.86,0.86,0.86,0.86,0.84,0.86,0.86,0.86,0.86,0.86,0.86,0.86,0.86,0.86,0.84,0.86,0.83,-1.14,0.84,0.86,0.86,0.86,0.86,0.86,0.86,0.86,0.86,0.76,0.86,0.85,0.69,0.86,0.86,0.86,0.86,0.86,0.86,-1.01,0.86,0.86,0.86,0.86,0.86,0.86,-1.08,0.86,0.86,0.86,0.86,0.86,0.86,-1.11,0.8,-1.12,0.86,-1.1,-1.01,0.86,0.86,0.86,0.86,0.84,0.86,0.84,0.85,0.81,0.86,0.86,-1.0,0.86,0.86,0.86,0.86,0.86,0.86,0.85,0.86,0.86,0.86,0.86,0.86,0.86,0.86,0.86,0.86,0.85,0.86,0.86,0.86,0.84,0.86,0.83,0.83,0.85,0.86,0.86,0.86,0.86,0.84,0.85,0.86,0.86,0.86,-1.04,0.78,0.85,0.86,0.86,0.84,0.86,0.86,0.86,0.86,0.86,0.86,0.86,0.86,0.8,-1.14,0.86,0.86,0.86,0.86,0.86,0.86,0.86,0.86,0.86,-1.05,0.86,-1.09,0.85,0.85,0.86,0.86,0.86,0.86,0.86,0.84,0.86,0.85,0.86,0.84,0.86,0.86,0.86,0.86,0.8,0.86,0.86,0.86,0.86,0.86,0.86,0.86,0.86,0.86,0.86,0.86,-1.08,0.86,0.86,0.86,0.85,0.84,0.86,0.86,0.86,0.77,0.86,-1.12,-1.07,0.86,0.86,0.86,0.85,0.85,0.86,0.86,0.86,0.86,0.86,0.86,0.76,0.86,0.86,0.85,0.86,0.86,0.86,0.86,0.86,0.86,0.86,0.86,0.86,0.86,0.86,0.86,0.67,0.86,0.86,0.86,0.86,0.86,0.85,0.86,0.86,0.86,0.86,0.86,0.85,0.86,0.85,0.86,0.86,0.86,0.85,0.85,0.86,0.86,0.86,-1.08,0.86,0.75,-1.13,0.86,-1.04,0.86,0.86,0.86,0.86,0.86,0.82,0.86,0.86,0.86,0.85,0.86,0.86,0.86,0.86,0.86,0.86,0.86,0.86,0.86,0.86,0.85,0.86,-1.04,0.86,0.86,0.86,0.86,0.86,0.84,0.86,-1.14,0.81,0.86,0.86,0.71,0.86,0.73,0.86,0.78,0.85,0.82,0.85,-1.21,0.86,0.84,0.86,0.85,-1.03,0.86,0.86,-1.12,0.86,0.84,0.85,0.86,-1.18,0.86,0.85,0.86,0.86,0.84,0.86,0.86,0.86,0.86,0.74,0.85,0.84,0.86,0.86,0.86,0.86,0.86,-1.1,0.86,0.85,0.86,0.84,-1.03,0.85,0.86,0.86,0.86,0.86,0.82,0.86,0.86,0.86,0.86,0.86,0.86,0.86,0.86,0.85,0.86,0.86,0.86,0.86,0.86,0.86,0.86,0.86,0.84,-1.03,0.85,0.86,0.86,0.86,0.84,0.86,0.86,0.86,0.86,0.84,0.86,0.86,0.86,0.85,0.86,0.86,0.86,0.85,0.86,0.86,0.83,0.85,0.86,0.72,0.74,0.86,0.86,0.86,0.86,0.78,0.84,0.86,0.86,0.82,0.84,0.86,0.86,0.86,0.84,-1.07,0.86,0.86,0.86,0.86,0.76,0.86,0.85,0.86,0.86,0.86,0.86,0.86,0.86,0.86,0.79,0.86,0.84,0.86,0.86,0.86,0.86,0.84,0.86,0.86,0.73,0.85,0.85,0.86,0.86,0.86,0.86,0.86,0.86,0.86,0.85,0.86,0.83,0.83,0.86,0.86,0.86,-1.13,-1.01,0.86,0.86,0.86,0.86,0.86,0.85,0.86,0.86,0.86,0.86,0.86,0.86,0.86,0.86,0.86,0.86,0.86,-1.08,-1.07,0.86,0.81,0.86,0.86,0.86,0.86,0.85,0.76,0.76,0.86,0.81,0.84,0.86,0.86,0.86,0.86,0.86,0.86,0.85,-1.08,-1.1,0.86,0.85,0.86,0.86,0.86,0.86,0.86,0.86,0.86,-1.09,0.85,0.83,0.86,0.86,0.86,0.85,-1.07,0.86,0.86,0.85,0.84,-1.14,0.85,0.86,0.86,0.85,0.85,0.86,0.86,0.85,0.85,0.86,0.85,0.86,0.85,0.86,0.86,0.86,0.86,0.72,0.86,0.86,0.86,0.86,0.86,0.86,0.86,0.86,-1.14,0.85,0.86,0.83,0.86,0.84,-1.01,0.86,0.86,0.86,0.85,0.86,0.85,-1.08,0.86,0.86,0.86,0.86,0.86,0.84,0.85,-1.02,0.86,0.86,0.86,0.86,0.86,0.86,0.86,0.86,0.86,-1.02,0.86,0.85,0.86,0.85,0.85,0.86,0.86,0.86,0.86,0.82,0.86,0.86,0.86,0.72,0.85,0.75,0.86,0.86,0.74,0.86,0.86,0.86,0.86,0.86,0.86,0.85,0.84,0.84,0.68,0.86,0.86,0.86,0.86,0.86,-1.05,0.86,0.86,0.84,0.86,0.86,0.86,0.86,0.86,0.86,0.86,0.86,0.86,-1.11,0.72,0.86,0.86,0.86,0.86,0.86,0.86,0.86,-1.06,0.86,0.86,0.86,0.86,-1.01,0.85,0.86,0.86,0.86,0.86,0.86,0.85,0.86,0.86,0.86,0.86,0.86,-1.24,0.85,0.86,0.86,0.86,0.86,0.86,0.72,0.86,-1.05,0.86,0.86,0.79,0.86,-1.01,-1.02,0.84,0.86,0.85,0.83,0.84,0.86,0.84,0.86,0.86,0.78,0.84,0.85,0.86,0.86,0.86,0.86,-1.14,0.53,0.85,0.86,0.86,0.84,0.86,0.71,0.86,0.86,-1.02,0.86,0.86,0.86,0.84,0.85,0.85,0.85,0.84,0.86,0.8,0.85,0.86,0.86,0.86,0.86,0.84,0.86,0.85,0.84,0.86,0.85,0.86,0.86,-1.12,0.86,0.86,0.84,0.86,0.86,-1.05,0.85,0.86,0.86,0.85,0.86,0.85,0.86,0.86,0.86,0.84,0.86,0.86,0.86,0.84,0.86,0.86,0.86,0.86,-1.02,0.82,0.84,0.85,0.86,0.86,0.86,0.86,-1.09,0.86,0.86,0.86,0.86,0.86,0.86,0.86,0.84,0.84,0.86,0.86,0.86,0.86,0.86,0.86,0.86,0.86,0.85,0.86,-1.03,0.86,0.86,0.86,0.86,0.86,0.86,0.85,0.86,0.86,0.86,0.86,0.86,0.86,0.85,0.86,0.86,0.86,0.86,0.86,0.86,0.83,0.86,0.86,0.86,-1.09,-1.08,0.85,0.85,0.86,0.86,0.85,0.85,0.86,0.86,0.86,0.86,0.86,0.86,0.86,0.86,0.86,0.86,0.86,0.86,0.75,0.86,0.86,0.86,0.86,0.86,0.86,0.86,0.86,0.86,0.86,0.86,0.86,0.86,0.86,0.85,0.86,0.86,0.86,0.78,0.86,0.86,0.85,-1.11,0.86,0.86,0.86,0.86,0.86,0.86,0.85,0.85,0.86,0.86,0.86,0.86,0.85,-1.11,0.86,0.86,0.85,0.85,0.84,0.86,0.86,0.86,0.86,0.86,0.71,0.86,0.86,0.86,0.86,0.78,0.86,0.86,0.86,0.86,0.84,0.86,0.79,0.86,0.86,0.86,0.86,0.86,0.86,0.86,0.86,0.86,0.86,0.83,0.86,0.85,0.84,0.86,0.84,0.81,0.84,0.86,0.86,0.86,-1.08,0.84,0.86,0.86,0.84,0.85,0.86,0.85,0.86,0.86,-1.11,0.77,0.86,0.86,0.86,0.86,0.85,0.86,0.86,0.69,0.86,0.83,0.85,-1.11,0.86,0.84,0.86,0.86,0.86,0.86,0.84,0.86,0.86,0.86,0.86,0.86,0.86,0.86,0.86,-1.05,0.86,0.86,0.86,0.86,0.85,0.86,0.86,0.86,0.84,0.86,0.86,0.85,0.86,0.86,0.86,0.86,0.86,0.85,0.83,0.85,-1.11,0.8,0.85,0.86,0.86,0.86,0.86,-1.03,0.86,0.86,0.86,0.81,0.86,0.86,0.86,0.86,-1.16,0.86,0.85,0.86,0.86,0.86,0.86,0.86,0.67,0.86,0.86,0.86,0.86,0.86,0.86,0.85,0.86,0.86,0.86,0.86,0.86,0.85,0.86,0.86,0.86,0.86,0.84,0.85,0.86,0.86,0.86,0.84,0.86,0.86,0.86,0.86,0.79,0.85,0.86,0.86,0.85,0.84,-1.16,0.86,0.86,0.86,0.86,0.84,0.84,0.86,0.85,0.84,0.86,0.84,0.86,0.85,0.86,0.86,-1.02,0.86,0.86,0.86,0.85,0.86,0.84,0.84,0.86,0.86,0.86,0.86,-1.02,0.86,-1.03,0.83,-1.0,0.85,0.86,0.84,0.86,0.86,0.86,0.86,0.86,0.84,0.86,-1.0,0.86,0.86,0.86,0.86,0.86,0.86,0.86,0.86,0.67,0.86,0.86,0.85,0.86,0.86,0.86,0.86,0.84,0.86,-1.0,-1.12,0.84,0.85,0.86,0.86,0.84,0.86,0.86,0.81,0.86,0.86,0.86,0.86,0.86,-1.13,0.86,0.81,0.85,0.86,-1.02,0.86,-1.02,0.86,0.86,0.86,0.84,0.85,0.86,0.86,0.86,0.86,0.86,0.86,0.86,-1.14,0.86,0.85,0.85,0.84,-1.11,0.84,-1.1,0.86,0.83,0.85,0.86,0.85,0.86,0.86,0.85,0.86,0.82,0.86,0.86,0.86,0.86,0.86,0.86,0.85,0.86,0.82,0.86,0.84,0.86,0.86,0.81,0.86,0.86,0.86,0.86,0.86,0.86,0.86,0.86,0.86,0.86,0.83,0.86,0.86,0.86,0.86,0.86,0.86,0.86,0.84,0.86,0.86,0.86,0.86,0.86,-1.04,0.86,0.76,0.85,0.86,0.86,0.86,0.72,0.86,0.86,0.86,0.86,0.86,0.73,0.86,0.86,0.86,0.86,0.86,0.86,0.86,0.79,0.85,0.86,0.86,0.86,0.86,0.84,0.86,0.86,0.86,0.84,0.86,0.86,0.82,0.86,-1.14,0.86,0.85,0.84,0.84,0.86,0.86,-1.03,0.85,0.86,-1.11,0.86,0.86,0.85,0.85,0.86,0.86,0.86,0.86,0.85,0.86,0.86,0.86,0.86,0.84,0.81,0.86,0.86,0.86,0.86,0.86,0.86,0.86,0.86,0.85,0.84,0.78,0.86,0.85,0.86,0.86,0.84,0.8,0.86,0.86,-1.11,0.86,0.86,0.86,0.86,-1.05,0.85,0.85,0.86,0.85,0.86,0.86,0.86,0.86,0.85,0.86,0.86,0.86,0.86,0.85,-1.0,0.85,0.86,0.86,0.75,0.84,0.85
0.77,-1.13,0.8,-1.18,-1.03,-1.07,-1.03,-1.06,-1.14,0.78,-1.21,-1.19,-1.04,-1.08,0.84,-1.02,0.84,-1.02,0.78,0.8,-1.04,0.73,-1.93,0.84,-1.04,0.82,0.85,0.76,0.81,0.8,0.83,-1.02,0.83,-1.14,-1.02,0.84,-1.13,-1.18,0.86,-1.06,0.84,0.77,0.85,0.76,0.84,0.8,0.86,-1.05,-1.16,0.81,0.86,-1.08,0.86,0.84,0.85,0.85,0.85,0.86,0.85,0.83,0.82,0.85,0.86,0.86,-1.0,0.86,0.8,0.86,0.86,0.85,0.84,-1.06,0.86,0.86,0.86,0.86,0.85,0.86,0.86,0.86,0.86,0.86,0.86,0.86,0.86,0.86,0.86,0.86,0.86,0.86,0.86,-1.09,0.86,0.86,0.86,0.86,0.86,0.86,0.83,0.86,0.84,0.86,0.86,0.86,0.86,0.85,0.86,0.86,0.86,0.86,0.86,0.86,0.86,0.86,0.86,0.84,0.86,0.72,0.82,0.86,0.86,-1.05,0.84,0.86,0.86,0.85,0.86,0.86,0.85,0.86,0.86,0.86,0.86,0.86,0.86,0.86,0.86,-1.04,0.84,0.84,0.86,0.86,0.84,0.85,0.85,0.86,0.86,0.85,0.86,0.85,0.86,0.86,0.86,0.86,0.86,0.86,0.86,0.86,0.86,0.86,0.86,0.86,0.86,0.85,0.86,0.86,0.86,0.86,0.86,0.86,0.86,0.86,0.86,0.86,0.86,0.86,0.86,0.86,0.86,0.7,0.86,0.85,0.86,0.86,0.83,-1.13,0.86,0.86,0.86,0.86,0.86,0.86,0.86,0.86,0.86,0.86,0.86,0.86,0.86,0.85,0.86,0.86,0.86,0.86,-1.09,0.85,0.84,0.86,0.85,0.86,0.86,0.85,0.86,0.84,0.86,0.86,-1.08,0.86,0.86,0.85,0.86,0.86,0.86,0.86,0.86,0.86,0.86,0.85,0.86,0.86,0.85,0.86,0.86,0.86,0.86,0.85,0.86,0.86,0.85,0.86,0.86,0.85,-1.07,0.86,0.86,0.86,0.86,-1.13,0.86,0.86,0.86,0.86,0.86,0.86,0.86,0.86,0.67,0.86,0.74,0.86,0.86,0.86,0.86,0.86,0.86,0.76,0.85,0.86,0.86,0.84,0.86,0.86,0.86,0.84,0.86,0.85,0.86,0.86,0.86,0.86,0.86,-1.02,0.86,0.86,0.84,0.86,0.86,0.86,0.86,0.86,0.86,0.85,-1.02,0.86,0.84,0.86,0.86,0.86,0.86,0.86,-1.11,0.84,0.86,-1.14,0.86,0.86,0.84,0.81,0.85,-1.03,0.86,0.86,0.84,0.83,0.86,0.85,0.86,0.86,0.86,0.86,0.86,0.86,0.86,0.86,0.74,0.86,0.86,0.86,-1.13,0.86,0.86,0.85,-1.06,0.84,0.86,0.86,0.77,0.86,0.86,0.86,0.85,0.59,0.85,0.86,0.86,0.86,0.86,0.85,0.86,0.86,0.86,0.84,-1.02,-1.08,0.86,0.85,0.85,-1.04,0.86,0.86,-1.0,0.86,0.85,0.86,0.86,0.86,0.86,0.86,0.86,0.78,0.85,0.86,0.86,0.85,0.86,0.85,0.86,0.83,0.86,0.86,0.86,0.86,0.86,0.86,0.86,0.86,0.82,0.86,0.86,0.86,0.84,0.86,0.86,0.86,0.86,0.86,0.86,0.86,0.86,0.86,0.86,0.86,0.86,0.86,-1.02,0.86,0.72,-1.03,0.86,0.81,0.85,0.86,0.85,0.86,0.86,-1.01,0.82,0.86,0.86,0.86,0.86,0.86,0.86,0.78,0.86,0.86,0.86,0.86,0.86,-1.14,0.86,0.86,0.86,0.86,0.86,0.86,0.86,0.86,0.86,0.86,0.85,0.86,0.73,0.85,0.86,0.86,0.86,0.85,0.86,0.86,0.86,0.86,0.86,0.86,0.86,0.86,0.86,0.86,0.86,0.86,0.86,0.86,0.86,0.86,0.86,0.86,0.86,0.86,-1.0,0.86,0.86,0.85,0.86,0.86,0.86,0.86,0.86,0.86,0.86,0.86,0.86,0.86,0.86,0.86,0.85,0.86,0.84,0.86,0.86,0.86,0.84,-1.02,0.86,0.86,0.86,0.86,0.84,0.86,0.86,0.86,0.86,0.84,0.85,0.86,0.86,0.86,0.86,0.86,0.85,0.85,0.86,0.86,0.86,0.86,0.85,-1.03,0.86,0.84,0.86,0.86,0.86,0.86,0.83,0.86,0.86,0.84,0.85,0.86,0.85,0.86,0.86,0.86,0.78,0.86,0.86,0.86,0.86,0.86,0.72,0.86,0.82,0.86,0.86,0.86,0.86,0.86,0.86,0.86,0.86,0.79,0.84,-1.04,0.86,0.86,0.86,0.78,0.85,0.86,0.86,0.86,0.86,0.84,0.86,0.86,0.86,0.86,0.86,0.86,0.86,0.86,0.86,0.86,0.86,0.86,-1.04,0.86,0.86,0.86,0.86,0.86,0.86,0.86,0.86,0.86,0.86,0.86,0.85,0.85,0.86,0.86,0.86,0.86,0.86,0.83,0.86,0.86,0.84,0.86,0.86,0.86,0.83,0.86,0.86,0.86,0.86,0.86,0.86,0.86,0.86,0.86,0.86,0.86,0.86,0.7,0.86,0.86,0.86,0.86,0.85,0.86,0.83,-1.13,0.86,0.86,0.86,0.85,0.85,0.86,0.86,0.86,0.86,0.8,-1.1,0.86,0.86,0.86,0.86,0.86,0.86,0.84,0.86,0.86,0.84,-1.03,0.86,0.86,0.85,0.85,0.86,0.86,0.76,0.86,0.84,0.86,0.7,0.86,0.86,0.86,0.86,0.83,0.85,0.86,0.86,0.86,0.86,0.83,0.86,-1.08,0.79,-1.14,0.85,0.86,0.86,0.86,0.86,0.76,0.85,0.86,-1.07,0.86,0.71,0.86,0.85,0.86,0.85,0.84,0.86,0.86,0.86,0.86,0.86,0.86,0.85,0.86,-1.13,-1.14,0.86,0.86,0.86,0.84,0.86,0.84,0.86,0.77,0.86,0.86,0.86,0.86,0.86,0.86,0.84,0.85,0.86,0.86,0.85,0.86,0.86,0.86,0.84,0.84,0.86,0.86,0.75,0.86,0.86,0.86,0.86,0.86,0.84,0.86,0.86,-1.14,0.86,0.85,0.86,0.86,0.86,0.85,0.86,0.86,0.85,0.86,0.86,0.86,0.84,0.86,0.86,-1.03,0.85,0.84,0.78,0.86,0.86,0.86,0.86,-1.19,0.86,0.86,0.86,0.86,0.86,0.86,0.86,0.86,0.86,0.86,0.86,0.85,0.86,0.86,0.86,0.86,0.84,0.86,0.86,0.86,0.86,0.86,0.86,0.86,0.71,0.86,0.86,0.86,0.86,0.86,0.85,0.86,0.86,0.86,0.86,0.86,0.86,0.86,0.86,0.86,0.86,0.85,-1.1,0.86,0.86,0.86,0.86,0.86,0.86,0.86,0.84,0.86,0.86,0.86,0.86,0.86,0.84,0.86,0.86,-1.02,0.86,0.86,0.86,0.86,0.84,0.86,0.86,0.85,0.86,0.86,0.86,0.86,0.86,0.86,0.85,0.86,0.86,0.86,0.86,0.71,0.86,0.86,0.86,0.86,0.86,0.86,0.86,0.86,-1.02,0.85,0.86,0.86,0.86,0.86,0.86,0.86,0.84,0.86,-1.1,0.86,0.86,0.74,0.86,0.86,0.83,0.86,0.86,0.75,0.86,0.86,0.86,0.86,0.86,0.86,0.86,0.86,0.86,0.86,0.86,0.85,0.82,-1.0,-1.08,0.86,0.86,0.86,0.85,0.86,0.86,0.86,0.86,0.71,0.86,0.86,0.86,0.86,0.84,0.86,0.85,0.86,0.86,0.86,0.86,0.86,-1.02,0.86,0.86,0.86,0.86,0.84,0.86,0.86,0.86,0.86,0.86,-1.02,-1.03,0.86,0.86,0.86,0.83,0.86,0.86,0.86,-1.07,0.86,0.86,0.86,0.86,0.86,0.86,0.72,0.86,0.86,0.86,0.86,0.86,0.86,0.86,0.86,0.86,0.86,0.86,0.86,-1.09,0.74,0.85,0.86,0.86,0.86,0.86,0.86,0.86,0.86,0.72,0.86,0.86,0.85,0.86,0.86,0.86,0.86,0.86,0.86,0.85,0.86,0.84,0.85,0.86,0.86,0.86,0.86,0.86,0.86,0.86,-1.1,0.86,0.86,0.86,0.86,0.85,0.86,0.86,0.84,0.86,0.72,0.86,-1.32,0.84,0.82,-1.14,0.86,0.86,0.86,-1.12,0.85,0.76,0.86,0.86,0.86,0.86,0.84,0.86,0.86,0.86,0.86,0.85,0.86,0.86,0.86,0.85,0.86,0.86,0.86,0.86,0.86,0.86,0.86,0.85,0.84,0.85,0.86,0.83,0.85,0.86,0.86,0.86,0.86,0.86,0.86,0.86,0.86,0.86,0.78,0.86,0.86,0.86,0.86,0.86,0.86,0.86,0.86,-1.07,0.86,0.86,0.86,0.86,0.84,0.86,-1.16,0.73,0.86,0.85,0.86,0.86,0.86,0.86,0.83,0.86,0.86,0.86,0.86,0.86,0.85,0.85,-1.09,0.74,0.86,0.86,0.85,0.86,0.84,0.86,0.86,0.86,0.85,0.86,0.86,0.82,0.86,0.83,0.86,0.86,0.86,0.85,0.86,0.85,0.86,0.86,0.86,0.85,0.85,-1.06,0.85,0.86,0.86,0.86,0.86,0.86,0.86,0.86,0.82,0.8,0.86,0.86,0.86,0.86,0.86,0.86,0.86,0.85,-1.02,-1.13,0.84,0.86,0.86,0.86,0.86,0.86,-1.17,0.86,0.86,0.86,-1.06,0.86,0.85,0.86,0.85,0.86,0.86,0.86,0.81,0.86,0.86,0.86,0.84,0.86,0.86,0.86,0.86,0.86,0.84,0.85,0.86,0.86,0.84,0.84,0.86,-1.05,0.86,0.86,0.86,0.85,0.86,0.85,0.86,0.86,-1.03,0.86,0.84,0.86,0.86,0.86,0.86,0.86,0.86,0.86,0.86,0.86,0.86,0.85,0.85,0.86,0.86,0.86,0.84,0.86,0.84,0.86,0.86,0.86,0.86,0.84,0.86,0.86,0.86,0.86,0.86,0.85,0.86,-1.04,0.82,0.86,0.86,0.84,0.86,0.86,0.86,0.86,0.86,0.86,-1.1,0.86,0.86,0.86,0.86,0.86,0.86,0.86,0.86,0.86,0.86,0.86,0.85,0.86,0.86,0.86,0.86,0.85,0.86,0.85,0.86,0.86,0.86,0.86,0.86,0.86,0.86,0.85,0.86,0.86,0.86,0.86,0.79,0.86,0.83,0.86,0.86,0.86,0.86,0.86,0.86,0.86,0.86,-1.09,0.86,0.86,0.86,0.86,0.86,0.86,0.86,0.84,0.86,0.86,0.86,0.85,0.85,0.84,0.85,-1.13,-1.11,0.86,0.84,0.86,0.86,0.85,0.86,0.86,0.86,0.86,-1.0,0.85,0.86,-1.04,0.86,0.86,0.86,0.86,0.86,0.84,0.86,0.85,0.86,0.85,0.86,0.86,0.86,0.86,0.86,0.86,-1.12,0.86,0.86,0.86,0.86,0.85,0.86,0.86,-1.15,0.82,0.86,0.72,0.86,0.84,0.85,0.86,0.86,0.86,0.86,0.86,0.86,0.86,0.86,0.86,0.86,0.75,0.84,0.86,0.85,0.86,0.85,0.86,0.86,0.86,0.86,0.77,0.86,0.86,0.86,0.86,-1.08,0.86,0.86,0.86,0.86,0.85,0.86,-1.13,0.86,0.86,0.86,0.86,0.84,0.85,0.86,0.86,0.86,0.86,0.86,0.86,0.86,0.86,0.86,0.86,0.86,0.84,0.86,0.86,0.86,0.86,0.86,0.86,0.86,0.86,0.86,0.86,0.84,0.86,-1.08,0.86,0.86,0.86,0.86,0.86,0.86,0.86,0.86,0.86,0.86,0.86,0.86,0.86,-1.08,0.86,-1.14,0.86,0.85,0.86,0.86,0.86,0.86,0.86,0.86,0.86,0.86,0.84,0.86,0.86,0.86,0.86,0.84,0.86,0.86,0.86,0.86,0.86,0.85,0.86,0.86,0.86,0.86,0.86,0.84,0.86,0.84,0.86,0.83,0.86,0.86,0.86,0.86,0.86,0.86,-1.03,-1.08,0.86,0.84,0.86,0.86,0.86,0.85,0.86,0.85,0.86,0.86,-1.02,0.85,0.86,0.86,0.86,0.86,0.86,0.86,0.85,0.85,0.85,0.79,0.86,0.86,0.86,0.86,0.86,0.86,0.86,0.86,0.86,0.86,0.84,0.86,0.85,0.86,0.86,-1.14,0.86,0.85,0.85,0.8,0.86,0.82,0.85,0.86,0.85,0.86,0.86,0.86,0.86,0.86,0.86,0.86,0.79,0.86,0.86,0.86,0.86,0.83,0.86,0.86,0.86,0.83,0.86,0.84,-1.01,0.85,0.86,0.86,0.86,0.86,0.86,-1.04,0.84,0.86,0.86,0.8,0.86,0.86,0.86,0.86,0.86,0.86,0.86,0.81,0.86,0.86,0.86,0.86,0.85,0.86,0.86,0.86,0.86,0.86,0.85,0.86,0.86,0.85,0.85,0.86,0.86,0.85,0.86,0.84,0.86,-1.17,0.86,0.72,0.84,0.86,0.85,0.86,-1.03,0.86,0.86,0.86,0.86,0.86,0.86,0.86,0.86,0.86,0.86,0.86,0.86,0.86,0.86,0.86,0.83,0.86,0.86,0.86,0.86,0.86,0.86,0.86,0.86,0.86,0.86,0.86,0.86,0.84,0.86,0.85,0.86,0.86,0.84,0.86,0.86,0.85,0.86,0.86,0.86,0.86,0.86,0.86,0.86,0.85,0.86,0.85,0.86,0.86,0.86,0.86,0.86,0.86,0.86,0.86,0.86,0.86,-1.13,0.86,0.85,0.86,0.86,0.76,0.85,0.85,0.79,0.86,0.86,0.86,0.86,0.86,0.85,0.86,0.86,0.81,0.86,-1.03,0.86,0.86,0.86,-1.02,0.85,0.85,0.86,0.85,0.85,0.84,0.84,0.86,0.86,0.85,0.86,0.86,0.86,0.86,-1.08,-1.12,0.85,0.86,0.86,0.86,0.78,-1.15,0.86,-1.01,0.86,0.84,0.84,0.79,0.84,0.76,0.85,-1.09,0.85,0.86,0.86,0.84,0.86,0.86,0.86,0.86,0.86,0.77,0.81,0.85,0.84,0.85,0.85,0.78,0.86,0.86,0.86,0.86,0.84,0.84,0.86,0.86,0.86,0.84,0.86,-1.0,0.86,0.86,0.86,0.86,0.85,0.86,0.86,0.86,0.85,0.86,0.85,0.86,0.85,0.86,0.86,0.86,0.86,0.86,0.74,0.86,0.86,0.83,0.84,0.86,0.79,0.85,-1.1,0.82,0.86,0.86,0.85,0.86,0.86,0.86,0.86,0.81,0.86,0.86,-1.02,0.86,0.86,0.86,0.86,-1.01,0.84,-1.16,0.85,0.84,0.84,0.85,0.86,0.84,0.86,0.86,0.86,0.86,0.86,0.86,0.85,0.86,0.84,0.86,0.86,0.84,0.86,0.85,0.86,0.86,0.86,0.86,0.86,0.86,0.86,0.86,0.86,0.86,-1.11,0.86,0.84,0.86,-1.05,0.86,0.86,0.86,0.86,0.86,0.85,0.85,0.86,0.86,0.86,0.86,0.86,0.86,0.86,0.85,0.78,0.86,0.86,0.86,0.85,0.86,0.78,0.86,0.85,0.86,-1.02,0.86,0.86,0.86,0.86,0.86,0.83,0.86,0.86,0.86,0.86,0.85,0.86,0.86,0.83,0.86,0.86,0.85,0.76,0.85,0.84,0.84,0.86,0.86,0.86,0.84,0.82,0.86,0.86,0.86,0.85,0.84,0.86,-1.07,0.84,-1.07,0.86,-1.12,0.86,0.86,0.86,0.86,0.86,-1.03,0.84,0.86,0.86,0.86,0.86,0.84,0.86,0.83,0.86,0.86,0.86,0.86,0.86,0.86,0.86,0.86,0.86,0.86,0.85,0.85,0.86,-1.02,0.85,0.86,0.83,0.86,0.86,0.86,0.85,0.84,0.86,0.84,-1.12,0.86,0.86,0.85,-1.0,0.86,-1.19,0.86,0.86,0.86,0.84,0.86,0.86,0.86,0.86,0.86,0.86,0.85,0.86,0.86,-1.14,0.86,0.86,0.86,0.86,0.83,-1.1,-1.07,0.84,0.86,0.86,-1.11,0.86,0.85,0.86,0.86,0.79,0.86,0.86,0.86,0.86,0.86,0.86,0.86,0.85,0.86,0.86,0.86,0.86,0.86,0.86,-1.11,0.85,0.86,0.86,0.86,0.86,0.85,0.86,0.86,0.86,0.86,0.86,0.86,0.86,0.86,-1.03,0.86,0.79,0.86,-1.0,0.85,0.86,0.85,0.86,0.86,0.86,0.84,0.86,0.86,0.86,0.86,0.86,-1.07,0.86,0.85,-1.14,-1.12,0.85,0.86,0.86,0.86,0.86,0.86,0.86,0.85,0.86,0.85,0.84,0.86,0.86,0.86,0.85,0.86,0.86,0.85,0.86,0.86,0.86,0.86,0.86,0.86,0.86,0.86,-1.06,0.86,0.86,0.86,0.86,-1.11,0.85,0.86,0.86,0.86,0.85,0.86,0.84,0.86,0.86,0.85,0.86,-1.29,0.85,0.84,0.84,0.86,0.86,0.86,0.85,0.85,0.84,0.86,0.86,0.85,0.86,0.86,0.86,0.85,0.84,0.86,0.86,0.82,0.86,0.86,0.85,0.86,0.86,0.86,0.86,0.86,0.86,0.86,0.86,0.86,0.86,0.86,0.86,0.86,0.86,0.84,0.86,0.86,0.86,0.86,0.85,0.85,0.85,0.76,-1.04,0.85,-1.0,0.86,0.86,0.73,-1.12,0.85,0.86,0.86,0.86,0.86,-1.11,0.86,0.69,0.86,0.86,0.86,0.86,0.86,0.86,0.83,0.86,-1.14,0.86,0.86,0.76,0.86,0.86,0.85,0.86,0.86,0.86,0.86,0.82,0.86,0.86,0.86,0.85,0.84,0.86,0.86,0.84,0.86,0.86,0.86,0.83,0.86,0.86,0.86,0.76,0.85,-1.11,0.86,0.86,0.86,0.77,0.85,0.86,0.86,0.86,0.86,0.79,0.84,0.86,0.86,0.85,0.86,0.86,-1.04,0.84,0.85,0.86,0.86,-1.06,0.85,0.86,0.86,0.86,0.86,0.86,0.86,0.83,0.86,0.85,0.86,0.86,0.86,0.86,0.86,0.86,0.84,0.86,0.86,0.86,0.85,0.86,0.84,0.86,0.86,-1.13,0.86,0.84,0.85,0.68,0.86,0.86,0.84,0.86,0.86,0.86,0.86,0.86,0.85,-1.12,0.86,0.86,0.85,0.86,0.86,0.86,0.72,-1.03,0.86,0.84,-1.01,-1.13,0.86,0.86,0.86,0.86,0.86,0.86,0.86,0.86,0.86,0.83,0.86,0.86,0.86,-1.02,0.85,0.8,0.72,0.86,0.86,0.73,0.86,0.86,0.86,0.73,0.86,-1.05,0.86,0.85,0.86,0.75,0.7,0.86,0.86,0.81,0.86,0.86,0.86,0.86,0.86,0.86,0.86,0.83,0.86,0.86,0.85,0.86,0.86,0.86,-1.02,0.85,0.86,0.86,0.86,0.86,0.86,0.86,0.86,0.86,0.86,0.86,-1.19,0.85,0.86,0.86,0.86,0.85,-1.02,0.86,0.84,0.86,0.86,0.85,0.86,0.86,-1.05,0.85,0.86,0.86,0.85,0.86,0.86,0.86,0.85,0.86,0.86,0.86,0.86,0.86,0.85,0.86,0.86,0.86,0.79,0.84,0.85,0.86,0.85,0.86,0.86,0.86,0.86,0.86,0.86,0.84,0.85,0.85,0.86,0.86,0.86,0.86,0.86,0.7,0.86,0.84,0.86,0.86,0.86,0.86,0.86,0.85,0.86,0.86,0.86,0.86,0.86,0.86,-1.02,0.84,0.85,0.84,0.86,0.86,0.86,0.85,0.86,0.85,0.86,0.86,0.86,0.86,0.86,0.86,-1.02,0.86,0.86,0.83,0.86,0.75,0.86,0.84,0.86,-1.02,0.85,0.84,0.86,0.86,-1.07,0.85,0.86,0.84,0.86,0.86,0.86,0.86,0.86,0.86,0.86,0.86,0.84,0.86,0.86,0.86,0.86,0.86,0.85,0.86,0.86,0.86,0.85,0.86,0.86,0.86,0.86,0.86,-1.1,-1.05,0.86,0.86,0.86,0.86,0.86,0.84,0.84,0.86,0.81,0.86,0.86,0.86,0.86,0.86,0.86,0.86,0.86,0.86,0.86,0.86,0.86,0.84,-1.1,0.86,0.83,0.86,0.85,0.86,0.86,0.86,0.86,0.86,0.84,0.86,0.85,0.86,0.86,0.85,0.69,0.86,0.84,0.86,0.86,0.86,0.78,0.86,0.86,0.83,0.86,0.86,0.86,0.86,0.86,0.84,0.86,0.86,0.86,0.86,0.86,0.86,0.86,0.86,-1.11,0.86,0.86,0.86,0.86,0.86,0.85,0.86,0.86,0.86,0.86,0.71,0.86,0.86,0.86,0.85,0.86,0.71,0.84,0.84,0.86,0.85,0.86,0.85,0.86,0.84,0.85,0.86,0.86,0.86,0.86,0.86,0.85,0.86,0.84,0.86,0.86,0.86,0.86,0.86,0.86,0.86,0.86,0.86,0.86,0.86,0.83,0.86,-1.13,0.86,0.86,0.86,-1.03,0.83,0.86,-1.02,0.73,0.85,0.86,0.84,0.85,-1.12,0.86,0.86,0.86,0.84,0.85,0.86,0.86,0.86,-1.09,0.85,0.85,0.86,0.78,0.86,0.86,0.86,0.86,0.86,0.86,0.71,0.86,0.86,0.78,0.86,0.86,0.86,0.86,0.86,0.86,0.86,0.86,0.86,0.85,0.86,0.86,0.86,0.86,0.86,-1.02,0.86,0.86,0.86,0.86,0.86,-1.06,0.83,0.86,0.86,0.86,0.86,0.86,0.86,0.86,-1.04,0.86,-1.08,0.86,0.86,0.86,0.85,0.76,0.85,0.86,-1.08,0.85,0.86,0.86,0.85,0.86,0.86,-1.12,0.86,-1.12,-1.02,-1.03,0.86,-1.11,0.85,0.85,-1.09,0.81,0.86,0.84,0.86,-1.03,0.85,0.86,0.84,-1.09,0.86,0.86,0.86,0.86,0.86,0.84,0.84,0.85,0.86,0.86,0.86,0.86,0.86,-1.12,0.86,-1.02,0.86,-1.12,0.85,0.85,0.86,-1.19,0.86,0.86,0.86,0.85,0.85,0.85,0.84,0.86,0.85,0.86,0.85,0.86,0.86,0.86,0.85,0.86,0.86,0.86,0.86,0.86,0.86,0.86,0.79,0.86,0.86,0.86,0.86,0.86,0.86,0.86,0.86,0.86,0.83,0.86,0.86,0.86,0.86,0.86,0.83,0.86,0.86,0.86,0.86,0.86,-1.08,-1.02,0.83,0.85,0.86,0.86,0.86,-1.14,0.86,0.86,0.86,0.85,0.86,0.86,0.86,-1.02,0.85,0.85,-1.13,0.86,0.86,0.86,0.86,0.86,0.86,0.86,0.86,0.86,0.86,-1.01,0.86,0.86,0.86,0.78,0.86,0.84,0.86,0.85,0.85,0.86,0.83,0.86,0.83,0.86,0.84,0.86,0.86,0.86,0.86,0.86,0.86,0.86,0.86,-1.13,0.77,0.86,0.86,0.86,-1.02,0.86,0.86,0.86,0.86,-1.11,0.85,0.86,0.86,0.86,0.86,0.86,0.85,0.86,0.86,0.85,-1.04,0.84,0.86,0.86,0.86,0.84,0.86,-1.06,0.86,0.85,0.86,0.78,0.86,0.84,0.86,0.8,0.86,0.84,0.86,0.86,0.86,0.86,0.86,0.86,0.86,0.85,0.84,0.86,0.85,0.86,0.72,0.71,0.86,0.84,0.86,0.86,0.84,0.86,0.86,0.86,0.86,0.86,0.86,0.86,0.86,0.86,0.86,0.86,0.86,0.86,0.86,0.86,-1.04,0.86,0.86,0.84,0.86,0.86,0.86,0.86,0.86,0.86,0.86,0.86,0.86,-1.14,0.85,0.86,-1.1,0.85,0.86,0.86,0.85,0.86,0.86,0.86,0.86,0.86,0.86,0.86,0.83,0.86,0.86,-1.1,0.86,0.86,0.86,0.86,0.86,0.86,-1.11,0.86,0.85,-1.05,0.86,-1.02,0.85,0.86,0.85,0.86,0.75,0.86,0.74,0.86,0.85,0.86,0.85,0.86,0.86,0.86,-1.09,0.84,0.83,0.86,0.86,-1.09,0.86,0.77,0.86,0.86,0.84,-1.08,-1.07,-1.05,0.85,0.86,0.86,0.84,0.85,0.85,0.86,0.85,0.85,0.86,0.86,0.86,0.83,-1.13,0.86,0.86,0.83,0.86,-1.02,0.85,-1.08,0.85,0.83,0.86,0.86,0.86,0.84,0.86,0.86,0.86,0.85,0.86,-1.15,0.86,0.83,0.85,0.86,0.86,0.84,0.85,0.86,0.86,0.84,0.86,0.86,0.86,0.86,-1.12,0.86,0.86,0.86,0.86,-1.08,0.86,0.83,0.81,0.86,0.86,0.86,0.86,0.86,-1.1,0.86,0.84,0.86,0.86,0.86,0.86,0.86,0.86,0.85,0.86,0.86,-1.1,0.82,0.86,0.84,0.86,0.74,0.84,0.86,0.74,-1.0,0.86,0.86,0.86,0.86,0.86,0.86,0.86,0.86,0.85,0.86,0.86,-1.04,0.83,0.84,0.84,0.86,0.86,0.86,0.86,0.85,0.86,0.85,0.84,0.86,0.84,0.84,0.84,0.86,-1.14,0.86,-1.02,0.84,0.85,0.86,0.86,0.86,0.86,0.79,0.86,0.86,0.86,0.84,0.85,0.81,0.86,0.86,0.86,0.86,0.86,0.86,0.85,0.86,0.86,0.86,0.86,0.86,0.86,0.86,0.86,0.86,0.84,0.86,0.83,0.86,-1.2,0.84,0.85,0.86,0.86,0.86,0.85,-1.12,0.86,0.86,0.86,0.82,0.86,0.86,-1.05,0.85,0.86,0.86,0.86,0.86,0.83,0.86,-1.13,-1.0,0.86
-1.3,-1.11,-1.04,0.85,-1.06,-1.0,-1.19,-1.08,-1.22,-1.15,-1.18,0.83,-1.1,0.6,-1.18,-1.01,0.77,0.78,-1.1,-1.22,-1.14,0.83,0.79,0.79,0.81,-1.1,0.8,-1.25,-1.11,0.72,-1.13,-1.26,0.84,0.83,0.8,0.82,-1.08,0.72,0.73,0.58,0.86,0.85,0.84,0.84,0.83,0.85,0.7,0.86,0.77,0.84,-1.12,0.86,-1.13,0.82,0.84,-1.05,0.83,0.85,0.86,0.86,0.86,0.77,0.86,0.79,0.86,0.86,0.86,0.86,0.84,0.83,0.86,0.82,0.86,0.86,0.86,0.86,0.86,0.86,-1.17,0.86,0.86,0.86,0.77,0.86,0.86,0.85,0.86,0.86,0.84,0.86,0.86,0.86,0.86,0.86,0.69,0.84,0.86,0.71,0.86,0.86,0.86,-1.09,0.86,0.86,0.86,0.86,0.86,0.84,0.84,0.86,0.86,0.86,-1.04,0.86,-1.04,0.86,0.86,0.86,0.86,0.86,0.86,0.86,0.86,0.86,0.86,0.86,0.86,0.86,0.84,0.86,0.86,0.86,0.86,0.86,0.85,0.86,0.85,0.86,-1.12,0.86,0.86,0.85,0.86,0.86,0.86,0.85,0.78,-1.12,0.81,0.71,0.86,0.86,0.86,0.86,0.86,0.86,0.73,0.84,0.86,0.86,0.86,0.86,0.86,0.86,0.85,0.86,0.86,0.84,0.86,0.86,0.86,0.86,0.86,0.84,0.8,0.86,0.86,0.86,0.86,0.86,0.86,0.85,0.82,0.86,0.86,0.86,0.86,0.84,0.86,-1.01,0.86,0.85,0.86,-1.04,0.86,0.86,0.86,0.85,-1.07,0.86,0.86,0.86,0.86,0.86,0.85,-1.07,0.86,-1.03,0.85,0.86,-1.03,0.86,0.73,0.85,0.86,0.8,-1.01,0.86,0.86,0.86,0.86,0.86,0.85,0.86,0.71,0.86,0.85,0.86,0.71,-1.09,0.78,0.86,0.86,0.86,0.86,0.86,0.83,0.86,0.86,0.86,0.86,0.84,0.86,0.86,0.86,0.86,0.85,-1.13,0.86,0.84,0.85,0.86,0.86,0.86,0.84,0.86,0.86,0.86,0.86,0.86,0.84,0.85,0.86,0.86,0.85,0.86,0.85,0.86,0.85,0.85,0.85,-1.08,0.75,0.85,0.86,0.86,0.82,0.86,0.86,0.86,0.86,-1.05,0.86,0.86,0.86,0.86,0.86,0.86,0.86,0.85,0.84,0.86,0.85,-1.13,0.86,0.86,0.85,0.86,0.85,0.86,0.86,0.83,0.72,0.85,0.86,0.84,0.86,0.84,0.86,0.85,0.86,0.86,-1.06,0.86,0.86,0.84,0.85,0.85,-1.07,0.86,0.86,0.84,0.86,0.84,0.81,0.86,0.86,0.86,0.86,0.86,0.83,-1.07,0.86,0.85,0.86,0.73,0.86,0.86,-1.04,0.86,0.86,0.86,0.86,0.86,0.86,0.86,0.86,0.86,0.86,0.85,0.86,0.86,0.72,0.86,0.74,0.86,0.73,0.86,0.86,0.86,-1.0,0.86,0.86,0.86,0.86,0.86,0.86,0.85,0.86,0.85,0.85,0.84,0.86,0.85,0.86,0.86,-1.12,0.86,0.86,0.71,0.86,0.86,0.86,-1.03,0.86,0.86,0.86,-1.12,0.86,0.86,0.86,0.86,0.86,0.85,0.86,0.86,0.86,0.86,0.86,0.75,0.86,0.86,0.86,0.84,0.86,0.86,0.71,0.86,0.86,0.86,0.86,0.86,0.86,-1.1,0.86,0.86,0.86,0.86,0.84,0.86,0.8,0.85,0.86,0.86,0.86,0.75,-1.04,0.86,0.86,0.85,0.84,0.86,0.86,0.86,0.86,0.86,0.86,0.86,0.84,0.82,0.86,0.85,0.86,0.86,0.85,0.86,0.86,0.86,0.84,0.86,0.86,0.86,0.86,0.86,0.86,0.86,0.86,0.86,0.84,-1.05,0.85,0.85,0.86,0.86,0.85,0.86,0.86,0.85,0.86,0.86,0.85,0.86,0.86,0.86,0.86,0.86,0.83,0.86,0.86,0.86,0.86,0.86,0.86,0.86,0.86,0.86,0.86,0.86,0.86,0.86,0.86,0.86,0.86,0.86,-1.09,0.86,0.86,0.86,0.86,0.86,0.86,0.85,0.86,0.86,0.8,0.86,-1.14,0.85,-1.08,0.86,0.86,0.86,0.86,-1.02,0.86,0.86,0.83,0.86,0.86,0.86,0.86,0.86,0.86,0.86,0.86,0.86,0.86,0.86,0.86,0.86,0.86,0.86,0.86,0.86,0.86,0.86,0.81,0.86,0.86,0.81,0.86,0.86,0.84,0.86,0.86,0.86,0.86,0.86,0.86,0.86,0.83,0.84,0.86,0.86,0.86,0.86,0.86,0.86,0.84,-1.14,-1.12,0.86,0.86,0.86,0.86,0.86,0.86,0.86,0.86,-1.06,0.86,0.86,0.86,0.85,-1.1,0.84,-1.03,0.85,0.86,0.86,0.86,0.86,0.86,0.86,0.86,0.86,0.86,0.86,0.86,0.86,0.85,0.86,-1.11,0.85,0.73,0.86,0.85,0.86,0.86,0.78,0.86,0.86,0.86,0.86,0.86,0.86,0.86,0.86,0.86,-1.12,0.85,0.84,0.85,0.86,0.86,0.86,0.86,0.86,0.85,-1.0,0.86,0.86,0.85,0.86,0.86,0.86,0.86,0.85,0.86,0.85,0.86,0.74,0.73,0.85,0.85,0.86,0.86,0.86,0.86,0.86,0.86,0.86,0.86,0.75,-1.13,0.86,0.86,0.86,0.82,-1.11,0.86,0.84,0.86,0.86,0.86,0.86,0.86,0.85,0.86,0.86,0.86,0.86,0.84,0.86,0.85,0.86,0.86,0.86,0.86,-1.02,0.86,0.86,0.86,-1.0,0.84,0.86,0.86,0.86,0.86,0.86,0.86,0.84,-1.1,0.86,0.86,0.84,0.86,0.86,0.86,0.86,0.86,0.86,0.85,0.86,0.83,0.76,0.86,0.86,0.86,0.86,0.86,0.86,-1.02,0.86,0.84,0.86,0.84,0.86,0.86,0.84,0.86,0.86,0.86,0.85,0.86,0.8,0.86,0.86,0.86,0.86,0.86,0.86,0.85,0.86,0.86,0.71,0.86,0.86,0.86,0.86,0.86,0.86,0.86,0.86,0.86,0.8,0.86,-1.02,0.86,0.86,0.86,0.86,0.86,0.86,0.86,0.86,0.86,0.86,0.84,-1.0,0.82,0.84,0.73,0.86,0.86,0.86,0.86,0.83,0.85,0.84,0.86,0.84,0.86,0.86,0.86,0.86,0.86,0.85,0.85,0.77,0.84,0.86,0.85,-1.13,0.85,0.86,0.83,0.86,0.83,0.86,0.86,0.85,0.86,-1.03,0.84,0.85,0.86,0.86,0.86,0.86,0.86,0.86,0.86,0.86,0.86,0.86,0.78,0.86,0.86,0.85,0.86,0.86,0.86,0.86,0.86,0.86,0.86,0.86,0.86,0.86,0.86,0.86,0.86,0.86,-1.02,0.85,0.86,0.86,0.86,0.85,0.86,0.86,0.86,0.85,0.86,0.84,-1.13,0.86,0.86,0.86,0.85,0.86,0.86,0.86,0.86,0.86,0.85,0.86,0.83,0.86,0.86,0.81,0.86,0.72,0.86,0.86,0.82,0.86,0.86,0.86,0.86,-1.13,0.86,0.85,0.86,0.86,0.86,0.86,-1.08,0.86,0.81,0.86,0.85,0.86,0.86,0.86,0.86,0.85,0.86,0.86,0.86,0.86,0.86,0.86,0.86,0.86,0.86,0.86,0.86,0.86,0.86,-1.1,0.86,0.85,0.86,0.85,0.86,0.86,-1.06,0.86,0.86,0.86,0.86,0.86,0.74,0.85,0.86,0.85,-1.13,0.86,0.86,0.84,0.86,-1.02,0.86,0.86,0.86,0.86,0.86,0.72,0.84,0.86,0.86,0.86,0.86,0.86,-1.03,0.86,0.84,0.84,0.86,0.86,0.86,0.86,0.84,0.86,0.86,0.86,0.86,0.86,0.86,0.85,0.85,0.86,0.86,0.84,0.84,0.86,0.86,0.86,0.86,0.86,0.86,0.86,0.86,0.86,0.86,0.86,0.86,0.85,0.86,0.81,0.81,0.86,0.85,0.85,0.86,0.85,0.86,0.86,0.84,0.86,0.86,0.86,0.86,0.86,0.86,0.86,-1.03,0.86,0.86,-1.08,0.86,0.86,0.86,0.85,0.86,0.86,0.86,0.86,0.86,0.86,0.86,0.86,0.81,0.86,0.86,0.86,0.85,-1.02,0.86,0.72,0.85,0.86,0.86,0.86,0.85,0.86,0.86,0.85,0.86,0.86,0.79,0.86,0.86,0.86,0.86,0.86,0.86,0.86,0.86,0.86,0.82,0.86,0.86,0.86,0.86,0.85,0.86,0.86,0.84,0.86,0.86,0.86,0.85,0.82,0.86,0.86,0.86,0.84,0.86,0.86,0.86,0.86,0.86,0.86,0.86,0.81,0.86,0.86,0.86,0.86,-1.03,-1.04,0.85,0.84,0.86,0.83,0.86,0.85,0.86,-1.02,0.86,-1.09,0.86,0.85,0.86,-1.02,0.86,0.86,0.86,0.86,0.86,0.86,0.86,0.86,0.86,0.86,0.86,0.86,0.86,0.86,0.86,0.86,0.86,0.86,0.86,0.86,0.86,0.85,0.86,0.84,0.86,0.86,0.83,0.75,0.86,0.78,0.84,0.74,0.86,0.81,0.86,0.84,0.86,0.86,0.84,0.85,0.86,-1.07,0.86,-1.07,0.86,0.84,0.75,0.86,0.85,0.84,0.85,0.86,-1.05,0.83,0.83,0.86,0.86,0.86,0.78,-1.03,0.86,0.86,0.86,0.86,0.85,0.84,0.86,0.86,0.86,0.86,0.86,0.86,0.86,0.86,0.86,0.86,0.86,0.84,0.86,0.86,0.85,0.86,0.86,0.86,0.85,0.84,0.86,0.86,0.86,0.86,0.86,0.86,0.86,0.85,0.86,0.86,0.86,0.86,0.86,0.86,0.86,0.86,0.86,0.86,0.86,0.86,0.86,0.86,0.86,0.86,0.86,0.84,0.86,0.84,0.86,0.86,0.86,0.86,0.86,0.86,0.86,0.86,0.86,0.85,0.78,0.86,0.86,0.86,0.86,0.86,0.86,0.86,0.86,0.86,0.84,0.86,0.86,-1.04,0.86,0.86,0.86,0.85,0.83,0.86,0.86,0.86,0.86,0.86,0.86,0.86,0.86,0.86,0.86,0.86,0.86,0.86,-1.06,0.84,0.73,0.84,0.86,0.86,0.86,0.86,-1.14,0.86,0.86,0.86,0.86,0.86,0.86,0.86,0.86,0.86,0.84,0.86,0.86,0.86,0.84,0.85,0.86,0.84,0.86,0.86,0.86,0.85,0.86,0.81,0.86,0.86,0.86,0.86,-1.02,0.84,0.86,-1.04,0.86,0.85,0.83,0.84,0.85,0.86,0.86,0.86,0.86,0.76,0.86,0.86,0.86,0.86,0.86,0.86,0.86,0.86,0.86,0.86,0.86,-1.05,0.86,0.86,0.85,0.86,0.86,0.86,0.85,0.86,0.86,0.77,0.86,0.86,0.8,0.85,-1.13,0.86,0.83,0.86,0.86,0.86,0.83,0.86,0.86,0.86,0.86,0.86,0.86,0.86,0.86,0.86,0.86,0.86,0.86,0.86,0.86,0.86,0.86,0.86,0.86,0.86,0.86,0.85,0.86,0.85,0.86,0.86,0.86,0.86,0.82,0.86,0.84,0.85,0.86,-1.06,0.85,0.86,0.84,0.86,0.86,0.86,0.86,0.86,0.86,0.86,0.85,0.86,0.86,0.86,0.86,0.86,0.85,0.86,-1.0,0.86,0.86,0.86,-1.09,0.84,0.86,0.86,0.86,0.86,0.86,0.86,0.86,0.86,0.86,0.86,0.86,0.85,0.86,0.86,0.86,0.86,0.85,0.84,0.86,0.85,0.86,0.86,0.86,0.86,0.86,0.86,0.86,-1.09,0.85,0.86,0.86,0.86,0.86,-1.13,0.86,0.84,0.84,0.86,0.86,0.86,0.86,-1.14,0.86,0.86,0.86,0.86,-1.1,0.86,0.86,0.86,-1.01,0.86,0.86,0.86,0.86,0.84,0.83,0.86,0.86,0.85,0.86,0.86,0.86,0.86,0.86,0.86,0.86,0.84,0.79,0.86,0.86,-1.03,0.86,0.86,0.85,0.86,0.86,0.86,0.86,0.86,0.78,0.86,-1.01,0.85,-1.0,0.84,0.86,0.86,0.86,0.86,0.78,0.83,0.86,0.86,-1.01,0.86,0.86,0.86,0.83,0.86,0.84,0.83,0.86,0.86,0.86,0.86,0.86,0.75,-1.09,0.86,0.86,0.86,0.86,0.86,0.86,0.86,0.86,-1.06,0.83,0.86,0.86,0.86,0.84,0.86,0.86,0.86,0.86,0.86,0.84,0.86,0.75,-1.06,0.86,0.86,0.86,0.86,0.86,0.86,0.86,0.86,0.85,0.86,0.86,0.81,0.82,0.86,0.86,0.86,0.86,0.86,0.86,0.86,0.86,0.85,-1.12,0.85,0.86,0.86,0.86,0.86,0.86,-1.03,0.86,-1.03,0.86,0.86,0.86,0.85,0.86,0.85,0.86,0.79,0.86,-1.0,0.86,0.86,0.86,0.86,0.86,0.86,-1.06,0.84,0.86,0.86,0.84,0.85,0.86,0.86,0.86,0.86,0.86,0.86,0.86,0.84,0.86,0.86,0.86,0.86,0.86,0.86,0.86,0.85,0.86,0.83,0.86,0.86,0.86,0.86,0.86,0.86,0.85,0.86,0.86,0.86,0.86,0.86,0.86,0.86,0.84,0.86,0.84,0.86,0.86,0.86,0.86,0.86,0.86,0.86,0.86,0.86,-1.12,0.86,0.85,0.86,0.85,0.86,0.86,0.86,-1.07,0.86,0.86,0.86,0.86,0.86,0.86,-1.12,0.85,0.86,0.86,0.84,0.86,0.86,0.86,0.86,0.86,0.86,0.86,0.86,0.86,0.84,0.85,0.86,0.86,0.86,0.65,0.86,0.86,0.86,0.85,0.86,0.84,0.86,0.8,-1.02,0.86,0.81,0.86,0.86,0.86,0.86,0.86,0.86,0.82,0.86,0.83,0.86,0.86,0.86,0.86,0.86,0.86,0.86,0.86,0.86,0.86,0.86,0.83,0.86,-1.13,-1.08,0.84,0.86,0.86,0.86,0.86,0.86,0.86,0.86,0.86,0.86,0.86,0.86,0.86,0.86,0.86,0.86,0.86,0.86,0.86,0.86,0.86,0.86,0.86,0.86,0.86,0.86,0.86,0.86,0.86,0.85,0.86,0.86,0.86,0.86,0.86,0.86,0.86,0.86,0.86,0.86,0.86,0.82,-1.03,0.86,0.86,-1.08,0.85,0.86,0.85,0.86,0.86,0.84,0.86,0.86,0.84,0.86,0.86,0.67,-1.19,0.86,0.79,0.83,0.86,0.86,0.86,-1.09,0.86,-1.06,0.86,0.86,0.83,0.86,0.85,0.86,0.84,0.85,0.85,0.85,0.74,0.86,0.86,0.86,0.86,0.86,0.86,0.86,0.86,0.86,0.86,0.84,0.86,0.86,0.85,0.86,0.85,0.86,0.86,0.84,0.86,0.85,0.85,0.85,-1.06,0.84,0.83,0.86,0.86,0.86,0.86,0.86,0.85,0.84,0.86,0.86,0.86,0.86,0.86,0.85,0.66,0.86,0.86,0.85,0.86,0.86,0.86,0.86,0.86,0.86,0.85,0.84,0.86,0.84,0.84,0.86,0.86,0.86,0.76,0.86,0.86,0.72,0.84,-1.13,0.86,0.86,0.86,0.86,0.85,0.85,-1.09,0.86,0.86,0.86,0.86,0.86,0.85,0.86,0.86,0.86,0.84,0.86,0.86,0.84,0.86,0.86,0.85,0.86,0.84,0.86,0.85,0.86,0.84,0.76,0.85,0.86,0.86,0.86,0.75,0.86,0.86,0.86,0.86,0.85,0.86,0.86,0.84,0.85,0.86,0.86,0.86,0.75,0.86,0.86,0.86,0.86,0.86,0.75,0.85,0.86,0.86,0.86,0.86,0.86,0.86,0.86,0.85,0.86,0.75,-1.05,-1.1,0.86,0.85,-1.12,0.86,-1.04,0.86,0.86,-1.05,0.85,0.86,0.85,0.85,0.85,0.84,0.86,0.86,0.85,0.86,0.86,0.86,0.76,0.86,0.86,0.83,0.86,0.86,0.86,0.85,0.86,0.86,0.84,0.86,0.86,0.81,0.86,0.86,0.78,0.84,0.86,0.84,0.85,0.85,0.86,0.86,0.86,0.86,0.86,0.85,0.86,0.86,0.86,0.86,0.86,0.85,0.86,0.86,-1.03,0.86,0.86,0.86,0.86,0.86,0.86,0.86,0.84,0.86,0.86,0.86,0.84,0.86,0.86,0.86,0.86,0.86,0.86,0.86,0.86,0.86,0.86,0.86,0.86,0.86,-1.09,0.86,0.86,0.85,0.86,0.85,0.86,0.83,0.85,0.86,0.85,0.86,0.86,0.86,0.86,0.86,0.85,0.86,0.73,0.86,0.86,0.86,0.86,0.86,0.86,0.86,0.86,0.86,0.86,0.83,0.86,0.86,0.86,0.84,0.84,0.86,0.86,0.86,0.86,0.85,0.86,0.84,0.86,0.83,0.85,0.86,0.86,0.86,0.85,0.85,0.86,0.86,-1.04,0.86,0.82,0.86,0.83,0.86,0.83,0.86,-1.01,0.86,0.85,0.86,0.86,0.85,0.85,0.86,0.86,-1.11,0.86,0.86,0.86,0.86,0.86,0.86,0.86,0.85,0.86,0.85,0.86,0.86,0.86,0.86,0.86,0.85,-1.08,0.86,0.85,0.8,0.86,0.86,0.86,0.86,0.86,0.76,0.86,0.86,0.86,0.86,0.86,0.86,0.85,0.86,0.84,0.84,0.84,0.86,0.84,0.86,0.86,0.86,0.86,0.85,0.86,0.86,0.86,0.86,0.85,0.86,0.86,0.84,0.86,0.86,0.86,0.83,0.86,0.86,0.86,0.86,0.86,0.86,0.86,0.86,0.86,0.86,0.86,0.86,0.86,0.84,0.85,0.86,0.86,0.86,0.86,0.85,0.86,0.86,0.86,0.83,0.86,0.86,0.86,0.86,-1.07,0.85,0.84,0.86,0.86,0.86,0.86,0.86,0.86,0.86,0.86,0.86,0.85,0.86,0.85,0.86,0.86,0.86,0.86,0.86,0.86,0.86,0.86,0.86,0.86,0.86,0.86,0.85,0.86,0.86,-1.01,0.84,0.86,0.86,0.86,0.86,0.85,0.86,0.86,0.84,0.86,0.86,0.86,0.86,0.86,0.86,0.86,0.86,0.86,0.86,0.86,0.86,0.84,0.86,0.86,0.85,0.86,0.85,0.85,0.86,0.85,0.86,0.86,0.86,0.86,0.86,0.86,0.86,0.86,-1.14,0.86,0.85,0.86,0.86,0.86,0.86,0.86,0.86,0.86,0.86,0.86,0.86,0.86,0.86,0.86,0.86,0.86,0.86,0.84,0.86,0.86,0.85,-1.06,0.86,0.86,0.86,0.81,0.86,0.86,0.86,0.85,0.86,0.69,0.86,0.85,0.85,0.85,0.86,0.86,0.85,0.86,0.86,0.86,0.75,0.86,0.86,0.83,0.86,0.86,0.85,0.85,0.86,0.86,0.86,0.85,0.86,0.86,0.84,0.85,0.85,0.86,0.86,-1.18,0.86,0.86,0.86,0.86,0.86,-1.02,0.86,0.86,0.86,0.86,0.86,0.86,0.85,0.86,0.83,0.86,0.86,0.86,0.86,0.85,0.86,0.84,0.86,0.84,0.85,0.86,0.86,0.86,0.72,0.86,0.86,0.86,0.86,0.86,0.86,0.86,0.82,0.86,-1.07,0.86,0.86,0.86,0.86,0.84,0.86,0.86,0.86,0.86,0.86,0.84,0.86,0.71,-1.01,0.85,0.86,0.86,0.86,0.8,0.86,0.86,0.86,0.86,0.84,0.86,0.86,0.86,0.81,0.86,0.86,0.84,0.86,0.78,0.86,0.86,0.84,0.86,0.86,0.86,0.86,0.85,0.86,0.86,0.85,0.86,0.86,0.86,0.84,0.85,0.86,0.86,0.86,0.86,-1.03,0.72,0.86,0.86,0.85,0.83,0.86,0.86,0.86,0.86,0.86,0.86,0.86,0.84,0.86,0.86,0.86,0.86,0.86,0.84,0.86,0.86,0.86,-1.01,0.86,0.86,0.86,0.82,0.86,0.86,0.85,0.86,0.86,0.86,0.86,0.86,0.82,-1.08,0.85,0.86,0.84,0.86,0.86,0.86,0.86,0.86,0.86,0.84,0.86,0.86,0.86,0.86,0.86,0.86,0.86,-1.03,0.83,0.86,0.86,0.86,0.85,0.86,0.86,0.86,0.86,0.86,0.86,0.86,0.86,0.86,-1.12,-1.26,0.8,0.86,0.84,0.86,0.86,0.85,0.86,0.86,0.86,0.86,0.86,0.86,0.86,0.86,0.86,0.86,0.86,0.85,0.86,0.86,0.86,0.86,0.83,0.86,0.86,0.86,0.86,0.84,-1.04,0.86,0.86,0.82,0.86,0.86,0.75,0.86,0.86,0.86,0.86,0.86,0.84,0.85,0.86,0.86,0.86,0.86,0.86,-1.13,0.86,0.86,0.86,0.86,-1.1,0.85,0.85,0.85,0.86,0.86,0.86,0.86,0.86,0.85,0.85,0.86,0.86,0.86,0.86,0.86,0.86,0.86,0.86,0.86,0.86,0.86,0.86,0.86,0.86,0.85,0.86,0.84,0.86,0.86,0.86,0.86,0.86,0.86,0.85,0.84,-1.12,0.86,0.86,0.86,0.71,0.86,0.86,0.86,0.86,0.86,0.86,0.86,0.86,0.86,0.86,0.86,0.86,0.86,0.86,0.86,0.86,-1.13,0.84,0.86,0.86,0.85,0.86,0.86,0.85,0.86,0.86,0.85,0.86,0.86,0.86,0.86,0.86,0.86,0.86,0.86,0.86,0.86,0.84,0.86,0.86,0.86,0.86,0.84,0.85,0.86,0.85,0.84,0.86,0.86,0.86,0.86,0.86,0.86,0.86,-1.1,0.86,-1.14,0.86,0.86,0.86,0.86,0.86,0.85,-1.02,0.86,-1.12,0.86,0.86,-1.11,0.86,0.81,0.84,0.81,0.86,0.86,0.85,0.86,0.86,0.86,0.86,0.86,-1.02,0.84,0.86,0.86,0.86,0.84,0.86,0.86,0.86,0.86,0.86,0.86,0.86,0.86,0.85,0.86,0.75,0.86,-1.04,0.86,0.86,0.86,0.86,-1.08,0.86,0.81,0.86,0.86,0.86,0.86,0.86,0.86,0.85,0.86,0.85,-1.07,0.86,0.86,0.86,0.86,0.84,0.86,0.86,0.82,0.86,0.86,0.84,0.86,0.86,0.86,0.86,0.84,0.86,0.84,0.86,0.86,0.86,0.84,0.86,-1.02,0.7,0.86,0.86,0.86,0.85,0.86,0.86,0.71,0.84,0.86,0.73,0.86,0.86,0.86,0.86,0.75,0.86,0.86,0.86,-1.03,-1.1,0.84,-1.02,0.86,0.86,-1.01,-1.05,0.86,0.86,0.84,0.86,0.86,0.86,0.86,0.86,0.86,0.86,0.86,0.86,0.86,0.86,0.84,-1.0,0.86,0.86,0.71,0.86,0.86,0.83,0.74,0.86,-1.13,0.86,0.85,-1.13,0.86,0.85,0.84,0.84,0.86,0.86,0.86,0.84,0.86,0.86,0.86,0.86,0.86,0.82,0.86,0.85,0.86,0.86,0.86,0.85,0.86,0.86,0.86,-1.03,0.85,0.86,0.86,0.84,0.86,0.86,0.86,0.86,0.86,-1.0,0.86,0.86,0.86,0.86,0.86,0.86,0.84,0.86,0.86,0.86,0.86,0.84,0.86,0.86,0.86,0.86,0.86,0.86,0.86,0.86,0.86,0.86,0.86,0.86,0.85,0.86,0.86,0.86,0.85,0.85,0.86,0.86,0.86,0.86,0.86,-1.15,0.85,0.86,0.86,0.86,0.86,0.86,0.86,0.86,0.86,0.72,-1.02,0.85,0.86,0.86,0.86,-1.03,0.86,0.86,0.86,-1.01,0.84,0.86,0.86,0.86,0.86,0.86,-1.03,-1.04,0.85,0.86,0.84,0.86,0.84,0.85,0.86,0.86,0.86,0.86,0.86,0.84,0.86,0.86,0.85,0.84,0.86,0.86,0.86,0.86,0.86,-1.0,0.86,0.86,-1.14,0.86,0.86,0.86,0.86,0.86,0.86,0.85,0.86,0.86,0.84,0.86,0.85,-1.06,0.86,0.86,0.86,0.86,0.86,0.86,-1.13,0.86,0.86,0.86,0.86,0.86,0.86,0.85,-1.04,0.86,0.86,0.86,0.83,0.86,0.86,-1.04,0.86,0.86,0.86,-1.15,0.86,0.86,0.86,0.86,0.86,0.86,0.86,0.86,0.86,0.86,0.86,0.86,0.86,0.86,-1.02,0.86,0.85,0.84,0.85,0.86,0.86,0.86,0.86,0.86,0.86,0.86,-1.04,0.86,0.84,0.84,0.86,0.86,-1.04,0.84,0.85,0.86,0.86,0.86,0.86,0.86,0.86,-1.03,0.86,0.86,0.85,0.84,0.86,0.86,0.86,0.86,0.86,0.86,0.86,0.86,0.86,0.86,0.84,0.86,0.86,0.86,0.86,0.86,0.85,0.86,0.85,0.86,0.86,0.86,0.86,0.86,-1.07,0.86,-1.06,0.83,0.86,0.85,0.84,0.86,0.86,0.86,0.86,0.85,0.86,0.86,0.86,0.86,0.86,0.83,0.86,0.86,-1.03,0.86,0.86,0.86,0.84,0.84,0.86,-1.13,0.86,0.86,-1.08,0.85,0.84,-1.06,0.86,0.86,0.86,0.86,0.85,0.86,0.86,0.86,-1.12,0.86,0.86,0.86,0.86,0.86,0.86,-1.05,0.85,0.84,0.86,0.86,0.85,0.86,0.86,0.86,0.86,0.86,0.86,0.86,0.86,0.86,0.86,0.86,-1.13,0.84,0.86,0.86,0.86,0.86,0.86,0.86,0.86,0.86,0.86,-1.09,0.86,0.86,0.85,0.74,0.86
0.67,-1.02,-1.03,-1.17,-1.11,-1.37,-1.26,-1.03,-1.04,-1.06,0.83,0.85,-1.06,0.86,0.59,-1.0,-1.03,0.8,-1.01,0.81,-1.2,-1.12,0.34,-1.19,0.74,0.86,0.81,-1.07,0.67,0.77,0.86,0.86,0.74,0.81,0.86,0.74,0.8,0.7,0.79,0.82,0.8,0.86,0.83,0.79,0.86,0.86,-1.14,0.82,0.86,0.8,0.86,0.86,0.84,0.84,0.86,0.86,0.85,0.86,0.86,0.86,0.86,0.86,0.86,0.86,0.84,0.86,0.86,0.84,0.86,0.84,0.85,0.86,0.86,0.86,0.86,0.86,0.86,0.86,0.86,0.86,0.86,0.86,0.86,0.84,-1.12,0.84,0.74,0.86,-1.01,0.86,0.86,0.86,0.86,0.86,0.86,0.86,0.86,0.85,0.86,0.86,0.86,0.86,0.86,0.86,0.75,0.86,0.86,0.86,0.86,0.86,0.86,0.86,-1.08,0.86,0.86,0.85,0.86,0.86,0.86,0.86,0.86,0.86,0.86,0.85,0.86,0.86,-1.03,0.85,0.85,0.86,0.86,0.86,0.85,0.86,0.85,0.86,0.86,0.86,0.86,0.85,0.85,0.86,0.86,0.86,0.74,0.86,0.72,0.75,0.86,0.86,0.86,0.85,0.86,0.86,0.86,0.86,0.86,0.86,0.86,0.86,0.86,0.86,0.86,0.86,0.86,0.71,0.86,0.86,0.86,0.86,0.85,0.86,0.85,0.85,0.86,0.86,0.86,0.86,0.86,-1.03,0.82,0.86,-1.05,-1.03,0.86,0.86,0.84,0.86,0.84,0.86,0.86,0.86,0.86,0.86,0.86,0.86,0.84,0.86,0.86,0.75,0.86,0.86,0.86,0.86,0.86,0.86,0.86,0.85,0.86,0.86,0.86,0.86,0.86,0.86,0.86,0.86,0.86,0.86,0.86,0.86,0.86,-1.04,0.85,0.86,0.86,0.86,0.86,0.86,0.84,0.86,0.86,0.86,0.86,0.86,0.86,0.86,0.86,0.86,0.86,0.84,0.86,0.86,0.86,0.86,0.86,0.86,-1.05,0.85,-1.01,0.86,0.86,0.86,0.86,0.86,0.85,0.86,0.83,0.86,0.86,0.86,-1.02,0.85,0.85,0.84,0.86,0.86,-1.1,0.86,0.86,0.86,0.86,0.86,0.84,0.86,0.81,0.86,0.86,0.59,0.85,0.8,0.86,0.86,0.86,0.84,0.86,0.84,0.77,0.86,0.86,0.85,0.85,0.86,0.77,0.86,0.86,0.86,0.85,0.85,0.86,0.86,0.86,0.86,0.86,0.85,0.86,0.86,-1.13,0.85,0.86,0.86,0.86,0.84,0.86,0.86,0.86,0.86,0.86,0.86,0.86,0.86,0.86,0.86,0.85,0.86,0.85,0.86,0.86,0.86,0.86,0.84,0.85,0.83,0.86,0.86,0.86,-1.07,0.84,0.83,0.86,0.86,0.86,0.86,0.86,0.85,0.84,0.86,0.86,0.86,0.86,0.86,0.86,0.86,0.86,0.86,0.86,0.86,0.85,0.86,0.86,0.85,0.86,0.86,0.86,0.86,0.86,0.86,0.86,-1.05,0.86,0.84,0.86,0.86,0.83,0.86,0.84,0.86,0.86,-1.21,0.86,0.86,0.84,0.85,0.86,0.86,0.86,0.86,0.86,0.86,0.86,0.86,0.83,0.86,0.86,0.86,0.85,0.86,0.86,0.85,0.86,0.86,0.83,0.86,-1.04,0.86,0.84,0.84,0.83,0.86,0.86,0.85,0.86,0.86,0.85,0.86,0.85,0.85,0.86,-1.0,0.86,-1.03,0.86,0.86,0.86,0.86,0.84,0.86,0.86,0.86,0.86,0.86,0.84,0.86,0.72,0.85,0.86,0.86,0.86,0.86,-1.03,-1.13,0.85,0.84,0.84,0.86,0.85,-1.01,0.86,0.86,0.86,0.86,0.86,0.86,-1.12,0.86,0.86,0.86,0.77,0.86,0.85,0.86,0.86,0.86,0.84,0.86,0.86,0.85,0.86,0.86,0.86,0.86,-1.05,0.86,0.86,0.85,0.86,0.86,0.86,0.86,0.86,0.79,0.86,0.86,0.86,0.86,0.84,-1.04,0.86,-1.01,0.84,0.71,0.85,0.86,-1.08,0.86,-1.11,0.86,-1.14,-1.02,0.85,0.86,0.86,-1.13,0.86,0.85,0.85,0.86,0.86,0.84,0.71,0.86,0.86,0.86,0.86,0.86,0.86,0.86,0.86,0.8,0.86,0.86,0.86,-1.09,0.84,0.86,0.86,0.86,0.86,0.86,0.86,0.86,0.86,0.86,0.85,0.86,0.86,0.86,0.86,0.86,0.86,0.86,0.86,0.86,0.86,0.86,-1.05,0.86,0.83,0.86,0.86,0.84,0.85,0.84,0.85,0.86,0.85,-1.03,0.82,0.85,0.86,0.86,0.85,0.85,0.72,0.86,0.86,-1.05,0.76,0.86,0.86,0.85,0.86,0.86,0.86,0.85,0.86,-1.13,0.86,0.86,-1.13,0.84,0.86,0.86,0.85,0.85,0.86,0.86,0.86,0.82,0.86,0.86,-1.09,0.86,0.86,-1.12,0.86,0.86,0.86,0.86,0.86,0.85,0.86,-1.01,0.84,0.85,0.86,0.86,0.86,0.86,0.86,0.7,0.85,0.86,0.86,0.86,0.86,0.83,0.86,0.86,0.84,0.86,0.86,0.86,0.86,0.86,0.6,0.86,0.86,0.86,0.86,0.86,0.85,0.86,0.77,0.85,0.84,0.86,0.84,0.86,0.86,0.85,0.86,0.86,0.86,0.86,0.86,0.86,-1.03,0.86,0.86,0.86,0.86,0.84,0.86,0.85,0.85,0.84,0.86,0.83,0.85,0.86,0.81,0.85,0.86,0.86,0.86,0.86,0.86,0.86,0.72,-1.05,0.86,0.86,0.86,-1.02,0.86,0.86,0.86,0.86,0.86,0.86,0.86,0.86,0.86,0.83,0.86,0.84,0.85,-1.07,0.84,0.86,0.86,0.86,0.86,0.79,0.86,0.86,0.86,0.86,0.86,0.84,0.74,0.86,0.85,0.86,0.86,0.86,0.86,0.86,0.86,0.85,0.86,0.86,0.86,-1.09,0.86,0.86,0.86,0.86,0.86,0.84,0.86,0.86,0.86,0.84,-1.03,-1.0,0.86,0.86,0.83,0.86,0.86,0.86,0.86,0.86,0.86,0.86,0.86,0.86,-1.07,0.84,0.85,0.85,0.78,0.86,0.86,0.85,0.86,0.86,0.86,0.86,0.86,-1.1,0.86,0.86,-1.02,-1.12,0.86,0.84,0.86,0.86,0.86,0.86,0.86,0.86,0.86,-1.03,0.86,0.86,0.86,0.86,0.86,0.79,0.86,-1.0,0.86,0.86,0.86,0.86,0.86,0.86,0.86,0.86,0.86,0.86,0.86,0.86,0.86,0.86,0.86,0.76,0.86,0.86,0.83,0.86,0.86,0.86,0.85,0.71,-1.13,0.86,0.78,0.86,0.86,0.86,0.86,0.86,0.86,0.71,0.86,0.85,0.86,0.86,0.85,0.86,0.85,0.86,0.86,0.86,0.85,0.86,0.81,0.86,-1.13,0.86,0.86,0.86,-1.05,-1.1,0.84,0.86,0.86,0.86,0.86,0.86,0.72,0.86,0.86,0.86,0.86,-1.05,0.86,0.86,0.86,0.85,0.86,0.86,0.86,0.86,0.86,0.86,0.86,0.86,0.84,0.85,0.74,0.84,0.86,0.83,0.86,0.84,0.86,-1.09,0.86,0.86,0.86,0.85,-1.07,0.83,0.86,0.86,0.86,0.86,-1.05,0.86,0.86,-1.02,0.86,0.86,0.86,0.86,0.86,0.86,0.72,0.85,0.86,0.85,-1.03,0.86,0.86,0.84,0.86,0.84,0.84,0.86,-1.08,0.86,0.82,-1.09,0.86,0.86,0.84,0.81,0.86,0.86,0.86,0.86,0.84,0.84,0.86,0.86,0.84,-1.03,0.85,0.86,0.86,0.85,0.86,0.86,0.86,0.86,-1.04,0.86,0.86,0.86,0.86,0.86,0.86,-1.08,0.84,0.86,0.86,0.86,0.85,0.86,0.83,0.86,0.86,0.86,0.86,0.82,0.81,0.86,0.86,0.86,0.86,0.86,0.86,0.86,0.86,0.86,0.86,0.86,0.86,0.86,0.86,0.86,0.86,-1.1,0.85,0.86,0.86,0.86,0.86,0.85,0.86,0.86,0.86,0.86,0.86,0.86,0.86,0.84,0.86,0.86,-1.03,0.86,0.86,0.86,0.86,0.86,0.86,0.86,0.86,0.86,0.84,0.86,0.86,0.86,0.84,0.86,0.86,0.86,0.86,0.86,0.86,0.86,0.73,0.86,0.86,0.83,0.85,0.86,0.86,0.86,0.86,0.86,0.86,0.86,0.86,0.84,0.86,0.86,0.86,0.85,0.84,0.86,0.84,0.86,0.86,0.86,-1.12,0.86,-1.1,0.85,0.86,0.85,0.74,0.86,-1.09,0.86,0.86,0.86,0.85,0.86,0.86,0.86,0.86,0.86,0.85,-1.04,0.86,0.84,-1.02,0.86,0.86,0.86,0.85,0.86,0.86,0.83,0.86,0.85,0.86,0.84,0.86,0.86,0.86,0.86,0.86,0.86,0.86,0.86,0.86,0.86,0.86,0.86,0.86,0.86,0.86,0.71,0.86,0.86,0.86,0.84,0.86,0.86,0.86,0.86,0.84,0.86,0.84,0.86,0.86,0.85,0.86,0.86,0.86,0.79,0.86,0.84,-1.04,0.86,0.86,0.84,0.86,0.86,0.85,0.86,0.86,0.86,0.86,0.85,0.86,0.86,0.86,0.86,0.86,0.84,0.85,0.86,-1.08,0.84,0.86,0.84,0.86,0.85,0.86,-1.15,0.86,0.86,0.86,0.86,0.86,0.86,0.83,0.85,0.85,0.86,0.86,0.86,0.86,0.86,0.86,0.86,0.86,0.86,0.86,0.86,-1.13,0.86,0.79,0.82,0.86,0.86,0.86,-1.05,0.86,0.86,0.72,0.86,-1.03,0.79,0.85,0.85,0.82,0.86,0.86,0.84,0.86,0.86,0.86,0.86,0.86,0.86,0.86,0.85,0.86,0.86,-1.0,0.86,0.83,0.84,0.86,0.86,0.85,0.85,0.86,0.86,0.86,0.86,0.86,-1.12,0.85,0.86,0.86,-1.06,0.86,-1.03,0.85,0.86,-1.12,-1.13,0.86,0.86,0.86,0.85,0.86,-1.09,-1.0,0.86,0.85,0.86,0.86,-1.08,0.86,0.86,0.86,0.86,0.85,0.86,-1.04,0.86,0.86,0.86,0.86,0.8,0.86,0.83,0.86,0.86,0.86,0.86,0.86,0.86,0.86,0.86,0.86,0.86,0.86,0.86,0.86,0.86,0.84,-1.02,0.86,0.86,0.86,0.86,0.86,0.86,0.86,0.86,0.86,0.86,0.86,0.86,0.86,0.82,0.86,0.85,0.86,0.86,0.86,0.86,0.86,0.86,0.84,0.86,0.84,0.86,0.83,0.86,0.86,0.86,-1.13,0.86,-1.02,0.86,0.73,0.86,0.86,0.86,0.86,-1.11,0.85,0.85,0.86,0.86,0.86,0.86,0.86,0.86,0.84,0.85,0.84,-1.07,0.85,0.86,0.85,0.86,0.86,0.86,0.86,0.86,0.86,0.85,0.86,0.86,0.86,-1.12,0.86,0.85,0.86,0.86,0.86,0.86,-1.07,0.86,0.85,0.86,0.86,0.86,-1.02,-1.13,0.86,0.86,0.86,0.86,-1.01,0.85,0.84,0.86,0.86,0.86,0.85,0.86,0.86,0.86,0.85,0.84,0.86,-1.07,0.86,-1.09,0.86,0.86,0.86,0.86,0.84,0.86,0.86,0.86,0.86,0.86,0.84,0.86,0.86,0.83,0.86,0.86,0.86,0.86,0.86,0.86,0.85,0.86,0.86,0.76,0.86,0.86,0.86,0.86,0.85,0.86,0.86,0.61,0.86,0.86,0.86,0.86,0.85,0.84,0.86,0.86,0.86,0.86,-1.11,0.85,0.86,0.86,0.86,0.86,0.86,-1.26,0.85,0.86,0.86,0.84,0.86,0.7,0.86,-1.02,0.7,-1.12,0.83,0.84,0.86,0.86,0.86,0.73,0.84,0.82,0.86,0.85,0.86,0.86,0.85,0.86,0.86,0.85,0.86,0.86,0.85,0.86,0.86,0.86,0.86,0.86,-1.09,0.85,0.86,0.86,0.86,0.86,-1.05,0.86,0.86,-1.03,0.86,-1.12,0.85,0.86,0.86,0.84,0.79,0.86,0.83,0.86,0.86,0.86,0.86,0.86,0.86,0.86,0.81,0.86,0.86,0.86,0.86,0.84,0.85,0.86,0.86,0.86,0.86,0.86,0.86,0.84,0.83,0.84,0.86,0.86,0.86,0.86,0.86,0.86,0.86,0.85,0.86,0.86,0.85,0.85,0.86,0.86,0.86,0.86,0.86,0.86,0.86,0.86,0.86,0.86,0.86,0.85,0.86,0.86,0.86,0.86,0.84,0.86,0.86,0.85,0.86,0.86,0.86,0.76,0.86,0.86,0.86,0.86,0.86,0.86,0.86,0.85,0.86,0.86,0.86,0.83,0.86,0.86,0.86,-1.02,0.86,0.86,0.86,0.86,0.86,0.86,0.81,0.86,0.86,0.86,0.86,0.86,0.84,0.85,0.86,0.86,0.85,0.86,0.86,0.86,0.86,0.86,0.86,0.84,-1.13,0.86,0.85,0.84,0.86,0.83,0.84,0.85,0.86,0.85,0.84,0.86,0.86,0.86,0.86,0.86,0.85,0.86,0.85,0.79,0.86,0.86,0.84,0.86,0.86,0.86,0.86,0.86,0.86,0.86,0.82,0.83,0.78,0.86,0.86,0.86,0.86,0.78,0.86,0.86,0.86,0.86,0.86,0.86,0.86,0.86,0.86,0.85,0.86,0.86,0.86,0.86,0.86,0.86,0.85,0.86,0.86,0.86,0.86,0.86,0.86,0.86,0.86,0.84,0.84,0.86,0.86,0.86,0.86,0.86,0.86,0.84,-1.02,-1.1,0.86,0.86,0.86,0.84,0.86,0.86,0.84,0.86,0.86,0.86,0.83,0.86,0.86,0.84,0.86,0.86,0.86,0.86,0.86,0.86,0.85,0.85,0.81,0.86,0.76,0.84,0.86,0.84,0.86,0.86,0.86,0.85,0.83,0.86,0.86,0.86,0.86,0.86,0.86,0.86,0.86,0.86,0.86,0.86,0.86,0.86,0.85,0.86,0.86,0.86,0.86,0.86,0.86,0.86,0.86,0.86,0.85,0.86,0.86,0.84,0.86,0.86,0.86,0.86,0.84,0.86,0.85,0.85,0.85,0.86,0.86,0.86,0.86,0.86,0.86,0.83,0.86,0.86,-1.0,0.86,0.86,0.86,0.86,0.86,0.86,0.86,0.77,-1.12,0.86,0.86,0.86,0.86,0.86,0.86,0.79,0.86,0.83,0.85,0.86,0.85,0.86,0.86,-1.11,0.84,0.86,0.86,0.86,0.86,0.86,0.86,0.72,0.86,0.86,0.86,0.85,0.86,0.86,0.86,0.86,0.86,0.85,0.86,0.86,0.86,0.85,0.86,0.86,0.86,0.86,0.86,0.85,0.85,0.86,0.86,0.86,0.86,0.86,0.83,0.86,0.84,0.78,0.86,0.85,0.86,0.85,0.86,0.86,0.74,0.85,0.86,0.86,0.86,0.86,0.78,0.86,0.86,0.86,0.85,0.86,0.86,0.86,0.86,-1.12,0.86,-1.03,0.86,0.86,-1.02,0.86,0.85,0.86,0.85,0.86,0.85,0.86,0.86,0.86,0.86,0.86,0.8,0.86,0.86,0.86,0.86,0.86,0.86,0.86,0.86,0.86,0.86,0.86,0.83,0.84,-1.1,0.86,0.86,0.76,0.81,0.86,0.86,0.86,0.86,-1.14,0.84,0.86,0.86,0.86,0.86,0.85,-1.08,-1.05,0.85,0.85,0.71,0.72,0.86,-1.02,0.86,0.86,0.77,0.86,0.84,0.86,0.84,0.85,0.86,0.86,0.85,0.85,0.86,-1.11,0.85,0.84,0.84,-1.02,0.85,0.86,0.86,0.86,0.85,-1.12,0.85,0.86,0.86,0.86,0.86,-1.19,0.86,0.84,0.78,0.86,0.85,0.85,0.84,0.84,0.86,0.85,0.86,0.86,0.86,-1.03,0.86,0.83,0.86,0.86,0.86,0.86,0.86,0.86,0.85,0.86,0.86,0.85,0.86,0.86,0.86,0.85,0.86,0.86,0.86,0.83,0.86,0.85,0.86,0.75,0.86,0.73,0.85,0.84,0.85,0.83,0.86,0.83,0.86,0.86,0.86,0.83,0.86,0.86,0.86,0.86,0.82,-1.02,0.86,0.86,0.7,0.86,0.86,0.86,0.84,0.86,0.86,0.86,0.85,0.86,0.86,-1.02,0.86,0.86,0.86,0.86,0.86,0.86,0.86,-1.05,0.86,0.86,0.86,0.86,0.85,0.78,0.84,0.75,0.86,0.86,0.86,0.86,0.86,0.86,0.86,0.84,0.86,0.86,0.86,0.86,0.86,0.86,0.85,0.86,0.86,0.86,-1.03,0.86,0.86,0.85,0.86,0.86,0.86,0.86,0.84,0.86,0.86,0.83,0.86,0.86,0.86,0.86,0.86,0.85,-1.12,0.86,0.86,0.86,0.86,0.86,0.86,0.84,-1.1,0.86,0.84,0.86,0.84,0.86,0.86,0.86,0.86,0.86,0.86,0.86,-1.07,0.86,0.85,0.85,0.85,0.86,0.86,0.85,0.86,0.86,0.86,0.86,0.69,0.86,0.85,0.86,0.86,0.86,0.86,0.86,0.86,-1.02,0.86,0.86,0.86,0.86,0.86,0.86,0.86,0.86,0.86,0.86,-1.15,0.85,0.85,0.86,0.86,0.86,0.86,0.86,0.86,0.86,0.86,0.86,-1.1,0.86,0.71,0.86,0.86,0.86,0.86,0.85,0.86,0.86,-1.0,0.86,0.84,0.86,-1.02,0.86,0.85,0.85,0.86,0.86,0.86,0.86,-1.05,0.85,0.86,0.86,0.86,0.86,0.86,0.83,0.86,0.85,0.86,0.86,0.86,0.86,-1.07,0.85,0.84,0.86,0.86,0.86,-1.04,0.77,0.79,0.85,-1.07,0.86,0.86,0.85,0.86,0.85,0.85,0.85,0.86,0.86,0.86,0.86,0.86,0.84,0.86,0.84,0.86,0.86,0.86,0.86,0.86,0.86,0.86,-1.12,0.86,0.83,0.86,0.86,0.84,0.86,0.86,0.84,0.86,0.86,0.86,0.86,-1.06,-1.12,0.86,0.86,0.86,0.86,0.86,0.85,0.84,0.86,0.86,0.85,0.86,0.86,0.86,0.86,0.82,-1.05,0.83,0.86,0.86,0.86,0.86,0.86,0.86,0.86,0.86,0.86,0.84,0.86,0.83,0.86,0.86,0.86,0.86,0.86,0.83,0.86,0.86,-1.03,0.86,-1.01,0.85,0.86,0.85,0.84,0.86,0.86,-1.14,0.84,0.86,0.86,-1.14,0.86,0.86,0.82,-1.16,0.75,-1.15,0.83,0.86,0.86,0.85,0.85,0.84,0.86,0.86,0.86,0.86,0.86,0.85,0.86,0.86,0.85,0.86,0.86,0.86,0.86,0.86,0.85,0.86,0.86,0.86,0.86,0.84,0.85,0.86,0.86,0.85,-1.01,0.86,0.84,0.85,0.86,0.86,0.81,0.84,0.86,0.86,0.86,0.79,-1.05,0.86,0.86,-1.13,-1.02,0.85,0.86,0.86,0.85,0.86,0.86,0.86,0.86,0.86,0.84,0.86,0.86,0.86,0.86,-1.13,0.86,0.86,0.86,0.84,0.85,0.86,-1.06,0.84,-1.13,0.86,0.85,0.85,0.86,0.86,0.74,0.86,-1.13,0.86,0.85,0.84,0.85,0.86,0.86,0.86,0.86,0.86,0.86,0.86,0.83,0.86,0.82,0.86,0.86,0.86,-1.02,0.86,0.86,-1.12,0.85,0.78,0.86,0.86,0.86,0.86,0.86,0.86,0.85,0.86,0.86,0.86,0.84,-1.12,0.86,0.86,0.85,-1.02,0.84,0.83,0.86,-1.1,0.86,0.85,0.84,0.86,0.86,0.86,0.86,0.86,0.85,-1.14,0.85,0.84,0.86,0.85,0.86,0.86,0.85,0.85,0.86,0.86,0.86,0.85,0.85,0.86,0.84,0.86,0.86,0.84,0.86,0.86,-1.05,-1.04,0.86,0.86,0.86,0.83,0.86,0.86,0.86,0.86,-1.1,0.84,0.86,0.85,-1.12,0.86,0.86,0.83,0.85,0.86,0.86,0.86,0.86,0.85,0.86,0.86,0.86,0.85,0.85,0.86,0.86,0.82,0.86,0.84,0.86,0.86,0.86,0.85,0.86,0.86,0.86,0.86,0.86,0.86,0.86,0.85,0.86,0.8,0.86,0.86,0.86,0.86,0.86,-1.0,0.86,-1.02,0.84,0.86,0.84,0.86,0.86,0.86,0.86,0.86,0.86,0.86,0.86,0.86,0.86,0.86,0.84,0.86,0.85,0.86,0.83,0.86,0.86,0.86,-1.26,0.85,0.86,0.86,0.84,0.86,0.86,0.86,0.86,0.85,0.83,0.86,0.86,0.86,0.86,0.85,0.86,0.86,0.86,0.86,0.86,0.85,0.86,0.86,0.86,-1.09,0.86,0.86,0.86,0.86,0.86,0.86,0.86,0.86,0.86,0.86,0.86,0.86,0.86,0.86,0.86,0.86,0.86,0.86,-1.16,0.86,0.86,0.86,0.86,0.86,0.86,0.86,0.86,0.85,0.86,0.86,0.86,0.86,0.86,0.86,0.86,0.86,0.86,0.86,0.86,0.86,0.84,0.86,0.86,0.86,0.86,0.86,0.86,0.85,0.86,0.86,0.86,0.86,0.86,-1.12,0.86,0.86,0.86,0.86,0.86,0.86,0.84,0.86,0.86,0.84,0.86,0.85,0.71,0.85,0.86,0.85,0.86,0.86,0.86,0.86,0.86,0.86,0.86,0.86,0.86,0.85,0.86,0.84,0.82,0.86,0.86,0.86,0.86,0.86,0.85,0.85,0.86,0.86,0.86,0.86,0.84,0.85,0.86,0.85,0.85,0.85,0.86,0.86,0.86,0.86,0.86,0.86,0.86,0.86,0.86,0.86,0.86,0.86,-1.1,0.86,0.86,0.86,0.86,0.86,0.86,0.83,0.86,0.84,0.86,0.86,0.83,-1.02,0.86,0.86,0.86,0.86,0.86,0.86,0.85,0.86,0.86,0.84,0.78,0.86,0.83,0.86,0.86,0.86,0.86,0.86,0.86,-1.12,-1.11,0.85,0.86,0.85,0.86,0.84,0.86,0.86,0.86,0.78,0.86,0.86,0.86,0.86,0.86,0.86,0.86,0.86,0.86,0.86,0.84,0.86,0.86,0.86,0.86,0.86,0.86,0.85,0.86,0.72,0.86,-1.03,0.86,0.86,0.86,0.86,0.86,0.84,-1.12,0.86,0.86,0.86,0.86,0.86,0.84,0.86,0.86,0.86,0.85,0.86,0.86,0.86,0.86,0.77,0.71,0.86,0.86,-1.03,0.84,0.86,0.84,0.86,0.86,0.86,-1.13,0.86,0.81,0.81,0.86,0.86,0.78,0.86,0.86,0.86,0.85,0.85,0.86,0.86,0.86,0.86,0.86,0.86,0.85,0.84,0.86,0.86,0.84,0.86,0.86,0.86,-1.08,0.86,0.85,0.86,0.86,0.86,0.86,0.86,0.86,0.86,0.86,0.85,-1.07,0.7,0.85,0.85,0.86,0.84,0.86,0.86,0.86,0.86,0.86,0.86,0.86,0.86,0.86,0.86,0.84,0.86,0.86,0.81,-1.05,0.86,0.84,0.86,-1.14,0.65,0.86,0.86,0.84,0.86,0.86,0.86,0.69,0.82,0.86,0.86,-1.06,0.86,0.86,0.86,0.86,0.86,-1.12,-1.11,0.86,0.85,0.83,-1.12,-1.09,0.71,0.83,0.86,0.85,0.84,0.85,0.84,0.77,0.86,0.86,0.85,-1.08,0.84,0.85,0.86,0.84,-1.15,-1.0,0.85,0.85,0.85,0.86,0.86,0.86,0.85,0.86,0.86,0.85,0.86,0.86,-1.14,0.85,0.86,0.86,0.86,0.86,0.85,0.86,0.86,0.85,0.85,-1.05,0.86,0.86,0.86,0.85,0.86,0.86,0.86,0.85,0.86,0.86,-1.12,0.86,0.86,0.86,0.86,0.86,0.86,0.86,0.86,-1.03,0.86,0.86,0.86,0.86,0.86,-1.14,0.85,0.86,0.86,0.86,0.86,0.86,0.86,0.8,0.86,0.86,0.84,0.86,0.86,0.86,0.86,0.86,0.86,0.86,0.86,0.86,0.86,0.86,0.85,0.86,0.86,-1.14,0.86,0.86,0.86,0.86,0.85,0.85,0.86,0.85,0.86,0.86,0.86,0.72,0.86,0.73,0.81,0.73,0.85,0.86,0.86,-1.02,0.86,0.86,0.86,0.86,0.77,-1.02,0.73,-1.14,-1.11,0.84,0.86,0.86,0.86,0.85,0.86,0.86,0.86,0.86,-1.28,0.84,0.82,0.85,0.85,0.85,0.85,0.85,0.86,0.86,0.86,-1.02,0.71,0.84,0.86,0.83,0.86,0.85,0.86,0.85,0.86,0.86,0.86,0.86,0.86,0.86,0.86,0.85,0.86,0.86,0.86,0.86,-1.02,0.86,-1.13,0.86,0.86,0.86,0.86,0.85,0.85,0.85,0.86,0.72,0.86,0.86,0.86,0.84,0.85,0.86,0.86,0.85,0.86,0.86,0.86,0.86,0.84,0.86,0.86,0.86,0.85,0.86,0.84,0.86,0.86,0.84,0.86,0.86,0.86,0.86,0.86,0.85,0.71,0.84,0.85,0.86,0.86,0.77,0.86,0.85,0.86,0.86,0.86,0.84,0.86,0.86,0.86,0.86,0.86,-1.14,0.86,0.86,0.79,0.86,0.86,0.86,0.85,0.86,0.86,0.85,0.77,0.86,0.85,0.86,0.86,0.86,0.86,0.86,-1.03,0.86,0.86,-1.15,0.86,0.84,0.84,0.86,0.86,0.86,0.86,0.86,0.86,0.86,0.86,0.86,0.84,0.74,0.86,0.86,0.86,0.85,0.86
-1.14,-1.12,-1.17,0.81,0.74,-1.08,-1.16,-1.05,0.86,-1.01,0.85,-1.06,-1.11,0.82,-1.0,0.81,-1.12,0.47,0.8,-1.1,0.58,-1.03,0.82,0.81,0.83,-1.18,0.83,0.81,-1.03,0.78,0.8,-1.19,-1.11,0.81,-1.03,0.82,-1.15,0.84,0.86,-1.14,0.85,0.79,0.65,0.85,0.85,0.85,0.82,-1.11,0.76,0.86,0.82,0.83,0.86,0.86,0.85,0.86,0.7,0.85,0.86,0.86,0.86,0.86,0.86,0.86,0.86,0.85,0.86,0.81,0.86,0.86,0.86,0.86,0.86,0.86,-1.03,0.86,0.86,0.86,0.86,0.86,0.86,0.86,0.86,0.86,-1.01,0.85,0.86,0.86,0.86,-1.08,0.86,0.86,0.86,0.84,0.85,-1.07,0.86,0.85,0.86,0.79,0.84,0.86,0.86,-1.01,0.86,0.86,0.86,0.86,0.84,0.86,0.86,0.86,0.84,0.86,0.86,0.86,0.86,0.86,0.86,0.86,0.86,0.86,0.86,0.86,-1.03,0.86,0.83,0.85,0.86,-1.06,0.86,0.86,0.86,0.86,0.86,0.86,0.85,0.86,0.86,0.86,0.86,0.86,0.85,0.86,0.86,0.86,0.86,0.86,0.86,0.85,0.86,0.86,0.86,0.86,0.86,0.86,0.84,0.86,0.86,0.86,0.83,-1.03,0.86,0.86,-1.12,0.84,0.86,0.86,0.86,0.86,0.86,0.85,0.86,0.79,0.86,0.86,0.86,0.86,0.85,0.86,0.84,0.86,0.8,0.84,0.86,0.86,0.86,0.86,0.86,0.86,0.86,0.86,0.86,0.85,0.84,0.86,0.86,0.86,0.86,0.86,0.86,0.86,0.86,0.85,0.86,0.86,0.86,0.86,0.86,0.86,0.86,0.86,0.8,0.86,0.86,0.86,-1.13,0.86,0.86,0.84,0.86,0.84,0.86,0.72,-1.01,0.86,0.86,0.86,0.86,0.86,0.86,0.86,0.86,0.86,0.86,0.86,0.86,0.84,0.86,0.86,-1.1,0.86,0.86,0.86,0.85,0.86,0.86,0.86,0.86,0.86,0.85,0.86,0.86,0.85,0.86,0.86,0.86,0.86,0.86,0.86,0.86,0.86,0.85,0.86,0.86,0.86,0.85,0.86,0.86,0.83,0.83,0.83,-1.11,0.86,0.86,-1.13,0.74,0.86,0.85,0.86,0.77,0.86,0.86,0.84,0.86,0.86,0.86,-1.03,0.86,0.86,0.86,0.86,0.86,0.86,0.86,0.84,0.86,0.86,0.86,-1.14,0.85,0.85,0.86,0.86,0.86,0.86,0.86,0.86,0.86,0.86,0.86,-1.08,0.86,0.86,-1.13,0.85,0.86,0.86,0.86,-1.02,0.86,0.84,0.84,0.86,0.86,-1.15,0.85,-1.14,0.86,0.86,0.86,0.86,0.77,0.86,0.85,0.84,0.86,0.86,0.85,0.86,0.86,0.83,-1.07,0.86,0.86,0.84,0.86,0.86,0.86,0.83,0.86,0.86,0.86,0.86,0.86,0.86,0.86,0.86,0.86,0.86,0.86,0.86,0.86,0.84,0.86,0.86,0.86,0.86,0.85,0.84,0.86,0.86,0.86,0.86,0.86,0.86,0.86,0.85,0.86,0.86,0.84,0.86,0.86,0.86,0.85,0.86,0.86,0.83,0.86,0.86,0.86,0.86,0.86,0.86,-1.0,0.86,0.86,0.85,0.86,0.86,0.86,0.86,0.86,0.84,0.85,0.86,0.86,0.86,0.86,0.86,0.86,0.84,0.86,0.86,-1.0,0.86,0.86,0.86,0.86,0.86,0.86,0.86,0.86,0.84,-1.18,0.86,0.86,0.84,0.86,0.86,0.84,0.86,0.86,0.84,0.86,0.86,0.86,0.85,0.86,0.85,0.86,0.75,0.84,0.86,0.86,0.86,0.86,0.82,0.86,0.86,0.86,0.84,0.86,0.86,0.86,0.84,0.86,0.85,0.86,-1.11,0.86,0.86,0.86,0.86,0.86,0.76,0.85,0.86,0.86,0.86,-1.05,0.86,0.64,0.83,0.86,0.86,0.86,0.84,0.86,0.86,0.86,-1.06,0.86,0.84,0.86,0.86,0.86,0.86,0.86,0.86,0.86,-1.02,0.86,0.86,-1.08,0.85,0.85,0.86,0.86,-1.11,0.86,0.86,0.86,0.86,-1.0,0.85,-1.02,-1.04,-1.03,0.86,0.86,0.85,0.86,0.84,0.85,0.86,-1.03,0.86,0.86,0.86,-1.06,0.86,0.86,0.84,0.81,0.86,0.86,0.86,0.85,0.84,0.86,0.86,0.86,0.83,0.86,0.86,0.86,0.86,0.84,0.86,0.86,0.86,0.86,0.86,0.86,0.86,0.86,-1.05,0.86,0.86,0.85,0.86,0.84,0.86,0.86,0.86,0.86,0.86,0.85,0.86,0.86,0.86,0.82,0.86,0.84,0.86,-1.01,0.84,0.86,0.86,0.86,0.84,0.86,0.86,0.86,0.86,0.86,0.86,0.86,0.85,0.86,0.86,0.86,0.86,0.86,0.86,-1.05,-1.09,0.86,0.86,0.86,0.86,0.84,0.86,0.86,0.86,0.86,0.86,0.85,0.86,0.86,0.86,-1.07,0.86,0.84,0.86,0.86,-1.06,0.76,0.86,0.86,-1.0,0.86,0.86,0.85,0.86,0.86,0.86,0.86,0.84,0.86,0.86,0.84,0.86,0.86,0.86,0.86,0.86,0.86,0.86,0.86,0.86,0.84,-1.14,0.84,0.74,0.86,0.86,0.86,0.84,-1.02,0.86,0.86,0.85,-1.02,0.82,0.84,0.86,0.86,0.86,0.83,-1.13,0.85,0.86,0.85,0.86,0.86,0.86,0.86,0.85,0.86,0.86,0.85,0.85,0.86,0.78,0.86,0.86,0.86,0.86,0.86,0.86,0.86,0.86,0.86,0.86,0.86,0.76,0.86,0.86,0.86,0.86,0.86,0.86,0.84,0.86,0.86,0.86,0.86,0.84,0.86,0.86,0.86,-1.01,0.86,0.86,-1.12,0.86,0.86,-1.15,0.86,0.85,0.86,0.86,0.84,0.86,0.86,0.86,0.83,0.86,0.86,0.86,0.86,0.85,0.85,0.86,0.86,0.86,0.86,0.86,0.86,0.86,0.86,0.86,0.84,-1.07,0.74,0.86,0.86,0.81,0.86,-1.14,0.86,0.86,0.86,0.86,0.84,0.86,0.86,0.86,0.86,0.86,-1.02,0.82,-1.0,0.85,0.86,0.86,0.86,0.74,0.86,0.86,0.86,0.86,0.86,0.84,0.86,0.86,0.86,0.84,-1.1,0.86,0.86,0.86,0.86,0.86,0.86,0.86,0.86,0.86,0.86,0.86,0.86,0.86,0.86,0.86,-1.07,0.84,-1.11,0.86,0.85,0.86,0.86,0.86,0.86,0.86,0.84,0.86,0.86,0.75,0.86,0.86,0.86,0.86,0.86,0.86,-1.03,0.85,0.86,0.86,0.71,0.86,0.86,-1.12,0.86,0.86,0.85,0.86,0.84,0.86,0.72,0.86,0.86,0.84,0.86,-1.02,0.84,0.85,0.86,0.86,0.86,0.86,0.71,0.86,0.86,0.86,0.86,0.86,0.86,0.86,0.84,0.86,0.86,0.86,0.86,0.86,0.86,0.86,0.86,0.86,0.86,0.85,0.84,-1.09,0.86,0.86,0.86,0.86,0.86,0.86,0.86,0.86,0.85,0.86,0.86,0.84,0.86,0.86,0.86,0.86,0.86,-1.08,0.86,0.86,0.86,0.84,0.86,0.86,-1.14,0.86,0.85,0.86,0.86,0.86,0.86,0.86,0.78,0.76,0.86,0.86,0.86,0.86,0.86,0.86,0.86,0.86,-1.14,0.76,0.86,0.84,0.86,0.86,0.86,0.84,0.86,0.86,0.85,0.83,0.86,0.86,0.86,0.86,0.86,0.86,0.86,0.81,0.86,0.86,0.84,0.86,0.86,0.86,0.86,0.86,-1.08,0.86,0.86,0.86,0.86,0.86,0.86,0.86,0.86,0.86,0.86,0.86,0.86,-1.03,0.82,0.86,0.86,0.86,0.86,0.86,0.86,0.86,0.86,0.86,0.86,0.84,0.86,-1.11,0.86,0.83,0.86,0.86,0.86,0.86,0.84,0.86,0.86,0.85,0.86,0.86,0.86,0.85,0.86,0.86,0.85,0.86,0.85,0.85,0.86,0.86,0.86,0.86,0.86,0.86,0.86,0.86,0.86,0.86,0.86,0.86,-1.03,0.86,0.86,0.86,0.86,0.86,0.86,0.8,0.83,-1.14,0.86,0.86,0.86,0.86,0.86,0.86,0.86,0.86,0.86,0.86,0.85,0.86,0.86,0.86,0.86,0.86,0.86,0.86,0.86,0.86,0.86,0.86,0.86,0.86,0.86,0.85,0.86,0.84,0.86,0.83,0.86,0.85,-1.13,0.86,0.86,0.86,0.86,0.73,0.86,0.85,0.86,0.86,0.86,0.86,0.86,0.86,0.86,0.86,0.86,0.86,0.83,0.86,0.86,0.86,0.72,0.86,0.86,-1.08,0.86,0.86,0.86,-1.06,0.86,0.72,0.84,0.86,0.86,0.86,0.84,0.86,0.85,-1.02,0.86,0.86,0.86,0.86,0.86,0.86,0.86,0.86,-1.13,0.86,-1.02,0.86,0.85,0.84,0.86,-1.02,0.84,0.86,0.86,0.83,0.86,0.86,0.77,0.85,0.86,0.86,0.86,0.86,0.86,0.86,0.86,0.86,0.86,0.84,0.86,0.72,0.86,0.86,0.84,0.86,0.86,0.86,0.86,0.86,0.86,0.86,0.86,0.86,0.86,0.85,0.86,0.86,0.86,0.85,0.86,0.85,0.86,0.86,0.85,0.85,0.86,0.86,-1.03,-1.01,0.86,0.86,0.86,0.85,0.86,0.85,0.86,0.86,0.86,0.86,0.86,0.86,0.86,0.86,0.86,0.86,0.86,0.86,0.84,0.84,0.86,0.85,0.86,0.86,0.84,-1.09,0.86,0.86,0.86,0.84,0.82,0.86,0.86,-1.05,0.86,0.86,0.86,0.77,0.86,0.86,0.85,0.86,0.85,0.86,-1.04,-1.01,0.84,0.86,0.86,0.86,-1.06,0.86,0.82,0.84,0.85,0.85,0.86,0.86,0.86,0.86,0.86,0.86,0.86,0.86,0.86,0.86,0.86,0.86,0.86,0.75,0.86,-1.08,0.84,0.86,0.84,0.86,0.86,0.86,0.86,0.86,0.86,0.86,0.84,-1.16,0.86,0.86,0.86,0.71,0.84,0.86,0.86,0.86,0.86,0.83,0.86,-1.08,0.86,0.86,0.85,0.84,0.86,0.85,0.86,0.86,0.86,0.86,0.85,0.86,0.86,0.86,0.86,0.86,0.86,0.85,0.85,0.86,0.86,0.86,0.86,0.86,-1.02,0.86,0.86,-1.0,0.86,0.85,0.85,0.86,0.84,0.86,0.86,0.86,0.86,0.84,0.86,0.86,-1.11,0.85,0.86,0.86,0.86,0.85,0.86,0.86,0.85,0.86,0.86,0.86,0.86,0.86,0.86,0.85,0.86,0.86,0.86,0.86,0.86,0.86,0.86,0.86,0.82,0.86,0.85,0.84,0.86,0.86,0.84,0.86,0.86,0.86,0.86,0.86,0.86,0.86,0.86,0.86,-1.03,0.86,0.86,-1.02,0.86,0.86,0.85,0.86,0.83,0.86,0.86,-1.12,0.86,0.86,0.86,0.86,0.86,0.86,0.86,0.82,0.85,0.84,0.86,0.85,0.85,0.86,0.86,0.86,0.86,0.84,0.86,0.86,0.84,0.83,0.86,-1.03,0.86,0.83,0.82,0.86,0.84,0.84,0.81,0.86,0.86,0.86,0.86,0.86,0.86,0.84,0.86,0.84,0.86,0.86,-1.07,0.86,0.86,0.85,-1.04,0.83,0.86,-1.01,0.85,0.84,0.85,0.85,0.86,0.86,0.86,0.86,0.86,0.86,0.79,0.86,0.84,0.85,0.86,0.86,0.86,-1.07,0.85,0.86,0.86,0.86,0.86,0.86,-1.12,0.85,0.86,0.86,-1.15,0.84,0.86,0.86,0.86,0.86,0.86,0.86,0.86,0.86,0.86,0.83,0.86,0.86,-1.1,0.86,0.86,0.85,0.86,0.86,0.84,0.86,0.85,0.86,0.86,0.86,0.86,-1.05,0.84,0.84,0.86,0.86,0.85,0.84,0.86,0.86,0.75,0.83,0.86,0.86,0.86,0.86,0.84,0.86,0.86,0.86,0.86,0.86,0.86,0.86,0.86,0.86,0.86,0.86,0.85,0.85,0.86,-1.13,0.86,0.86,0.86,0.86,0.86,0.86,-1.02,0.86,0.71,0.86,0.86,0.86,-1.08,0.86,0.86,-1.07,0.86,0.86,0.86,0.86,0.86,0.86,0.86,0.86,0.86,0.86,-1.12,0.85,0.86,0.75,0.86,0.84,0.86,0.86,-1.03,0.84,0.86,0.86,0.86,0.86,0.86,0.85,0.86,0.86,0.86,-1.12,-1.03,0.86,0.86,0.86,0.74,-1.13,0.85,-1.01,0.86,-1.14,0.83,0.86,0.84,0.86,0.86,0.86,0.86,0.86,0.86,-1.11,0.86,0.86,0.86,0.86,0.85,0.86,0.86,0.85,-1.08,0.86,-1.05,0.86,0.86,0.82,0.86,0.86,0.85,0.86,0.85,0.86,0.86,0.86,0.83,0.85,-1.09,-1.01,0.86,0.86,0.86,0.86,0.84,0.86,0.86,0.86,0.85,0.86,0.86,0.86,0.86,0.86,0.86,0.85,-1.12,0.84,0.86,0.72,-1.23,0.85,0.84,0.86,0.85,0.86,0.86,0.86,0.86,0.86,0.74,0.86,0.86,0.85,0.86,0.86,0.86,0.86,0.86,0.86,0.85,0.85,0.84,0.86,0.85,0.86,0.86,0.86,0.85,0.86,0.86,0.86,0.85,0.86,0.85,0.83,0.78,0.86,-1.0,0.86,0.86,0.86,0.86,0.86,0.72,0.85,0.86,0.86,0.86,0.86,0.86,0.86,0.86,0.86,-1.12,0.86,0.86,0.85,0.86,0.86,0.82,0.86,0.86,0.86,0.86,0.86,0.86,0.86,0.85,0.85,-1.13,0.85,0.86,0.86,0.85,0.86,0.77,0.86,0.85,0.86,0.86,0.86,0.86,0.86,0.86,0.74,0.86,0.78,0.86,0.83,0.86,0.86,0.86,0.86,0.86,-1.0,0.86,0.86,0.85,0.86,0.85,0.86,0.86,0.85,0.86,0.85,0.86,0.86,0.68,0.85,0.86,0.84,0.86,0.86,0.86,0.86,0.86,0.86,0.86,0.85,0.86,0.85,0.86,0.86,0.85,0.86,0.86,0.85,0.86,0.86,0.77,0.86,0.84,0.86,0.86,-1.02,0.73,0.86,-1.05,0.85,0.85,0.86,0.86,0.86,0.86,0.86,0.86,0.78,0.86,0.86,0.84,0.86,-1.03,0.86,0.86,0.86,0.86,0.86,0.86,0.86,0.84,0.86,0.84,0.86,0.86,0.86,0.86,0.84,0.86,0.85,0.86,0.86,0.86,-1.11,0.85,0.86,0.86,0.86,0.86,0.78,0.81,0.86,0.86,0.86,0.86,0.86,0.86,0.86,0.86,0.86,0.86,-1.03,0.85,0.86,0.86,0.86,0.86,0.86,0.86,0.86,0.86,0.84,-1.11,0.86,0.85,0.86,0.86,0.86,0.86,0.85,0.86,0.86,0.86,0.86,0.86,0.86,0.86,0.86,0.86,0.86,0.86,0.86,0.86,0.85,0.86,0.85,0.86,0.85,0.86,0.86,-1.05,0.86,0.86,0.82,0.86,0.86,0.86,0.86,-1.03,0.86,0.86,0.86,0.85,0.86,0.86,0.86,0.86,0.86,0.85,0.86,0.86,0.86,0.86,0.86,0.86,0.86,0.86,0.59,-1.14,0.84,0.85,0.86,0.86,0.86,0.86,0.7,0.86,0.86,-1.05,0.85,0.86,0.86,0.86,0.85,0.86,0.86,0.86,0.86,0.84,0.86,0.86,0.86,0.86,-1.07,0.85,0.86,0.85,0.85,0.86,0.86,0.86,0.86,0.86,0.86,0.86,0.86,0.86,0.85,0.85,0.86,0.86,0.86,0.84,0.86,0.84,0.86,0.86,-1.02,0.86,0.85,0.86,0.86,0.86,0.86,0.86,0.86,0.85,0.85,0.86,0.86,0.86,0.86,0.86,0.86,0.85,0.86,0.86,0.86,0.85,0.86,0.86,0.86,0.86,-1.11,0.84,0.86,0.86,0.86,0.86,0.86,0.86,0.86,0.86,0.86,0.86,0.85,0.86,0.86,0.86,0.86,0.86,0.86,-1.14,0.86,0.85,0.86,0.86,0.86,0.86,0.86,0.86,0.85,0.84,0.86,0.86,-1.15,0.86,-1.12,-1.03,0.83,0.86,0.83,0.86,0.85,0.85,0.85,0.86,0.85,0.86,0.86,0.86,0.86,0.84,0.86,0.86,0.78,0.86,0.86,0.86,0.86,0.86,0.86,0.85,0.83,0.85,0.84,0.86,0.84,0.86,0.86,0.86,0.85,0.86,0.86,0.71,0.86,0.86,0.86,0.85,0.86,0.85,0.86,0.82,0.86,0.86,0.86,0.86,0.86,0.86,-1.12,0.86,0.79,0.86,0.86,0.86,-1.01,0.77,0.86,0.86,0.86,-1.08,0.84,0.86,0.84,0.82,0.86,0.86,0.86,0.86,-1.13,0.86,0.85,0.85,0.86,0.86,0.86,-1.03,0.83,0.85,-1.08,0.82,0.86,0.86,0.86,0.85,0.86,0.86,-1.01,0.85,0.79,0.85,-1.13,0.85,-1.0,-1.13,0.85,0.85,0.85,0.86,0.86,0.86,0.86,0.86,0.86,0.86,0.86,0.86,0.86,0.86,0.86,0.84,0.84,0.83,0.86,0.85,0.86,0.86,0.85,0.85,0.86,0.84,0.86,0.86,0.86,0.85,0.76,0.84,0.85,0.86,0.84,0.85,0.86,0.84,0.84,0.8,0.86,-1.14,0.86,0.86,0.84,0.84,0.86,0.85,0.86,0.86,0.86,0.86,0.86,0.86,0.83,0.86,0.86,0.86,0.86,0.84,0.86,0.75,0.86,0.86,0.86,0.84,0.86,0.86,0.72,0.86,0.84,0.73,0.85,0.77,0.86,0.86,0.84,0.86,0.86,0.86,0.86,0.86,0.85,0.86,0.84,0.86,0.86,0.86,0.86,0.84,0.86,-1.07,0.84,-1.09,0.84,0.86,0.86,0.86,0.86,0.86,0.7,0.86,0.86,0.86,0.86,0.86,0.86,0.86,0.85,0.86,0.86,0.86,0.85,0.86,0.86,0.86,0.86,0.86,0.68,0.84,0.86,0.84,0.86,0.86,0.86,0.86,0.86,0.85,0.86,0.86,0.86,0.86,0.86,0.86,0.86,0.86,0.86,0.84,0.86,0.84,0.85,-1.12,0.84,0.85,0.84,0.86,0.86,0.86,0.86,0.86,0.85,0.86,0.86,0.86,0.84,0.84,0.86,0.86,0.86,0.86,0.84,0.86,0.86,0.85,0.86,0.86,0.86,0.86,0.85,0.86,0.86,0.86,0.86,-1.03,-1.07,0.86,0.86,0.84,0.85,-1.02,0.86,0.86,0.85,0.86,-1.15,0.86,0.86,0.84,0.86,0.86,-1.02,0.86,0.77,-1.04,-1.1,0.86,0.85,0.85,0.86,0.86,0.72,0.86,-1.03,0.86,0.86,0.86,0.86,0.86,0.86,0.86,0.86,0.86,0.84,0.86,0.86,0.75,0.84,0.86,0.77,0.86,0.86,0.86,0.86,0.86,0.86,0.86,0.84,0.86,0.86,0.86,0.86,0.86,0.84,0.86,0.85,0.86,0.86,-1.1,0.86,0.86,0.86,0.86,0.85,0.86,0.86,0.86,-1.11,0.86,0.84,-1.13,0.86,0.86,0.86,0.86,0.86,0.86,0.86,0.86,0.86,0.86,0.86,0.86,0.84,0.86,0.85,0.86,0.86,-1.13,-1.06,0.86,0.86,0.85,0.86,0.86,0.86,0.86,0.86,0.86,0.85,0.86,0.8,0.85,0.86,0.86,0.86,0.86,0.86,0.86,-1.14,-1.04,-1.09,0.83,0.82,0.83,0.86,0.78,0.86,0.86,0.86,0.84,0.86,0.86,0.86,0.86,0.86,0.86,0.85,0.85,0.86,0.86,-1.13,-1.12,0.84,0.82,0.81,0.86,0.86,0.86,0.86,0.86,-1.07,0.84,0.86,0.86,0.83,0.86,0.86,-1.11,0.84,0.86,0.86,0.86,0.86,0.86,0.84,0.84,0.78,0.86,0.85,0.86,0.86,0.86,0.86,0.86,0.86,0.86,0.86,-1.06,0.86,0.86,0.84,-1.09,0.85,0.86,-1.03,0.85,0.85,0.86,0.85,0.85,0.86,0.84,0.86,-1.08,-1.01,0.86,0.86,0.86,0.86,0.86,0.78,0.86,0.86,0.86,0.86,0.86,0.86,0.86,0.86,-1.02,0.86,0.86,0.86,0.75,0.86,0.86,-1.07,0.86,0.86,0.84,0.86,-1.14,0.86,0.85,0.86,0.86,0.86,0.86,0.86,-1.03,0.86,0.86,0.86,0.85,0.86,-1.13,0.86,0.85,0.86,0.85,0.85,0.86,0.77,0.86,0.85,0.86,0.84,0.86,0.86,0.85,0.85,0.86,0.86,0.8,0.85,0.86,0.84,0.86,0.84,0.86,0.86,0.86,0.84,0.86,0.86,0.86,0.86,0.78,0.86,0.86,0.86,0.86,0.86,0.75,0.86,0.86,0.83,0.86,0.68,0.86,0.86,0.86,0.86,0.84,0.86,0.86,0.8,0.85,0.86,0.85,0.84,0.86,0.86,-1.02,0.85,0.86,0.86,0.85,0.86,0.86,0.86,0.86,0.86,0.86,0.86,0.79,0.86,0.86,0.86,0.86,0.83,0.86,0.86,0.86,0.86,0.86,0.86,0.86,0.86,0.86,0.86,0.86,0.86,0.85,0.86,0.86,0.86,0.85,0.86,0.86,0.85,0.86,0.86,0.86,0.86,0.83,0.86,0.83,0.77,0.86,0.86,0.86,0.86,0.86,0.86,0.86,0.86,0.86,0.86,0.86,0.86,0.86,0.86,0.86,0.83,0.85,0.86,0.86,0.76,0.86,0.86,0.86,0.86,0.85,0.86,0.85,0.86,-1.07,0.83,0.85,0.86,0.86,0.86,0.86,0.86,0.86,0.86,0.79,0.86,0.85,0.86,-1.02,0.86,0.86,-1.13,0.85,0.86,0.84,0.86,0.86,0.83,0.86,0.86,0.86,0.86,0.85,0.86,0.69,0.86,0.85,0.86,0.71,0.86,0.86,0.85,0.86,0.86,0.83,0.86,0.86,0.78,0.72,0.86,-1.11,0.86,0.86,0.84,0.83,0.86,0.86,0.84,0.86,0.85,0.85,0.85,0.86,0.85,0.86,0.86,0.86,0.86,0.86,0.73,0.85,0.86,0.86,0.86,0.86,0.86,0.86,0.86,0.86,0.86,0.86,-1.09,0.85,0.85,0.81,0.86,0.86,0.85,0.86,0.86,0.86,0.85,-1.1,0.84,-1.11,0.86,0.85,0.83,0.86,0.86,0.86,0.85,-1.02,0.85,0.85,0.86,0.86,0.85,0.86,0.86,0.86,0.86,0.86,0.86,0.86,0.86,0.86,0.86,0.71,0.86,0.86,0.86,0.86,0.84,0.86,0.85,0.86,0.86,0.86,0.85,0.86,0.86,0.86,0.86,0.86,0.85,0.85,0.86,0.86,0.86,0.86,0.86,0.84,0.86,0.84,0.84,0.86,-1.05,0.85,0.86,0.86,0.83,0.86,-1.13,0.86,0.81,0.86,0.86,0.86,0.86,0.86,0.86,0.86,0.86,-1.01,0.85,0.86,0.86,0.86,0.86,0.86,0.86,0.84,0.86,0.86,0.82,0.86,0.85,0.86,0.86,0.86,-1.11,0.86,0.86,0.86,0.86,0.86,0.86,0.86,0.86,0.86,0.86,0.86,0.86,0.85,0.86,0.86,0.86,0.86,0.86,0.86,0.86,0.86,-1.09,0.86,0.84,0.85,0.86,0.86,0.86,0.86,-1.09,0.86,0.86,0.86,0.83,0.85,0.86,0.86,0.86,0.86,0.86,0.86,0.86,0.86,0.86,0.86,-1.02,0.86,0.86,0.86,0.86,0.86,0.86,0.86,0.86,0.86,0.86,0.86,0.86,0.86,0.86,0.83,0.86,0.86,0.86,0.86,0.86,0.86,0.86,0.86,0.86,0.86,0.84,0.82,0.85,0.74,-1.08,0.86,0.86,0.86,0.86,0.86,0.84,0.86,0.86,0.86,0.86,0.86,0.86,0.77,0.86,0.86,0.85,0.86,0.86,0.86,0.86,0.82,0.86,0.83,0.8,0.86,-1.05,0.86,0.86,0.86,-1.03,0.85,0.85,0.84,0.77,-1.11,0.86,0.85,0.86,0.85,0.86,0.84,0.86,0.86,0.86,0.86,0.84,0.77,-1.03,0.86,0.86,0.86,0.85,0.81,0.86,0.86,0.86,0.86,0.86,0.86,0.74,0.86,0.86,0.86,0.85,0.86,0.86,0.86,0.86,0.86,0.86,0.86,0.86,0.86,0.86,0.86,0.86,0.86,0.86,0.86,0.86,0.84,0.86,0.86,0.86,0.86,0.86,0.86,0.84,0.86,0.86,-1.01,0.86,-1.14,0.85,0.86,0.85,0.86,0.86,0.85,0.86,0.86,0.86,-1.12,0.85,-1.02,0.85,0.85,0.86,0.84,0.86,0.85,0.85,0.86,0.86,0.86,0.86,-1.08,0.86,0.86,0.81,0.86,0.86,0.86,0.86,0.86,0.86,0.86,0.85,0.86,0.86,-1.03,0.85,0.86,0.86,0.86,0.84,0.86,0.84,0.85,0.86,0.86,0.85,0.86,0.86,0.86,0.86,0.86,-1.05,-1.0,0.86,0.85,0.82,0.86,0.86,0.86,0.74,0.86,0.86,0.86,0.86,0.85,0.86,0.86,0.85,0.86,0.84,0.86,0.86,0.86,-1.1,0.86,0.86,0.86,0.86,0.86,0.85,0.86,0.86,0.85,0.85,0.86,0.86,0.86,0.85,0.86,0.84,0.86,0.83
-1.03,0.84,0.83,-1.08,-1.01,-1.02,-1.29,-1.04,-1.31,0.7,0.82,-1.01,-1.14,0.81,0.81,0.86,0.76,-1.14,-1.3,-1.13,0.85,0.81,0.86,0.82,0.77,-1.11,0.85,-1.05,-1.03,-1.03,0.85,0.83,0.59,-1.18,0.75,0.86,0.82,0.79,0.72,0.85,0.69,0.86,0.77,0.81,0.83,-1.0,0.79,0.83,0.86,0.78,0.86,0.85,0.84,-1.0,-1.09,0.84,0.83,0.86,-1.14,-1.1,0.85,0.86,0.86,0.86,0.86,-1.1,0.81,-1.13,0.86,0.72,0.86,0.86,-1.02,0.86,0.86,0.86,0.82,-1.13,0.86,0.84,0.86,0.86,0.73,0.84,0.86,0.86,0.86,0.84,0.86,0.86,0.86,0.86,0.82,0.86,-1.04,0.86,0.86,0.86,-1.1,0.86,0.86,0.86,0.85,0.86,0.85,0.85,0.84,0.86,0.86,0.86,0.86,0.86,0.86,0.86,-1.04,0.81,0.86,0.86,0.86,0.86,0.85,0.86,0.86,0.86,0.86,-1.03,0.86,0.86,0.86,0.86,0.86,0.86,0.86,0.86,0.86,0.77,0.84,0.85,0.86,0.86,0.85,0.86,0.86,0.86,0.86,0.86,-1.02,0.86,-1.0,0.86,0.86,0.86,0.86,0.86,0.82,0.86,0.86,0.84,0.85,-1.02,0.86,0.86,0.86,-1.08,-1.11,0.86,-1.12,-1.04,0.86,0.86,0.86,0.86,0.86,0.86,0.86,-1.13,0.86,0.86,0.86,0.86,0.71,0.85,0.86,-1.06,0.86,0.86,0.86,0.86,0.86,0.77,0.86,0.83,0.72,0.86,0.86,0.85,0.86,0.86,0.86,0.86,0.86,0.85,0.83,0.86,0.85,0.86,0.86,0.86,0.85,0.85,0.86,-1.1,0.86,0.86,0.86,0.86,0.86,0.86,0.86,0.86,0.86,0.86,0.86,0.86,0.86,0.86,0.72,0.86,0.86,0.86,0.85,0.86,0.86,0.86,-1.08,0.86,0.86,0.8,0.86,0.86,0.85,0.86,0.86,0.86,0.86,0.86,0.86,0.85,0.86,0.86,0.86,0.86,0.85,0.86,0.83,-1.03,0.86,0.86,0.86,0.86,0.86,0.85,0.86,0.86,-1.01,0.86,0.86,0.86,0.83,0.86,0.86,0.81,0.86,0.86,0.86,0.86,0.86,0.84,-1.01,0.86,0.81,0.86,0.86,0.86,0.86,-1.03,0.86,0.86,0.86,0.86,0.86,0.86,0.86,0.86,0.84,0.86,0.82,0.83,0.86,0.75,0.86,0.86,0.86,0.86,0.86,0.86,-1.11,0.86,0.86,-1.03,0.86,0.85,0.86,0.86,-1.12,0.84,0.86,0.86,-1.13,0.86,0.86,0.86,0.86,0.85,-1.03,0.83,0.86,0.86,0.86,0.86,0.86,0.86,-1.02,0.86,0.86,-1.05,0.86,0.81,0.86,0.86,0.86,0.86,0.86,0.86,0.86,0.86,0.86,0.86,0.84,0.86,-1.03,0.86,0.86,0.86,0.86,0.86,0.86,0.86,0.86,-1.1,0.86,0.86,0.86,-1.12,0.86,0.86,0.86,0.86,0.72,0.86,-1.11,0.86,0.86,0.86,0.86,0.86,0.86,0.83,0.86,0.86,0.86,-1.14,0.84,0.86,0.86,0.86,0.86,0.85,0.86,-1.0,0.86,0.86,0.86,0.86,0.78,0.86,0.86,0.86,0.85,0.86,0.86,0.86,0.86,0.84,0.85,-1.02,0.83,0.86,0.86,0.86,0.86,0.86,0.86,0.86,0.85,0.85,0.86,0.86,0.86,0.86,0.83,0.86,0.84,0.85,0.86,0.86,0.84,0.86,0.86,0.86,0.86,0.86,0.86,0.86,0.86,0.86,0.86,0.85,0.86,-1.13,0.86,0.86,0.86,0.86,0.86,0.86,0.85,0.86,0.84,0.86,0.86,0.86,0.86,0.86,0.83,0.85,0.86,0.86,0.86,0.86,0.86,-1.11,0.86,0.86,0.86,0.84,0.86,0.84,0.86,0.86,0.86,0.86,0.86,-1.01,-1.23,0.86,0.85,0.85,0.86,0.86,0.86,0.84,0.86,0.86,0.84,0.86,0.86,0.86,0.79,0.82,0.86,0.86,0.86,-1.12,0.84,0.86,0.86,0.86,0.86,0.84,0.86,0.86,-1.1,0.86,0.86,0.86,0.86,0.86,0.86,0.85,0.86,0.86,0.86,-1.0,0.86,0.85,-1.01,0.86,0.86,0.86,0.86,0.86,-1.03,0.86,0.86,0.86,0.86,0.86,0.86,0.83,0.86,0.85,0.86,0.86,0.86,0.86,0.86,0.86,0.85,0.86,0.86,0.86,-1.07,0.86,0.86,0.86,0.86,0.86,0.86,0.86,0.86,0.86,0.86,0.86,0.86,0.86,0.86,0.86,0.86,0.86,-1.09,0.85,0.86,0.85,0.86,0.86,0.86,0.81,0.86,0.86,0.78,0.86,0.86,0.85,0.86,0.86,0.86,0.86,-1.02,0.84,0.84,0.86,0.86,0.86,0.85,0.86,0.86,-1.13,-1.1,0.86,0.86,0.74,0.86,0.84,0.85,0.86,0.84,0.86,0.86,0.86,-1.13,0.86,0.85,0.86,0.86,0.86,0.86,-1.05,-1.11,0.86,0.85,0.82,0.86,0.86,0.86,0.86,0.85,0.86,0.86,0.86,-1.12,0.86,0.86,0.86,0.86,0.86,0.84,0.84,0.86,-1.03,0.86,0.86,0.85,0.86,0.85,0.86,0.86,0.86,0.86,0.86,0.86,0.86,0.86,0.84,0.81,0.82,0.85,0.84,0.86,0.86,0.86,0.86,0.83,0.86,0.86,0.86,0.86,0.86,0.85,0.86,0.86,0.86,0.86,0.86,0.86,0.86,0.86,0.86,0.86,0.86,0.86,0.86,0.84,0.86,0.86,0.86,0.86,0.85,0.85,0.86,0.84,0.86,0.86,0.86,-1.09,0.85,-1.0,0.83,0.86,0.85,0.85,0.86,0.86,0.86,0.86,0.86,0.84,0.86,0.85,0.79,0.86,0.85,0.86,0.86,0.86,0.86,0.86,0.86,0.86,0.86,0.86,0.76,0.86,-1.13,0.86,0.85,0.86,0.86,0.86,0.86,0.72,0.86,0.84,0.86,0.86,0.8,-1.03,0.86,0.85,0.85,0.86,0.85,0.86,0.84,0.86,0.86,-1.02,0.86,0.86,-1.03,0.86,0.86,0.86,0.86,0.86,0.86,0.86,0.86,0.86,0.86,0.86,0.86,0.86,0.86,0.86,0.86,0.86,0.86,0.86,-1.14,0.86,0.75,0.84,0.86,0.86,0.86,0.86,0.86,0.86,-1.06,0.86,0.86,0.86,0.86,0.86,0.86,0.76,0.86,-1.01,0.86,0.82,0.86,0.86,0.86,0.84,0.86,0.86,-1.13,0.86,0.86,0.86,0.86,0.86,0.85,0.86,0.86,0.86,0.85,-1.13,0.83,0.86,0.86,0.86,0.86,0.86,0.85,0.86,0.86,0.86,0.86,0.79,0.86,0.86,0.85,0.86,0.86,0.84,0.84,0.86,0.86,0.85,0.86,0.86,0.85,0.86,0.76,0.86,-1.1,0.86,0.86,0.73,-1.14,0.85,0.85,0.86,-1.11,0.86,0.86,0.85,0.86,0.86,0.86,0.86,0.86,0.86,-1.06,0.85,0.86,0.85,0.86,0.86,0.86,0.72,0.86,0.8,0.86,0.86,-1.05,0.86,0.86,-1.14,0.86,0.86,0.8,0.85,-1.02,-1.01,0.86,0.86,0.84,0.84,0.86,0.85,0.86,0.86,0.86,0.86,-1.13,0.74,0.86,0.86,0.86,0.86,0.84,0.86,0.84,0.86,0.86,0.86,0.86,0.83,0.7,0.86,-1.07,0.84,0.86,-1.0,0.86,0.86,0.86,0.86,0.86,0.86,0.84,0.86,0.86,-1.0,0.85,0.86,0.86,0.86,0.73,0.86,-1.08,0.76,0.86,0.86,0.86,0.86,0.84,0.86,0.86,0.86,-1.07,0.85,0.86,0.86,0.86,0.86,0.86,0.84,0.86,0.86,0.86,0.86,0.84,0.86,0.86,0.86,0.86,0.86,0.84,0.86,-1.13,0.86,0.86,0.86,0.85,0.86,0.85,0.86,0.86,0.85,0.86,0.86,0.86,0.84,0.86,0.86,0.86,0.86,0.86,-1.04,0.86,0.86,0.86,-1.02,0.86,0.86,0.64,0.86,-1.08,0.86,0.86,0.86,0.86,0.86,0.86,0.86,0.86,-1.14,0.83,0.86,0.86,0.86,0.71,0.86,-1.14,-1.02,-1.0,0.84,0.84,0.86,0.86,0.86,0.86,0.69,0.86,0.86,0.86,0.86,0.86,0.86,-1.13,0.86,0.86,0.86,0.82,0.86,0.86,-1.02,0.85,0.86,0.86,0.86,0.86,0.86,0.85,0.85,0.86,0.86,0.85,0.86,0.85,0.86,0.86,0.86,-1.02,0.86,0.86,0.85,0.86,0.86,0.85,0.86,0.86,0.86,0.86,0.86,0.85,0.86,0.85,-1.08,-1.13,0.86,0.86,0.86,0.86,0.86,0.86,0.84,0.85,0.86,0.86,0.86,0.86,0.86,0.86,0.86,0.86,0.84,0.84,-1.08,-1.02,0.85,0.86,0.86,0.86,0.85,0.86,0.86,0.86,0.86,0.85,0.84,0.86,0.86,0.86,0.86,0.86,0.86,0.86,0.86,0.86,0.86,0.86,0.86,0.86,0.85,-1.1,0.86,-1.03,0.86,0.86,0.86,0.86,0.86,0.86,0.63,0.86,0.86,0.83,0.86,0.86,0.86,0.86,0.86,0.86,0.86,0.86,0.86,0.86,0.86,0.86,0.85,0.86,0.86,0.86,0.83,0.86,0.86,0.86,0.86,0.86,0.86,0.83,0.76,0.85,0.86,0.86,0.86,0.86,0.86,0.86,0.86,0.86,0.86,0.86,0.86,0.86,0.86,0.85,0.86,0.8,0.86,0.86,0.76,0.86,0.86,0.86,0.86,0.86,0.83,0.86,0.74,0.86,0.86,0.86,0.79,0.86,0.86,0.86,-1.09,0.85,0.84,0.86,0.84,0.86,0.86,0.86,-1.07,0.86,-1.13,0.86,0.85,0.85,-1.03,0.86,0.86,0.85,0.86,0.86,0.86,0.86,0.86,0.82,0.86,0.86,0.86,0.86,0.86,-1.02,0.86,0.86,0.86,0.86,0.86,0.86,0.85,0.85,0.84,0.85,-1.02,0.86,0.85,0.86,0.86,0.86,0.75,0.84,0.72,0.86,0.86,0.85,0.86,0.86,0.85,0.86,0.84,0.85,-1.01,0.86,0.86,-1.13,0.86,0.86,-1.13,-1.07,0.86,0.86,-1.02,0.86,0.86,0.86,0.86,0.86,0.86,-1.05,0.86,0.84,0.84,0.86,0.86,0.86,0.86,0.86,0.86,-1.12,0.86,0.86,0.86,0.86,0.86,0.86,0.86,0.86,0.86,0.86,0.86,0.86,0.86,0.86,0.86,0.86,0.86,0.73,0.86,0.86,0.83,0.86,0.85,0.86,0.86,0.86,0.86,0.84,0.86,0.86,0.86,0.84,0.86,-1.15,0.86,0.86,0.86,0.86,0.86,0.86,0.86,0.86,0.86,0.86,0.86,0.86,0.73,0.84,0.85,0.86,0.85,0.86,0.85,0.86,0.79,0.86,0.86,0.86,0.86,0.86,0.86,0.86,0.86,0.84,0.84,0.82,0.86,0.86,0.82,-1.13,0.86,0.86,0.86,0.86,0.86,-1.08,0.86,0.86,0.86,0.86,0.86,0.85,0.86,0.86,0.86,-1.02,0.86,0.86,0.86,0.86,0.86,0.86,0.86,0.86,0.86,0.86,-1.07,-1.02,0.86,0.85,0.86,0.86,0.86,0.85,0.86,0.86,0.86,0.84,0.86,0.86,0.86,0.84,0.86,0.86,0.85,0.86,-1.14,0.86,0.86,0.86,0.86,0.85,0.86,0.78,0.86,0.86,0.84,0.86,0.86,0.86,0.84,0.84,0.86,0.86,0.86,0.86,0.86,0.84,0.86,0.86,0.86,0.86,0.86,0.86,0.85,0.86,0.85,0.86,0.86,0.86,0.86,0.86,0.84,0.86,0.86,0.86,-1.03,0.85,0.86,0.86,0.86,0.86,0.86,0.86,0.84,0.86,0.86,0.86,-1.14,-1.08,0.84,0.86,0.8,0.86,0.86,0.86,0.83,0.86,0.86,0.86,0.86,0.86,0.86,0.86,0.86,0.86,0.86,0.86,0.85,0.86,0.86,0.85,0.86,0.86,0.85,0.86,0.86,0.84,0.86,0.85,-1.12,0.86,0.86,0.86,0.86,0.86,0.86,0.86,0.85,0.84,0.86,0.86,0.86,-1.05,0.85,0.86,0.86,0.84,0.84,0.86,0.86,0.86,0.86,0.86,0.86,0.8,0.86,0.86,0.84,0.86,0.86,-1.02,0.86,0.86,0.86,-1.05,0.82,0.86,0.85,0.86,0.86,0.86,0.84,0.86,0.86,0.86,-1.06,0.84,0.85,0.85,0.86,0.86,0.86,0.86,0.86,0.8,-1.12,-1.02,0.86,0.85,0.86,0.86,-1.08,0.8,0.86,0.86,0.86,0.85,0.86,0.86,0.86,0.84,0.86,0.86,0.86,0.83,0.86,0.84,0.84,0.86,0.86,0.86,0.86,0.86,0.85,0.86,0.84,-1.0,0.84,0.86,0.86,0.73,0.86,0.84,0.84,0.86,-1.13,0.85,0.73,0.86,0.85,0.86,0.86,0.86,0.86,0.86,0.86,0.85,0.81,0.85,0.86,0.85,-1.03,0.86,0.86,0.86,0.86,0.86,0.86,-1.12,0.86,0.86,0.86,-1.0,-1.03,0.84,0.86,0.86,0.86,0.86,0.86,0.84,0.86,-1.1,0.85,-1.1,0.85,0.82,0.86,0.86,-1.13,0.86,0.84,0.72,0.86,0.85,0.86,0.86,0.86,0.86,0.86,0.86,0.86,0.86,0.86,0.86,0.84,0.86,0.82,0.86,0.86,0.86,0.86,0.86,0.86,0.86,0.86,0.86,0.86,-1.07,0.85,0.86,0.86,0.86,0.86,0.86,0.86,0.86,0.86,0.86,0.86,-1.02,0.86,0.83,0.86,0.86,0.86,0.86,0.86,0.86,0.85,0.86,0.84,-1.08,0.86,0.86,0.86,0.86,-1.02,0.86,0.86,0.86,-1.06,0.86,0.84,0.86,0.86,0.86,0.86,0.86,0.86,0.86,0.86,0.85,0.86,0.86,0.84,0.84,0.86,0.85,0.86,-1.12,0.85,0.86,0.86,0.86,0.86,0.73,0.86,0.86,0.86,0.86,0.86,0.85,0.86,0.86,0.86,0.86,0.82,0.86,0.77,0.85,0.86,-1.13,0.84,0.86,0.86,0.72,0.86,0.86,0.86,0.86,-1.05,0.86,0.86,0.85,0.86,0.86,0.86,0.86,0.86,0.83,0.86,0.86,0.86,0.86,0.84,0.86,0.86,0.86,0.84,0.86,0.86,0.84,0.86,0.86,0.86,0.86,0.86,0.86,0.83,0.86,-1.03,0.84,0.86,0.86,0.86,0.85,0.86,-1.08,0.86,0.86,0.86,0.85,0.86,0.86,0.86,0.86,0.85,0.85,0.86,0.86,0.86,0.86,0.83,0.85,0.86,0.86,0.86,0.86,0.85,0.86,0.86,0.86,0.86,-1.04,0.86,0.86,0.71,0.86,-1.1,0.84,0.86,0.86,0.86,0.86,0.83,-1.09,0.86,0.86,0.84,0.86,0.85,0.86,0.86,0.86,0.86,0.86,0.86,0.86,0.86,0.84,0.86,0.86,0.86,0.86,0.71,0.85,0.85,-1.09,0.77,0.86,0.86,0.86,0.74,0.86,0.86,0.85,0.86,-1.02,0.86,0.86,0.86,-1.12,0.86,0.86,0.86,0.86,0.86,0.85,0.83,0.83,0.86,-1.01,0.86,0.85,0.86,0.86,0.86,0.86,0.85,0.86,0.86,0.86,0.86,0.84,0.86,0.86,0.86,0.74,0.84,0.84,0.86,0.86,0.86,-1.1,0.86,0.85,0.86,0.86,0.86,0.86,0.86,0.86,0.86,0.79,0.86,0.86,0.84,0.86,0.86,0.81,0.86,0.86,0.86,0.86,0.86,0.84,0.84,0.86,0.86,0.86,0.86,0.86,0.86,0.86,0.86,0.85,0.85,0.86,0.86,0.72,-1.02,0.86,0.86,0.85,0.86,0.84,0.86,0.86,0.86,0.86,0.84,0.86,-1.07,0.86,0.86,-1.1,0.86,0.86,0.86,0.86,0.86,0.86,0.86,0.86,0.86,0.86,-1.07,0.86,0.83,0.83,0.86,-1.0,0.86,0.85,0.86,0.86,0.85,0.86,-1.02,0.86,0.78,0.84,0.86,0.85,0.86,0.86,0.86,0.84,0.86,0.86,0.85,0.86,0.86,0.86,0.86,0.86,0.85,0.86,0.86,0.86,0.85,0.86,0.86,0.86,0.86,0.86,0.85,0.84,0.86,0.86,0.86,0.85,0.86,-1.08,0.86,0.86,0.79,0.86,0.86,0.86,0.86,0.86,0.86,0.86,0.81,0.85,-1.0,0.86,0.86,0.86,0.84,0.86,0.86,0.84,0.86,0.86,0.86,0.86,0.86,0.86,-1.04,0.86,0.85,-1.0,-1.06,0.86,0.75,0.86,0.85,0.86,0.83,0.86,-1.03,0.86,0.86,0.86,0.86,0.86,0.86,0.86,0.86,0.72,0.86,0.85,0.86,-1.16,0.86,0.86,0.85,0.84,0.86,0.75,0.86,0.86,0.86,0.86,0.85,0.86,0.86,0.86,0.86,0.86,0.86,0.86,0.84,0.86,0.86,0.86,0.85,0.86,0.85,0.86,0.84,0.86,0.86,0.86,0.86,0.84,-1.05,0.84,0.73,0.86,0.86,0.86,0.86,0.86,0.79,0.76,0.86,0.85,0.86,0.86,0.86,0.82,0.76,0.86,0.84,0.86,0.86,0.86,0.86,0.86,0.84,0.86,0.85,0.86,0.73,0.86,-1.03,0.83,0.86,0.86,0.86,0.85,0.86,0.86,0.86,0.86,0.86,0.86,-1.13,0.83,0.86,0.86,0.84,0.86,0.86,-1.17,0.86,0.86,0.86,0.86,0.86,0.85,0.86,0.86,0.86,0.86,0.85,0.86,0.86,0.86,0.86,0.86,0.86,0.86,-1.12,0.84,0.86,0.74,0.86,0.86,0.86,0.86,-1.15,0.86,0.86,0.8,0.86,0.86,0.86,0.86,0.86,0.86,0.86,0.85,0.78,-1.01,0.86,0.68,0.86,0.86,0.85,0.86,0.86,0.86,0.86,0.86,0.86,0.82,0.86,0.86,0.86,0.86,0.78,-1.0,0.86,0.86,0.81,-1.05,0.85,0.68,0.86,0.86,0.86,0.76,0.86,0.86,0.85,0.85,0.85,0.86,0.86,0.86,0.86,0.86,0.86,0.86,0.85,0.86,0.86,0.86,0.86,0.84,0.84,0.86,0.86,0.86,0.86,0.86,-1.05,0.86,0.86,0.86,0.86,0.86,0.86,0.86,0.86,0.86,0.86,0.86,0.86,0.86,0.85,0.84,0.86,0.86,0.86,-1.15,0.86,0.86,0.86,0.86,0.86,0.84,0.86,0.86,-1.13,0.85,0.84,0.85,0.86,0.86,0.83,0.86,0.86,0.86,0.86,0.86,0.86,0.86,0.83,0.86,0.86,0.86,0.85,0.86,0.86,0.86,-1.12,0.85,0.86,0.86,0.86,0.85,0.86,0.72,0.86,0.86,0.86,0.86,0.86,0.81,0.84,-1.06,0.86,0.84,0.84,0.84,0.83,-1.09,0.84,0.85,0.84,0.83,0.86,0.85,0.86,0.86,0.84,0.86,0.86,0.86,0.86,-1.0,0.86,0.86,0.86,0.86,0.86,0.86,0.86,0.86,0.85,0.86,-1.12,0.85,0.86,0.86,-1.03,0.85,0.84,0.86,0.86,0.86,-1.03,0.86,0.86,0.86,-1.11,0.86,0.86,0.86,0.85,0.84,0.86,0.86,0.86,0.7,0.86,0.86,0.85,0.84,0.86,0.85,0.86,0.86,0.86,0.86,0.84,0.86,0.86,0.86,0.86,0.84,0.86,0.86,0.85,0.86,0.86,0.86,-1.13,0.84,0.84,0.84,0.86,0.86,0.85,0.86,0.86,0.84,0.86,-1.14,0.86,0.86,0.84,0.86,0.86,0.86,0.86,-1.14,0.85,0.73,0.84,0.86,0.83,0.86,-1.0,0.86,0.86,0.86,-1.12,0.84,0.86,0.86,-1.13,0.86,0.86,0.86,0.86,0.72,0.86,0.85,0.86,0.86,0.86,0.86,0.86,0.86,0.84,0.86,0.86,0.86,-1.03,0.86,0.86,0.86,0.85,0.84,0.85,0.84,0.86,0.86,0.84,0.84,0.86,0.86,0.73,0.86,0.86,0.86,0.85,0.86,0.71,0.86,0.86,0.86,0.86,0.86,0.85,0.86,0.86,0.86,0.86,0.86,-1.1,0.86,0.85,-1.1,0.86,0.86,0.84,0.86,0.86,0.86,-1.07,0.73,0.83,0.85,0.86,0.86,0.84,0.86,0.86,-1.07,0.86,0.84,0.86,-1.08,0.83,0.86,0.86,-1.0,0.85,0.86,0.86,0.86,0.86,0.86,0.85,-1.02,0.84,0.85,0.85,0.84,0.86,0.86,0.85,0.86,0.86,0.86,0.86,0.83,0.86,0.86,0.86,-1.05,0.86,0.86,0.86,0.86,0.86,0.85,0.86,0.86,0.86,0.86,0.86,0.85,0.86,0.86,0.86,0.8,0.86,0.85,0.86,-1.08,0.86,0.85,-1.12,0.86,0.85,0.86,0.85,0.85,0.86,0.86,0.86,0.86,0.86,0.86,0.85,0.86,0.82,0.86,0.86,0.86,0.86,0.86,0.86,-1.06,-1.04,0.86,0.85,0.86,0.85,0.86,0.86,-1.16,0.86,0.83,0.86,0.86,0.86,0.86,0.86,0.86,0.86,0.86,0.86,0.86,0.86,0.86,0.86,0.86,0.86,0.86,0.86,0.86,0.86,0.86,0.86,0.86,0.86,0.86,0.84,0.86,0.86,0.86,0.86,0.86,0.86,0.86,0.86,0.86,0.86,0.86,0.86,0.86,0.86,0.85,0.86,0.86,0.82,0.86,0.86,0.86,0.86,0.86,0.86,0.86,0.86,0.86,0.86,0.86,0.86,0.86,0.86,0.84,0.86,0.86,0.85,0.86,0.83,0.86,-1.04,0.86,0.86,0.86,0.86,0.86,0.86,0.84,0.82,0.86,0.86,0.86,0.86,0.86,-1.02,0.86,0.86,-1.11,0.85,0.85,0.86,0.86,0.86,0.86,0.86,0.86,0.86,0.86,0.86,0.86,0.86,0.86,0.84,0.84,0.86,0.86,0.86,0.86,0.86,0.86,0.86,0.75,0.86,0.86,0.86,-1.03,0.86,0.86,0.85,0.86,0.86,0.86,0.86,0.86,0.86,0.86,0.86,0.86,0.86,0.86,-1.07,0.86,0.86,0.86,0.77,0.86,0.86,0.86,0.86,0.86,0.86,0.84,0.86,0.86,0.85,0.86,0.86,0.86,0.86,0.86,0.86,0.86,0.85,0.85,0.86,0.82,0.86,-1.0,0.86,0.86,0.86,0.86,0.86,0.85,0.86,0.86,0.85,-1.08,0.86,0.86,0.86,0.86,0.86,0.86,0.85,0.86,0.86,0.86,0.86,0.86,0.86,0.86,-1.12,0.86,0.86,0.83,0.86,0.86,0.86,0.86,-1.22,0.84,0.82,0.86,0.86,0.86,0.86,0.86,0.84,0.86,0.86,0.86,0.86,0.86,0.86,0.86,0.86,0.86,-1.13,0.84,0.83,0.86,0.86,0.86,0.86,0.86,0.86,0.86,0.86,0.86,0.85,0.84,0.86,0.85,0.86,0.86,-1.01,0.86,0.86,0.84,0.85,0.86,0.86,0.86,0.86,0.86,0.85,0.86,-1.07,0.86,0.85,0.86,0.86,0.86,0.86,0.86,0.86,0.86,0.85,0.85,0.86,0.86,0.86,0.86,0.86,0.86,0.84,0.86,0.86,0.86,0.86,0.86,0.85,-1.02,0.85,0.85,0.86,0.86,0.72,0.86,0.86,0.86,0.86,0.86,0.86,0.86,0.86,0.86,0.86,0.86,0.86,0.86,0.84,0.85,0.86,0.85,0.86,0.86,0.84,0.86,0.86,0.85,0.86,0.72,0.84,0.86,0.86,0.86,0.86,0.84,0.86,0.86,0.86,0.86,0.86,0.86,0.86,0.86,0.86,0.85,0.86,0.85,0.84,0.86,0.86,0.86,0.86,0.86,-1.16,0.86,0.81,0.86,0.86,0.86,0.86,0.86,0.86,0.86,0.85,0.84,0.81,0.84,0.85,0.86,0.86,-1.04,0.86,0.86,0.86,0.71,0.86,0.86,0.86,0.86,0.86,0.86,0.76,0.86,0.86,0.85,0.86,0.86,0.86,0.86,0.86,0.86,0.86,-1.01,0.84,0.86,0.83,0.72,0.86,0.86,0.86,0.71,0.84,0.86,0.86,0.86,0.86,0.86,-1.13,0.86,0.86,0.86,0.86,0.86,0.86,0.86,0.86,0.86,0.86,0.82,0.84,0.86,0.83,0.85,0.86,0.86,0.86,0.86,0.86,0.86,0.86,0.86,0.85,0.85,0.85,0.86,0.85,0.84,0.86,0.85,0.86,0.86,0.86,0.86,0.86,0.86,0.86,0.86,0.86,0.86,0.86,0.86,0.86,0.86,0.86,0.86,0.86,-1.02,0.85,0.86,0.86,0.86,0.85,-1.07,0.86,0.83,0.82,0.86,0.86,0.86,-1.16,0.86,-1.12,0.86,0.86,0.86,0.86,0.86,0.86,0.75,0.86,0.86,0.85,-1.01,0.85,0.82,0.86,0.86,0.86,0.86,0.86,0.86,0.86,0.86,0.86,0.78,0.85,0.86,0.86,0.86,0.86,0.86,0.86,0.85,0.86,0.86,-1.08,0.86,0.86,0.8,0.86,0.86,0.86,0.86,0.86,0.86,0.86,0.84,0.86,-1.04,0.86,0.79,0.84,0.86,0.86,0.86,-1.03,0.84,0.86,0.85
0.82,-1.0,-1.21,-1.04,-1.02,-1.02,0.82,-1.04,-1.03,-1.19,-1.05,-1.17,0.84,0.82,0.83,0.63,-1.1,-1.03,0.83,0.83,0.86,-1.08,0.85,0.78,0.83,0.84,0.81,0.73,0.58,0.84,0.8,0.79,0.85,0.86,0.85,-1.02,-1.04,0.86,0.85,0.8,-1.08,0.75,0.85,0.86,0.86,0.86,0.82,0.84,-1.03,0.8,-1.16,0.86,-1.0,0.86,0.86,0.85,-1.02,0.86,0.82,0.86,0.85,-1.03,0.86,0.85,0.79,0.86,0.76,0.86,0.86,0.86,0.85,0.86,0.86,-1.09,0.86,0.86,0.86,0.86,0.84,0.86,0.86,0.86,0.86,0.86,0.86,0.84,0.86,0.86,0.86,0.86,0.85,0.86,0.86,-1.14,0.86,-1.23,0.86,0.86,0.84,0.86,0.86,-1.07,0.86,0.83,0.86,0.86,0.86,0.86,0.84,0.85,0.86,0.86,0.86,0.86,0.86,0.84,0.86,0.86,0.86,0.86,0.86,0.85,0.86,0.86,0.86,0.85,0.86,0.86,0.86,0.86,0.84,0.86,0.86,0.86,0.86,0.86,0.84,0.86,0.86,0.86,0.86,0.86,0.86,0.86,0.85,0.84,0.86,0.86,0.86,0.73,0.86,0.86,0.82,0.86,0.86,0.86,0.86,0.86,0.86,0.86,0.86,0.86,0.86,0.85,0.84,0.85,0.86,0.86,0.86,0.86,0.86,0.86,0.86,0.86,0.86,0.86,0.86,0.86,0.86,0.86,-1.14,0.86,0.86,0.86,0.86,0.86,0.86,0.86,0.86,0.86,0.86,0.86,0.84,0.86,0.86,0.86,0.86,0.86,0.8,0.78,0.86,0.86,0.86,0.86,0.86,0.8,0.86,0.86,-1.07,0.86,0.86,0.86,0.86,0.86,0.85,0.86,0.86,0.86,0.86,0.86,0.86,0.86,0.86,0.86,0.85,0.86,-1.02,0.86,0.86,0.86,-1.13,0.86,0.86,0.86,0.86,0.85,0.86,0.84,0.86,0.7,0.84,0.85,0.86,0.86,0.84,0.85,0.86,0.86,0.86,0.86,-1.09,0.86,0.84,0.86,0.7,-1.02,0.86,0.79,0.86,0.86,-1.08,0.86,0.84,0.84,0.86,0.86,0.86,0.86,0.86,0.84,0.86,0.86,0.86,0.86,0.86,0.86,0.86,0.86,0.86,0.86,0.86,0.86,0.86,0.84,0.72,0.86,0.84,0.86,0.86,0.8,0.86,0.86,0.86,0.86,-1.1,0.86,0.85,0.86,0.85,0.68,0.86,0.86,0.84,0.86,0.86,0.84,0.73,0.86,0.85,0.86,0.86,0.86,-1.03,0.86,0.84,0.86,0.86,0.86,0.86,-1.13,0.86,0.86,0.86,0.86,0.85,0.86,0.86,0.86,0.86,0.86,0.86,0.86,0.85,0.86,0.84,0.86,0.85,0.82,0.86,0.86,0.86,0.86,0.86,0.86,0.86,0.86,0.84,0.85,0.86,0.85,0.86,0.86,0.86,0.84,-1.04,0.86,0.86,0.86,-1.05,0.84,0.86,0.84,0.86,0.79,0.86,0.83,0.86,0.86,0.85,0.86,0.86,0.86,0.86,0.85,0.85,0.85,0.84,0.86,0.86,0.86,0.84,0.86,0.81,0.86,0.86,0.84,0.84,0.86,0.86,0.85,0.72,-1.08,0.86,-1.14,0.84,0.86,0.85,0.86,0.85,0.86,0.86,0.86,0.79,0.86,0.86,0.86,0.86,0.86,0.85,0.82,0.86,0.7,0.86,0.86,0.86,0.86,0.86,0.85,0.86,0.84,0.85,0.86,0.86,0.86,0.86,0.85,0.86,-1.01,0.85,0.86,0.84,-1.05,-1.11,0.85,-1.02,0.86,0.86,0.84,0.86,0.85,0.86,0.86,0.86,0.72,0.86,0.86,0.86,0.84,0.84,0.86,0.78,0.86,0.86,0.86,0.86,0.86,0.86,0.86,0.86,0.86,0.8,0.86,0.86,0.86,0.85,0.86,0.86,0.86,0.86,0.86,0.85,0.85,0.86,0.86,0.86,-1.07,0.86,-1.05,0.86,0.86,0.86,0.86,0.86,0.86,0.86,0.86,0.86,0.86,0.86,0.86,0.86,0.86,0.85,0.86,0.86,0.86,0.85,0.85,0.85,-1.04,-1.02,0.86,0.86,0.86,0.86,0.84,0.86,-1.13,0.86,0.86,-1.08,0.86,0.72,0.75,0.85,0.86,0.86,0.86,0.86,0.86,0.86,0.86,0.75,0.86,0.86,0.83,0.86,0.86,0.86,0.86,0.86,0.84,0.84,0.86,0.86,0.84,0.86,0.86,0.86,0.86,-1.14,0.86,0.84,0.86,0.86,0.86,0.86,0.86,0.86,0.86,0.86,0.76,0.85,0.86,0.86,0.86,0.86,0.86,0.86,0.84,0.86,0.86,0.86,0.86,0.85,0.86,0.86,0.86,0.86,0.84,0.86,0.86,0.86,0.86,0.86,0.86,0.83,-1.16,0.86,0.86,0.84,0.86,0.86,0.86,0.86,0.8,0.86,0.86,0.86,0.86,0.84,0.86,-1.02,0.84,0.86,0.85,0.86,0.86,-1.08,0.86,0.86,0.86,0.86,0.86,0.86,0.86,0.86,0.86,0.86,0.86,0.86,0.85,0.85,0.86,0.86,0.86,0.86,0.86,0.86,0.85,0.86,0.86,0.84,-1.03,0.84,0.86,0.86,0.84,0.86,0.86,0.84,0.86,0.86,0.71,-1.09,0.86,0.85,0.86,0.86,0.86,0.86,0.85,0.86,0.83,0.86,0.86,0.86,0.86,0.84,0.86,0.86,0.86,0.86,-1.13,-1.1,0.86,0.83,0.85,-1.14,0.86,0.85,0.86,0.86,0.86,0.86,0.86,0.86,0.82,0.86,0.86,0.86,0.86,0.86,-1.13,0.86,0.86,0.86,0.86,0.86,0.86,0.86,0.85,-1.11,0.85,0.86,0.85,0.86,0.86,0.85,0.86,0.86,0.8,0.86,-1.12,0.86,-1.08,0.86,0.86,0.86,-1.06,0.86,0.84,0.86,0.84,-1.03,0.85,0.86,0.85,0.86,0.86,0.86,0.86,0.86,0.86,0.86,0.86,0.86,-1.05,0.86,0.86,0.86,0.86,0.82,0.86,0.86,0.86,0.86,0.86,-1.1,0.86,0.86,0.86,0.84,0.84,0.84,-1.02,0.86,0.86,0.86,0.86,0.77,0.86,-1.07,0.86,0.86,0.82,0.86,0.8,0.86,0.86,-1.11,0.86,0.82,0.86,0.86,0.86,0.86,0.86,0.85,0.85,0.86,0.85,0.86,0.86,0.86,0.86,0.84,0.86,0.86,0.86,0.86,0.86,0.86,0.86,0.86,0.86,0.83,0.86,-1.04,0.86,0.86,0.86,0.86,0.86,0.85,0.86,0.86,-1.08,0.86,-1.08,0.77,0.86,0.86,0.86,0.86,0.86,0.82,0.84,0.84,0.86,0.86,0.84,0.83,0.86,0.86,0.86,0.86,-1.03,0.86,0.86,-1.11,0.86,-1.01,0.86,0.84,0.85,0.86,0.86,0.86,0.86,0.86,0.83,0.79,0.82,0.86,0.86,0.81,0.79,0.84,0.85,0.86,0.86,0.86,0.86,0.85,0.86,0.86,0.86,0.86,0.86,0.86,0.86,0.86,0.86,0.86,0.86,0.86,0.86,0.86,0.83,0.86,0.86,0.86,0.86,0.86,0.86,0.86,0.82,0.86,0.86,-1.12,0.86,0.86,0.86,0.85,0.86,0.86,-1.17,0.86,0.86,0.86,0.86,-1.04,0.85,0.86,0.86,0.86,0.85,0.86,0.86,0.86,0.86,0.84,0.86,0.86,0.86,0.86,0.86,0.86,0.71,0.86,0.86,0.86,0.86,0.86,0.86,0.86,0.86,0.86,0.86,0.86,0.86,0.86,0.84,0.86,0.86,0.86,0.86,0.86,0.86,0.86,-1.11,0.86,0.86,0.86,0.86,0.86,0.86,-1.09,0.83,0.85,0.86,0.86,0.86,0.86,0.86,0.86,0.86,0.86,0.86,0.86,0.86,0.84,0.83,0.86,0.85,-1.0,0.86,0.83,0.86,0.86,-1.0,0.84,0.86,0.84,0.86,0.86,0.86,0.86,0.84,0.84,0.86,0.86,0.82,0.85,0.86,0.86,0.86,0.86,-1.1,0.86,0.85,0.86,0.86,-1.1,0.57,-1.06,0.86,0.86,0.86,0.86,0.86,0.86,0.86,0.86,0.86,0.83,0.86,0.86,0.86,-1.03,0.83,0.86,-1.02,0.86,0.86,0.86,0.86,0.82,0.83,0.86,0.86,0.84,0.86,0.86,0.85,0.86,0.86,0.86,0.86,0.84,0.86,-1.11,0.86,0.86,0.86,0.85,0.85,0.78,0.86,0.86,0.86,0.86,0.86,0.86,0.86,0.86,0.69,0.86,0.86,0.86,0.86,0.86,0.86,0.86,0.85,0.86,0.86,0.84,0.85,0.86,0.86,0.86,0.86,0.86,0.85,0.86,0.86,0.85,0.85,0.86,0.86,0.86,-1.03,0.86,0.86,0.86,0.83,0.86,0.86,0.86,0.84,0.85,0.84,0.86,0.86,0.86,0.86,0.86,0.86,0.86,0.75,0.86,0.86,0.86,0.86,0.86,0.74,0.86,0.86,0.86,-1.01,0.86,0.86,-1.02,0.86,0.86,0.86,0.86,0.86,0.85,0.86,0.86,0.84,0.86,0.86,0.86,0.86,0.86,0.84,0.86,0.85,0.85,0.86,0.86,-1.02,0.85,0.86,0.86,-1.02,0.85,0.83,0.86,0.86,0.86,0.85,0.86,0.86,0.86,0.86,0.86,0.85,0.7,0.86,0.86,-1.11,0.76,0.86,0.86,0.86,0.86,0.86,0.85,0.86,-1.11,0.77,0.86,0.86,0.84,0.86,0.86,0.86,0.86,0.74,0.86,0.86,0.86,0.86,0.86,0.84,0.86,0.85,0.86,0.86,0.86,-1.0,0.84,0.86,-1.07,0.83,0.86,0.86,-1.04,0.86,0.84,0.86,0.86,0.86,0.86,0.86,0.86,0.86,0.86,0.84,0.86,0.86,-1.0,0.86,0.86,0.86,0.86,0.86,0.84,0.85,0.86,0.86,0.84,0.86,-1.03,0.86,0.86,0.86,0.86,0.83,0.86,0.86,-1.05,0.85,0.86,0.86,0.86,0.86,0.85,0.85,0.7,0.85,0.86,0.86,0.86,0.86,0.85,0.86,0.84,0.86,0.86,0.86,0.86,0.85,0.86,0.86,0.86,0.86,0.86,0.86,0.86,0.86,0.86,-1.01,0.86,0.84,0.85,0.86,0.86,0.86,0.86,0.86,0.86,0.86,0.86,0.86,0.85,-1.1,0.86,0.86,-1.12,0.86,0.86,0.86,0.78,0.85,0.86,0.82,0.86,0.86,0.86,0.86,0.82,0.86,0.86,0.85,0.86,0.83,0.86,0.86,0.86,0.86,0.86,0.86,0.86,0.86,0.86,0.86,0.86,0.86,-1.12,0.83,0.86,0.86,0.86,0.86,0.84,0.85,0.86,0.86,0.86,0.86,0.84,0.85,0.86,0.86,0.86,0.86,0.86,0.86,0.86,0.86,0.86,0.86,0.86,0.86,0.86,-1.13,0.86,0.85,0.86,0.86,0.8,0.86,0.75,0.86,0.86,0.77,0.86,-1.14,0.86,0.86,0.84,0.86,0.85,0.85,0.85,0.85,0.86,0.74,0.86,0.86,0.86,0.83,0.86,0.86,0.86,0.86,0.86,0.86,0.86,0.86,0.86,-1.0,0.86,0.86,0.86,0.86,0.86,0.86,0.86,0.86,0.84,-1.03,0.86,0.86,0.86,0.86,0.73,0.86,-1.14,0.86,-1.13,0.84,0.86,0.86,0.86,0.79,0.85,0.86,0.86,0.86,0.86,0.86,0.86,0.86,0.86,0.86,0.86,0.73,0.86,0.86,-1.07,0.85,0.86,0.75,0.85,0.86,0.84,0.86,0.86,0.85,0.86,0.86,0.85,0.85,0.86,0.83,0.86,0.86,0.86,0.86,0.86,0.84,0.86,0.86,0.86,0.86,0.85,0.86,0.86,0.86,0.86,0.86,0.75,0.86,0.86,0.86,0.86,0.86,0.86,0.86,0.86,0.86,0.86,0.8,0.86,0.86,0.86,0.86,-1.09,0.57,0.86,0.86,0.86,0.84,0.86,0.84,-1.05,0.86,0.86,0.86,0.86,0.86,0.86,0.84,0.86,0.86,0.85,0.86,0.86,0.86,0.86,0.86,0.54,0.86,0.86,0.85,0.86,0.86,0.86,0.86,0.84,0.76,0.86,0.86,0.86,0.86,0.86,0.86,0.86,0.86,0.86,0.86,0.85,0.86,0.86,0.72,0.86,0.86,0.86,0.86,0.86,0.86,0.86,0.86,0.86,0.84,0.86,0.85,0.86,0.85,0.86,0.86,0.86,0.86,0.86,0.86,0.86,0.86,0.86,0.86,0.86,0.86,0.86,0.86,0.86,0.86,0.86,0.84,0.86,0.86,0.83,0.86,0.86,0.86,0.86,0.83,0.79,0.86,-1.09,0.86,0.86,0.86,-1.05,-1.0,0.86,0.85,0.86,0.86,0.86,0.85,0.85,0.86,0.86,0.86,0.86,0.86,0.84,0.86,0.86,0.84,0.86,0.86,0.86,0.86,0.86,0.84,0.86,0.86,0.85,0.86,0.86,0.82,0.85,0.86,0.86,0.86,0.85,0.86,0.86,0.86,0.86,0.86,0.86,0.85,0.86,-1.02,0.86,0.84,0.86,0.84,0.86,0.85,0.86,0.86,0.85,0.86,0.85,0.86,0.85,0.86,0.86,0.86,0.86,-1.08,0.86,0.86,-1.01,0.85,0.84,0.86,0.86,0.76,0.86,-1.08,0.86,0.86,0.79,0.86,0.85,0.86,0.86,-1.12,0.86,0.86,0.86,0.86,0.86,0.86,0.86,0.84,0.86,0.86,0.86,0.86,0.86,0.86,-1.15,0.86,0.79,0.86,0.86,0.86,0.86,0.86,0.86,0.86,0.86,0.86,0.85,0.83,0.86,0.86,0.71,0.86,0.86,0.86,0.85,0.86,0.85,0.86,0.86,0.86,0.86,0.84,0.86,0.74,0.86,0.86,0.86,-1.13,0.84,0.86,0.86,0.82,0.85,0.86,0.86,0.86,0.86,0.86,0.85,0.86,0.83,0.86,0.86,-1.09,0.78,0.86,-1.08,0.86,0.86,0.84,0.83,0.86,0.86,0.86,0.71,0.86,0.86,0.86,0.86,0.86,0.86,0.86,0.86,0.86,0.85,0.83,0.86,0.86,0.86,0.86,0.86,0.86,0.76,0.86,0.86,0.84,0.86,0.86,0.84,0.86,0.84,0.84,0.84,0.86,0.86,0.86,0.86,0.86,0.86,0.76,0.86,0.86,0.85,0.85,0.8,0.84,0.86,-1.04,0.86,0.86,0.86,0.86,0.83,0.86,0.83,0.86,0.76,0.86,0.86,0.86,0.86,0.86,0.86,0.86,0.86,0.86,0.86,0.86,0.86,0.86,0.86,-1.02,0.84,0.86,0.86,0.85,0.86,0.84,0.86,0.86,0.86,0.86,0.86,0.86,0.86,0.86,0.84,0.79,0.86,0.86,0.86,0.85,0.86,0.86,0.86,0.75,0.86,0.86,0.86,0.86,0.86,0.86,0.86,0.86,0.86,0.86,0.86,0.86,0.86,0.86,0.86,0.86,0.86,0.85,0.86,0.86,0.86,0.86,0.86,0.86,0.86,0.86,-1.13,0.81,0.85,0.86,0.86,0.86,0.86,0.86,0.86,0.86,0.85,0.86,0.86,0.86,0.86,0.86,0.86,0.86,0.86,0.86,0.84,0.86,0.86,-1.08,0.86,0.86,0.86,0.85,0.86,0.86,0.86,0.86,0.85,0.86,0.86,0.86,0.86,-1.15,-1.03,0.84,0.86,0.86,0.86,0.86,0.86,0.86,0.86,-1.02,0.85,0.85,0.86,0.86,0.86,0.86,0.86,0.78,0.86,0.86,0.86,0.86,0.85,0.84,0.86,0.83,0.86,0.86,0.86,0.86,0.86,0.86,0.86,0.85,0.86,0.84,0.85,0.86,-1.09,0.85,0.86,0.86,0.86,0.86,0.85,0.86,0.85,0.86,0.86,0.86,0.86,-1.13,0.86,0.86,0.86,0.84,0.86,-1.02,0.86,0.85,0.86,0.86,0.86,0.84,0.86,0.84,0.86,0.86,0.86,0.86,0.86,0.86,0.86,0.86,0.86,0.86,0.86,0.86,0.86,0.86,0.86,0.86,-1.09,0.84,0.86,0.86,0.86,-1.14,-1.07,0.85,-1.02,0.73,0.74,0.79,0.79,0.86,0.86,0.86,0.86,-1.0,0.86,0.86,0.86,0.86,0.86,0.76,0.86,0.86,0.86,0.86,0.86,0.86,0.86,0.86,0.86,0.84,0.86,-1.12,0.86,0.86,0.86,0.84,0.86,0.77,0.86,0.85,0.86,0.86,0.86,0.86,0.86,0.84,0.86,0.86,0.85,0.86,0.86,-1.02,0.86,0.86,0.86,0.7,0.86,-1.06,0.86,0.84,0.86,0.86,0.85,0.86,0.86,0.86,0.86,0.86,0.86,0.86,0.86,0.86,0.86,0.86,0.86,0.86,0.86,0.86,0.84,0.86,0.86,0.86,0.86,0.86,0.86,0.86,0.86,0.86,0.84,0.86,0.84,0.86,0.84,0.84,0.86,0.85,0.86,0.86,0.85,0.86,0.84,0.86,0.86,0.84,0.86,0.86,0.86,0.83,0.86,0.76,0.86,0.86,0.72,0.86,0.86,0.86,0.86,0.64,0.86,0.86,0.86,-1.04,0.82,0.86,0.85,0.85,0.86,0.86,0.86,0.85,-1.14,0.85,0.83,0.84,0.86,0.86,0.86,0.86,0.86,0.85,0.86,0.86,0.86,0.86,0.85,0.86,0.82,0.86,0.86,0.86,0.85,0.86,0.86,0.86,0.86,0.86,-1.02,0.86,0.85,0.84,0.86,0.86,0.86,0.86,0.86,0.86,0.86,0.86,0.86,0.86,0.86,0.86,0.86,0.86,0.86,0.86,0.86,0.86,0.86,0.86,0.86,0.86,0.86,0.86,0.86,0.84,0.86,0.85,0.86,0.86,0.86,0.86,0.86,0.84,0.86,0.86,0.86,0.86,0.85,0.86,0.86,0.86,0.86,0.75,0.86,0.86,0.85,0.86,0.86,0.86,0.86,0.86,0.86,0.86,0.85,0.86,0.86,0.86,0.86,0.85,0.86,0.86,0.86,0.86,0.86,0.86,0.85,0.83,0.86,0.86,0.86,0.86,0.86,0.84,0.86,0.82,0.73,0.86,0.86,0.86,0.86,0.86,0.84,0.86,0.86,0.86,-1.15,0.83,0.86,0.86,0.86,0.86,0.86,0.86,-1.11,0.86,0.86,0.86,0.86,0.86,0.86,-1.12,0.86,0.86,0.86,0.86,-1.02,0.86,0.86,0.86,0.86,0.86,0.83,0.86,0.86,0.86,0.85,0.86,-1.03,0.86,0.86,0.86,0.85,0.86,0.86,0.86,0.86,0.86,0.86,0.84,0.86,0.85,0.86,0.86,0.85,0.86,0.84,0.86,0.86,0.86,0.86,0.86,0.86,0.86,0.85,0.86,0.86,0.86,0.86,0.85,0.86,0.86,0.86,0.86,0.86,0.86,0.85,0.85,0.86,0.86,-1.12,0.86,0.86,-1.02,0.86,0.86,0.86,0.86,0.86,0.86,0.86,0.85,0.86,0.86,0.86,0.86,0.86,0.85,0.86,0.84,0.77,0.86,0.86,0.86,0.84,0.86,0.73,-1.07,0.82,0.86,0.85,-1.05,-1.01,0.82,-1.02,-1.18,-1.04,0.83,0.86,0.85,0.85,0.86,0.86,0.84,0.84,0.85,0.85,0.86,0.86,0.86,0.86,0.86,0.86,0.86,0.84,0.86,0.86,0.86,0.86,0.86,0.86,0.86,0.85,0.86,0.85,0.86,0.86,0.85,0.86,0.86,-1.11,0.85,0.86,0.86,0.86,0.86,0.86,0.84,0.86,0.86,0.86,0.86,0.86,0.86,0.86,0.86,0.86,0.86,0.86,0.86,0.86,0.86,0.84,0.86,0.85,0.86,0.86,0.86,0.85,0.86,0.86,0.75,0.86,0.86,0.86,0.86,0.86,0.86,0.86,0.84,0.86,0.86,0.86,0.85,0.86,0.86,0.84,0.86,0.86,0.86,0.86,0.86,0.86,0.85,0.86,0.86,0.86,0.86,0.85,0.86,0.85,0.86,0.85,0.86,0.86,0.84,0.86,0.78,0.86,0.86,0.84,0.86,-1.03,0.86,0.86,0.86,0.86,0.86,0.86,0.86,0.86,0.86,0.86,0.86,0.86,0.86,0.86,0.85,0.86,0.86,0.86,0.86,-1.08,0.86,0.86,0.84,0.86,0.86,0.86,0.86,0.86,0.86,0.86,0.86,0.86,0.86,0.86,0.86,0.86,0.86,0.84,0.85,0.84,0.86,0.86,0.86,0.86,0.81,0.86,0.86,0.86,0.85,0.84,0.86,0.84,0.86,0.86,0.86,0.86,0.86,0.86,0.86,0.86,0.86,0.86,-1.03,0.86,0.86,0.86,0.86,0.86,0.86,0.86,0.86,0.85,0.86,0.86,0.86,0.86,-1.04,0.85,0.86,0.86,0.85,0.86,0.86,0.84,0.86,0.86,0.86,0.86,0.81,0.84,0.86,0.85,0.86,0.86,0.84,0.86,0.85,0.79,0.86,0.86,0.86,0.86,0.86,0.86,0.86,0.86,0.86,0.86,0.86,0.86,0.86,0.86,0.86,0.86,0.85,-1.03,0.86,0.84,0.86,0.86,0.86,0.86,0.86,0.86,0.86,0.85,0.86,0.86,0.86,0.86,0.86,0.86,0.86,0.86,0.86,0.86,0.86,0.85,0.86,0.86,0.86,0.85,-1.1,0.86,0.86,0.86,0.77,0.86,0.85,0.86,0.86,0.71,0.86,0.86,0.86,0.86,0.86,0.85,0.86,0.86,0.86,0.86,-1.08,0.86,0.86,0.86,0.86,0.86,0.86,0.86,0.86,0.86,-1.08,0.86,0.86,0.86,0.78,0.86,0.86,0.86,0.86,0.86,0.86,0.86,-1.0,0.86,0.86,0.86,0.85,-1.13,0.85,0.86,0.86,0.86,0.7,0.86,0.86,0.86,0.85,0.86,0.86,0.86,-1.05,0.84,0.86,0.86,0.86,0.85,0.86,-1.03,0.86,0.86,0.84,0.86,0.86,0.85,0.86,0.73,0.73,0.85,-1.09,0.86,0.85,0.84,0.83,0.86,0.84,0.86,0.86,0.86,0.86,0.85,0.85,0.86,0.86,0.81,0.86,0.86,0.86,0.76,0.85,-1.01,0.85,0.86,-1.09,0.83,0.86,0.86,0.86,0.86,0.86,0.86,0.86,0.86,0.86,0.67,0.85,0.86,-1.19,0.85,0.85,0.86,0.75,0.86,0.86,0.86,0.86,0.86,0.86,0.86,0.86,0.86,0.84,0.86,0.86,0.84,0.86,0.86,0.86,0.86,0.85,0.86,0.86,-1.02,0.86,0.84,0.86,0.86,0.86,0.86,0.85,0.86,0.86,-1.01,0.85,0.84,0.86,0.82,0.85,0.86,0.86,0.86,0.86,0.86,0.86,0.86,0.86,0.86,0.86,0.86,0.86,0.84,0.86,-1.03,0.78,0.86,0.85,0.86,0.86,0.86,0.86,0.86,-1.1,0.86,0.83,0.86,0.86,0.85,0.86,0.86,0.85,0.72,0.86,0.85,0.85,0.83,0.86,0.86,0.86,0.86,0.86,0.86,0.73,0.86,0.86,0.86,0.86,0.86,0.86,0.84,0.86,0.86,0.86,0.86,0.84,0.85,0.86,0.86,0.86,0.86,0.86,0.86,0.86,0.85,-1.11,0.86,0.86,0.86,-1.12,0.85,0.86,0.85,0.86,0.77,0.86,0.86,0.86,0.86,0.86,0.86,0.75,0.86,0.86,0.86,0.86,-1.05,0.85,0.86,0.86,-1.04,-1.0,0.86,0.86,-1.04,0.86,0.86,0.86,0.85,0.83,0.86,0.85,0.83,0.83,0.85,0.86,0.85,0.85,-1.02,-1.04,0.86,0.86,0.86,-1.0,0.86,0.86,0.83,0.86,0.86,0.85,0.86,0.86,0.86,0.86,0.85,0.85,0.86,0.86,-1.06,0.86,0.83,0.86,0.82,0.86,0.86,0.86,0.86,0.86,0.86,0.86,0.83,-1.02,0.74,0.86,0.86,0.85,0.76,0.86,0.85,0.86,0.86,0.84,0.84,0.86,0.84,0.86,0.78,0.84,0.86,0.86,0.86,0.86,0.86,0.86,0.85,0.77,0.84,0.86,0.86,0.86,0.86,0.85,0.85,0.86,0.86,0.86,0.86,0.86,0.86,0.65,0.86,0.86,0.86,0.86,0.86,0.86,0.86,-1.08,0.86,0.83,0.86,0.85,0.85,0.86,0.86,0.86,0.86,0.86,0.86,0.86,0.86,0.85,0.86,0.86,-1.06,0.83,0.86,0.86,0.86,0.72,0.84,0.86,0.84,0.86,0.86,0.85,0.86,0.85,0.86,0.86,0.76,0.86,0.78,-1.03,-1.04,0.86,0.84,0.85,0.86,0.86,0.84,0.86,0.86,0.86,0.85,0.86,0.77,0.86,-1.07,0.86,0.86,-1.07,0.86,0.84,0.85,0.86,0.84,-1.12,0.85,0.86,0.83,0.85,0.86,0.7,0.86,0.86,0.85,-1.02,-1.14,0.83,0.86,0.86,-1.14,0.81,0.86,0.86,0.86,0.86,0.86,0.86,0.86,0.84,0.85,0.86,0.86,0.86,0.83,0.85,0.86,0.86,0.86,0.86,0.86,0.86,0.84,0.86,0.86,0.86,0.86,-1.13,0.85,0.86,0.73,0.86,0.86,0.8,0.86,0.86,0.86,0.84,0.86,0.74,0.84,0.86,0.86,0.86,0.86,0.86,0.86,0.85,0.73,0.85,0.85,0.84,-1.15,0.86,-1.02,0.84,0.85,0.85,0.86,-1.13,0.83,-1.12,0.86,0.86,0.83,0.84,0.86,0.86,0.85,0.86,0.86,0.86
-1.06,-1.04,0.83,-1.46,-1.09,0.82,-1.0,-1.11,-1.5,0.79,-1.22,-1.08,0.6,0.73,-1.17,-1.05,0.66,-1.03,-1.01,0.76,-1.09,0.72,0.86,0.83,-1.24,0.84,0.85,0.84,0.85,0.74,-1.23,0.79,-1.08,0.86,0.69,0.82,0.81,0.86,-1.03,0.74,0.8,0.81,0.84,0.8,0.79,0.86,-1.05,0.82,0.79,0.8,0.86,-1.05,0.86,0.82,-1.15,0.86,0.86,-1.02,0.86,0.85,0.83,-1.13,0.86,0.86,0.86,0.86,0.74,0.86,0.84,0.86,0.84,0.86,0.86,0.76,0.86,0.85,-1.12,0.86,0.86,0.84,0.86,-1.04,0.84,0.86,0.86,0.85,0.86,0.86,0.86,0.86,0.85,0.86,0.85,0.86,0.86,0.86,0.86,0.86,0.85,0.85,0.86,0.78,0.86,0.85,0.84,0.86,0.85,0.86,0.86,0.85,0.86,0.86,0.86,0.86,0.86,0.86,-1.01,0.86,0.84,0.86,0.85,0.85,0.86,0.84,0.86,0.86,0.86,0.86,0.86,0.86,0.86,0.86,0.86,0.86,0.86,0.86,0.86,0.86,0.86,0.86,0.86,0.86,0.86,0.86,0.86,0.86,0.83,0.86,0.86,-1.01,0.86,0.86,-1.13,0.86,0.86,0.86,0.86,0.86,0.85,0.83,-1.0,0.86,0.86,0.86,0.86,0.86,0.86,0.83,0.85,0.86,-1.08,0.85,0.86,0.86,0.86,0.85,0.86,0.86,0.86,-1.0,0.86,-1.04,0.86,0.86,0.86,0.86,0.86,-1.09,0.86,0.86,0.86,0.86,0.85,0.86,0.82,0.83,-1.0,0.86,-1.12,0.86,0.86,0.86,0.8,0.86,0.86,0.86,0.86,0.86,0.85,0.86,0.86,0.86,0.86,0.86,0.86,-1.0,0.86,0.86,0.84,0.86,0.86,0.84,0.77,0.85,0.85,0.86,0.86,0.86,0.86,0.86,0.86,0.86,-1.13,0.86,0.83,0.75,0.86,0.86,0.86,0.86,0.86,0.86,-1.06,0.86,0.86,0.86,0.86,0.86,0.86,0.86,0.86,0.86,0.86,0.84,0.84,0.85,0.86,-1.19,0.71,-1.12,0.86,0.86,0.86,0.86,0.85,0.86,0.86,0.86,0.84,0.86,0.84,0.85,0.86,0.86,0.86,0.86,0.86,0.86,0.86,0.86,0.86,0.83,0.86,0.86,0.86,0.86,0.86,0.86,0.86,0.86,0.86,0.86,0.86,0.74,0.86,-1.12,0.86,-1.09,0.85,0.86,0.86,0.86,0.86,0.86,0.84,0.86,0.86,0.85,0.84,0.85,0.86,0.86,0.86,0.84,0.86,0.86,0.86,0.86,-1.13,0.86,0.84,0.86,0.86,0.85,0.85,0.86,0.86,0.86,-1.05,0.86,0.86,0.86,0.86,0.86,0.84,0.86,0.86,0.86,0.85,0.86,0.86,0.86,0.86,0.83,0.86,0.85,0.81,0.86,0.85,0.86,-1.14,0.86,0.86,0.86,0.86,0.86,0.86,0.86,0.86,0.84,0.86,0.86,0.84,0.67,0.86,0.83,0.86,0.86,0.86,-1.08,0.86,0.86,0.86,0.86,0.86,0.86,0.86,0.83,0.86,0.86,0.85,0.84,0.83,0.86,0.86,-1.07,0.83,0.86,0.86,0.86,0.86,0.86,0.86,0.86,0.86,0.86,0.72,0.84,0.85,0.76,-1.08,0.84,0.86,0.86,0.86,0.86,0.85,0.86,0.86,0.86,0.86,-1.07,-1.13,0.85,0.86,0.86,0.85,0.83,0.86,0.86,0.86,0.86,0.86,0.86,0.85,0.86,0.86,0.86,0.86,0.86,0.86,0.86,0.86,-1.01,0.81,0.86,0.86,0.85,-1.12,0.86,0.86,-1.06,0.85,0.86,0.86,0.86,0.86,0.86,0.86,0.86,0.86,0.86,0.85,0.86,0.86,0.86,0.85,0.86,0.84,0.86,0.85,0.84,0.86,0.86,0.8,0.86,0.86,0.86,0.86,0.86,0.86,0.86,0.86,0.86,0.86,-1.02,0.78,0.86,0.86,0.86,0.86,-1.02,0.86,0.85,0.86,0.83,0.86,0.85,0.86,0.86,0.86,0.86,0.86,0.86,0.86,0.86,0.86,0.86,0.86,0.86,0.86,0.86,0.84,0.86,0.74,0.86,0.86,0.86,0.85,0.86,0.85,0.86,0.86,0.86,0.86,0.86,0.8,0.86,0.86,0.85,-1.03,0.86,0.86,0.86,0.85,0.86,0.84,0.86,0.86,0.86,0.86,0.86,0.86,0.86,-1.09,0.86,0.86,0.86,0.86,0.86,0.86,0.85,0.86,0.86,0.86,0.86,0.86,0.86,0.86,0.85,0.86,0.84,0.86,0.86,0.86,0.86,0.86,0.86,-1.06,0.86,0.86,0.86,-1.11,0.86,0.86,0.86,0.86,0.86,0.86,0.86,0.86,0.86,0.86,-1.04,0.86,0.86,0.86,0.86,-1.07,0.86,0.72,0.86,0.86,0.85,0.86,0.86,0.86,0.86,0.86,0.86,0.86,0.86,0.86,0.86,0.86,0.84,-1.03,0.86,0.86,0.86,0.86,0.85,0.86,0.86,0.86,0.83,0.83,-1.12,0.86,0.86,0.85,-1.09,0.86,0.86,0.86,0.86,0.84,0.86,0.86,0.86,0.86,0.86,0.85,0.86,0.86,0.86,0.86,0.86,0.86,0.86,0.84,0.86,-1.08,0.86,0.86,0.86,0.86,0.86,0.86,0.85,0.86,0.86,0.86,0.86,0.86,0.86,-1.08,0.86,0.86,-1.13,0.86,0.86,0.86,0.84,0.86,0.86,0.84,-1.0,0.86,0.86,0.86,-1.0,0.86,0.86,0.86,0.78,0.86,-1.09,0.85,0.86,-1.13,0.85,0.86,0.84,0.86,0.86,0.86,0.86,0.86,0.86,0.84,0.86,0.86,0.86,0.86,0.85,0.86,0.86,0.86,0.86,0.86,0.86,0.86,0.86,0.85,0.86,0.86,0.86,0.86,0.86,0.86,0.86,0.85,0.86,0.86,0.86,0.86,0.86,0.86,0.86,0.86,0.86,0.86,0.86,0.86,0.86,0.86,0.86,0.86,0.86,0.86,0.84,0.85,0.85,0.86,0.86,0.84,0.86,0.72,0.86,0.85,0.86,0.86,0.86,0.86,0.86,0.86,0.86,-1.1,0.86,0.86,0.85,0.86,0.86,0.85,-1.01,0.85,0.86,0.86,0.85,0.84,0.86,0.86,0.86,0.86,0.86,0.86,-1.12,0.82,-1.11,0.86,0.86,0.86,0.86,-1.04,0.86,0.83,0.86,0.85,0.86,0.86,0.86,0.85,0.86,0.86,0.86,0.86,0.86,0.86,0.85,0.86,0.86,0.85,0.86,0.86,0.86,0.86,0.86,0.86,0.84,0.86,0.86,0.84,0.86,0.85,0.85,0.86,0.86,0.86,0.86,0.86,0.85,0.86,0.86,0.86,0.84,0.86,0.86,0.86,0.86,0.85,0.86,0.86,-1.0,0.86,0.86,0.85,0.86,0.86,0.86,0.86,0.86,0.86,0.86,0.86,0.86,0.86,0.86,0.85,-1.03,0.85,0.86,0.86,0.86,0.86,0.86,0.85,0.86,0.86,0.86,0.86,0.8,0.82,0.86,0.86,0.86,0.86,0.86,0.86,0.86,0.86,0.86,0.86,0.85,0.86,0.86,0.86,0.86,0.86,0.86,0.86,0.79,0.86,0.79,0.83,0.86,-1.01,0.86,0.86,0.86,0.86,-1.01,0.84,0.86,0.86,0.86,0.86,0.86,0.86,0.86,0.86,0.86,0.86,0.86,0.86,0.86,0.86,0.86,0.86,0.84,0.86,-1.14,0.86,0.84,0.86,0.86,0.86,0.86,0.86,0.86,0.86,0.85,0.86,0.86,0.77,0.86,0.86,0.86,0.86,0.86,0.86,0.83,0.86,0.86,0.8,0.86,0.86,0.85,0.86,0.86,0.86,0.86,0.86,0.86,0.86,0.73,0.77,0.86,0.84,0.86,0.85,0.86,0.86,0.86,0.85,0.86,0.86,0.86,0.86,0.86,0.86,0.84,0.84,0.86,0.85,0.86,0.86,0.86,0.86,-1.03,0.86,0.86,0.85,0.85,0.86,0.86,0.86,0.86,0.83,-1.15,0.86,0.84,0.86,0.86,0.86,0.86,0.86,0.86,0.86,0.86,0.86,0.86,0.86,0.86,0.86,0.86,0.86,0.86,0.86,0.86,0.85,0.86,-1.03,0.86,0.86,0.86,0.86,0.86,0.85,-1.08,0.86,0.85,0.86,-1.11,0.82,0.86,0.83,0.86,0.85,0.86,0.85,0.86,0.86,0.86,0.86,0.85,0.86,0.86,0.86,0.86,0.86,0.86,0.86,0.86,0.86,0.86,0.86,0.86,0.86,0.86,0.86,0.86,0.86,0.86,0.86,0.86,0.86,0.86,0.72,-1.04,0.86,0.86,0.86,0.86,0.86,0.84,0.86,0.86,0.83,-1.15,0.86,0.86,0.86,0.86,0.86,0.86,0.86,0.84,0.86,-1.0,0.84,0.86,0.86,0.86,0.86,0.86,-1.05,0.86,0.85,0.86,0.86,0.86,0.86,0.86,0.86,-1.01,0.86,0.86,0.86,0.86,0.74,0.86,0.86,0.84,0.86,0.84,0.82,0.85,0.86,0.77,0.86,0.86,0.86,0.86,0.85,0.86,0.86,-1.0,0.86,0.86,0.86,0.86,0.72,0.86,0.86,0.86,-1.12,0.85,0.86,0.86,0.86,0.86,0.86,0.86,0.86,0.84,0.86,0.86,0.86,0.86,0.86,0.86,0.86,0.86,0.85,0.74,0.86,0.86,0.86,0.86,0.86,0.86,0.83,0.86,0.86,0.86,0.86,0.86,0.85,0.86,0.86,0.84,0.86,0.85,0.86,0.86,0.86,0.86,-1.11,0.86,0.86,-1.03,0.86,0.86,-1.03,0.85,0.86,0.86,0.62,0.85,0.86,0.86,0.86,0.86,0.84,0.86,0.85,-1.02,0.86,0.86,0.81,0.86,0.82,0.86,0.86,0.86,-1.0,0.82,0.83,0.86,0.86,0.86,0.86,0.85,0.86,0.86,0.68,0.85,0.86,0.86,0.86,0.86,0.85,0.86,0.71,0.86,0.86,0.69,0.86,0.86,0.86,0.84,0.86,0.86,0.86,0.86,0.86,0.86,0.86,0.86,0.86,0.86,0.86,0.86,0.86,0.77,0.86,0.86,0.84,0.86,0.86,-1.11,0.85,0.85,0.86,0.86,0.86,0.84,0.86,0.86,0.83,0.84,0.86,0.86,0.78,0.85,-1.16,0.76,0.86,0.86,0.86,0.86,0.86,0.78,0.85,0.86,0.85,0.86,0.86,-1.02,0.86,0.85,0.86,0.86,0.86,0.86,0.86,0.86,0.85,0.86,0.83,0.84,0.84,0.86,0.85,0.86,0.86,0.86,0.75,0.86,0.86,0.86,0.86,0.86,0.86,0.86,0.86,-1.09,0.86,0.86,0.86,0.86,0.86,0.86,0.86,-1.09,0.71,-1.13,0.84,0.86,0.86,0.86,0.86,0.86,0.86,0.86,0.86,0.86,0.86,-1.03,0.85,0.86,0.86,0.86,0.86,0.86,0.86,0.86,0.86,-1.03,0.86,0.86,0.86,0.86,0.86,-1.01,0.86,0.86,0.85,0.86,0.86,0.86,0.86,0.86,0.86,0.86,0.86,0.78,0.86,0.77,0.79,0.86,0.86,0.86,0.86,0.86,0.84,-1.09,0.86,0.86,-1.03,0.86,-1.06,0.86,-1.12,0.86,0.86,0.86,0.85,0.86,0.86,0.86,0.86,0.86,0.86,0.86,0.86,0.86,0.86,0.85,0.86,-1.03,0.86,0.86,0.86,0.86,0.86,0.85,0.86,0.86,0.86,0.86,0.82,0.86,0.86,0.86,0.86,0.86,0.86,0.86,0.82,0.86,-1.05,0.86,0.86,0.85,0.86,0.86,0.86,0.86,0.84,0.86,0.83,0.86,0.86,0.79,0.86,-1.13,0.85,0.86,0.86,0.86,0.76,0.86,0.86,0.86,0.84,0.86,0.86,0.85,-1.09,0.83,0.85,0.86,0.84,0.86,0.86,0.85,0.85,0.85,-1.11,0.85,0.86,0.86,0.86,0.86,0.86,0.86,0.86,0.85,0.86,0.84,0.86,0.86,0.84,0.83,0.84,0.85,0.86,0.86,0.86,0.85,0.86,0.86,0.86,0.86,0.86,0.86,0.85,0.86,0.86,0.86,0.86,0.86,0.86,0.86,0.86,0.86,0.86,0.85,0.86,0.86,0.86,0.86,0.84,0.85,0.86,0.83,0.86,0.86,0.86,-1.0,0.86,0.85,-1.12,-1.12,0.86,0.84,0.86,0.85,0.86,0.86,0.7,0.86,0.86,0.86,0.84,0.86,0.86,0.85,0.86,0.86,0.84,0.86,0.86,0.86,0.86,0.86,0.86,0.86,0.86,0.86,0.86,0.86,0.85,0.86,0.86,0.86,-1.04,0.86,0.85,0.86,0.83,0.86,0.86,0.86,0.84,0.86,0.86,0.86,0.86,0.81,0.86,0.86,0.86,-1.09,-1.08,0.86,0.86,0.86,0.85,0.86,0.85,0.86,0.86,0.85,0.86,0.86,0.83,0.86,0.85,0.86,0.86,0.86,0.86,0.85,0.86,0.84,0.86,0.86,0.86,0.86,0.86,0.84,0.85,0.86,0.86,0.86,0.86,0.86,0.86,0.86,0.86,-1.02,0.86,0.84,0.86,-1.12,0.86,0.86,0.86,0.84,0.85,-1.05,0.86,0.86,0.86,0.86,0.86,0.86,0.86,0.86,0.77,0.86,0.86,0.86,0.86,0.86,0.86,0.85,0.86,0.86,-1.16,0.86,0.86,0.86,0.75,0.85,0.86,0.82,0.86,0.86,0.81,0.86,0.86,0.82,0.86,0.86,0.86,0.86,0.84,-1.07,0.85,0.86,0.84,0.86,0.86,-1.03,0.86,0.85,0.86,0.86,-1.25,0.86,-1.08,0.79,0.85,0.84,0.86,-1.02,0.86,0.86,0.85,0.86,0.86,-1.05,-1.08,0.86,0.86,0.84,0.8,0.86,0.86,0.85,0.86,0.86,0.86,0.86,-1.12,0.86,0.86,0.86,0.84,0.86,0.84,0.85,0.86,0.86,0.86,0.82,0.86,0.86,0.86,0.86,-1.17,0.86,0.85,0.83,0.86,0.85,-1.09,0.85,-1.01,0.85,0.86,0.86,0.85,0.86,0.86,0.86,0.86,0.86,0.85,0.85,0.86,0.84,-1.14,0.86,0.86,0.85,0.86,0.86,0.85,0.86,0.86,0.86,0.86,-1.11,0.69,0.86,0.86,0.86,0.86,0.85,-1.01,0.83,0.86,0.86,0.86,0.86,0.86,0.86,0.86,0.86,0.83,0.86,0.86,0.86,0.85,0.86,0.86,0.85,0.86,0.86,0.86,0.86,0.86,0.86,0.83,0.86,0.86,0.86,0.86,0.86,0.86,0.86,0.72,0.76,0.86,-1.06,0.86,0.85,0.85,0.86,0.83,0.86,0.86,0.86,-1.12,0.84,0.86,-1.02,0.83,0.86,0.86,-1.12,0.86,0.86,-1.01,0.86,0.86,0.86,0.86,-1.02,0.86,0.86,0.86,0.86,0.86,0.86,0.77,0.86,0.84,0.86,0.86,-1.04,0.86,0.86,0.86,0.86,0.84,0.86,0.86,0.86,0.86,0.86,0.83,0.86,-1.02,0.86,0.85,0.86,0.84,0.86,0.84,0.86,0.86,0.86,0.83,0.76,0.78,0.86,0.86,0.86,0.86,0.86,0.86,0.86,0.85,0.86,0.86,0.86,0.86,0.86,0.84,0.83,0.86,0.86,0.86,0.86,0.86,0.73,0.86,0.86,0.86,0.86,0.86,0.86,0.86,0.84,0.86,0.86,0.86,0.86,0.86,0.86,0.85,0.84,0.86,-1.05,0.84,0.86,0.86,0.83,0.86,0.78,0.86,0.86,-1.05,0.86,0.85,0.74,0.86,-1.01,0.86,0.86,0.86,0.76,0.86,0.86,0.86,0.86,0.86,-1.09,0.86,0.86,0.86,0.84,0.86,0.86,0.86,0.86,0.86,0.85,0.86,0.86,0.86,0.86,0.86,0.86,0.83,0.86,0.86,0.86,0.85,0.86,0.86,0.86,0.86,0.86,0.86,-1.12,0.86,0.75,0.86,0.86,0.86,0.85,0.86,0.86,0.86,0.86,0.86,0.86,0.86,0.86,0.86,0.86,0.86,0.86,0.86,-1.03,0.86,0.84,0.86,0.86,0.83,0.86,0.86,0.86,0.85,0.86,0.86,0.86,0.86,0.82,0.85,0.86,0.86,0.86,0.86,0.86,0.86,0.86,0.86,0.86,0.86,0.83,0.86,0.86,0.86,0.85,0.86,0.86,0.86,0.86,0.76,0.86,0.86,0.86,0.86,0.86,0.86,0.86,0.86,0.86,0.86,0.86,0.86,0.86,0.86,0.86,0.83,0.86,0.83,0.86,0.86,0.86,0.86,0.84,0.86,0.78,0.86,0.85,0.84,0.86,0.86,-1.01,0.86,0.86,0.85,0.86,0.86,0.86,0.85,-1.12,0.86,0.86,0.86,0.86,0.86,0.85,0.86,0.86,0.86,0.86,0.76,0.86,0.86,0.86,0.86,0.85,0.86,0.86,0.82,0.85,0.85,0.86,0.85,0.86,0.84,0.84,0.85,0.85,0.86,0.86,0.82,0.85,0.86,0.86,0.86,0.86,0.86,0.85,0.84,0.86,0.82,0.86,0.85,0.85,0.86,0.86,0.86,-1.16,-1.13,0.83,0.86,0.86,0.86,0.85,-1.12,0.86,0.85,0.86,0.86,0.86,0.85,0.86,0.86,0.86,0.86,0.86,0.85,0.85,0.86,0.86,-1.13,0.85,0.86,0.86,0.86,0.86,0.86,0.86,0.85,0.86,0.86,0.84,0.83,0.86,0.85,0.86,0.86,0.86,0.85,-1.1,0.86,0.86,0.86,0.86,-1.08,0.85,0.85,0.86,0.86,0.86,0.86,0.86,0.86,0.86,0.71,0.85,0.69,0.85,0.71,0.86,0.86,0.84,0.86,0.86,0.84,0.85,0.86,0.86,0.84,0.85,0.86,0.86,0.86,0.85,0.85,0.85,0.86,0.86,0.86,0.85,0.86,0.86,0.86,0.84,0.86,0.86,0.86,0.86,0.85,0.86,0.84,0.84,0.86,0.86,0.86,0.84,0.86,0.86,0.86,0.86,0.86,0.86,0.86,0.86,0.86,0.86,0.86,0.86,0.86,0.85,0.84,0.86,0.86,0.86,0.86,0.86,0.86,0.86,0.85,0.86,0.86,0.85,0.86,0.86,0.86,0.75,0.85,-1.12,0.85,0.86,0.86,-1.08,0.86,0.85,0.86,0.86,0.85,0.86,0.84,0.75,0.86,-1.15,0.86,0.85,0.86,0.86,0.86,0.85,0.86,0.86,0.76,0.86,0.86,-1.04,-1.04,0.86,0.86,0.86,0.86,0.86,0.86,-1.13,0.86,0.86,-1.11,0.86,0.86,0.83,0.86,0.86,0.86,0.86,0.86,0.86,0.86,0.86,0.86,0.86,0.86,0.85,0.86,0.86,0.86,0.85,-1.08,0.85,0.86,0.83,0.86,0.86,0.86,-1.11,0.86,0.71,0.85,0.86,0.86,0.86,0.86,0.86,0.86,0.86,0.86,0.86,0.86,-1.1,0.86,0.86,-1.02,0.86,0.86,0.86,0.85,0.84,0.85,0.86,0.78,0.81,0.86,0.86,0.85,0.86,0.86,0.84,0.86,0.84,0.86,0.84,0.86,0.86,0.86,0.86,0.86,0.86,0.86,0.84,0.86,0.86,0.86,0.83,0.86,0.86,0.84,0.86,0.86,0.86,0.86,0.86,0.86,0.86,0.86,0.84,0.86,0.86,0.86,0.86,0.86,0.86,0.86,0.86,0.84,0.84,-1.1,0.84,0.86,0.86,0.86,0.85,0.86,0.86,0.86,0.86,0.86,0.86,0.86,0.86,0.86,0.86,0.84,0.86,0.86,0.86,0.85,-1.09,0.86,0.86,0.86,0.86,0.86,0.86,0.83,0.85,0.84,0.86,0.86,0.85,0.86,-1.09,0.86,0.86,0.84,-1.01,0.85,-1.01,0.85,0.85,0.86,0.86,0.86,0.82,0.85,0.86,0.86,0.86,0.86,0.86,0.86,0.86,0.86,0.85,0.86,0.86,0.86,0.86,0.86,0.86,-1.02,0.86,0.86,0.86,0.85,0.86,0.86,0.86,0.73,0.86,0.86,0.86,0.86,0.86,0.86,-1.03,0.84,0.86,0.86,0.86,0.86,0.86,0.86,0.86,0.86,0.86,0.86,0.86,0.86,0.86,0.86,0.86,0.86,0.86,0.86,0.86,-1.02,0.86,0.86,0.83,0.85,0.85,0.85,0.85,0.86,0.84,0.86,0.86,0.86,0.86,0.86,0.86,0.86,0.85,0.86,0.86,0.85,0.86,0.86,0.86,0.86,0.77,0.86,0.86,0.85,0.86,0.86,0.85,0.86,0.86,-1.14,0.74,0.83,0.86,0.86,0.86,0.86,0.86,-1.06,0.85,0.86,0.85,0.86,0.86,0.86,0.84,0.86,0.73,0.83,0.86,0.86,0.85,0.86,0.86,0.84,0.86,0.85,0.86,0.85,-1.09,0.86,0.84,0.86,0.84,0.86,0.86,0.86,0.86,0.86,0.86,0.86,0.85,0.86,0.86,0.86,0.84,0.86,0.86,0.86,0.86,0.86,0.84,0.86,0.86,0.86,-1.07,0.86,0.84,0.84,0.86,0.86,0.86,0.86,0.86,0.86,0.86,0.86,0.85,0.86,0.86,0.86,0.85,0.85,0.86,0.86,0.86,0.86,0.86,0.75,0.83,0.86,0.85,0.86,-1.02,0.86,0.86,0.86,0.86,0.86,0.86,0.86,0.86,0.86,0.86,0.86,0.86,0.86,0.86,0.86,0.73,0.86,0.86,0.86,0.86,0.86,0.86,0.83,0.86,0.85,0.86,0.86,0.86,0.86,0.86,0.85,0.86,0.86,0.85,0.86,0.86,0.86,-1.14,0.86,0.8,0.86,0.86,0.86,0.86,0.86,0.86,0.86,0.86,0.86,0.86,0.86,-1.14,0.85,0.86,0.86,0.86,-1.08,0.85,0.76,0.86,0.84,0.71,0.84,0.81,0.86,0.86,0.86,0.86,0.86,0.86,0.84,0.86,0.86,0.85,0.86,0.79,0.86,0.86,0.86,0.86,0.84,0.86,0.86,0.86,0.86,0.79,0.86,0.86,0.86,0.86,0.86,0.86,0.86,0.86,0.86,0.86,0.86,0.86,0.86,0.86,0.86,0.86,0.86,0.86,0.86,0.86,0.86,0.86,0.8,0.86,-1.04,0.86,0.82,-1.13,0.85,0.86,0.86,0.86,0.86,0.86,0.71,0.86,0.86,0.85,0.86,0.86,-1.06,0.86,0.85,0.86,0.85,0.86,0.86,-1.13,0.86,0.85,0.86,0.86,0.86,0.86,0.84,0.86,0.86,0.79,0.86,0.74,0.86,0.86,0.86,0.86,0.86,0.84,0.84,0.86,0.86,0.86,0.85,0.86,0.86,0.85,0.86,-1.08,0.71,0.86,0.86,0.86,0.86,0.86,0.86,0.86,0.86,0.86,0.86,0.86,0.86,0.86,-1.01,0.86,0.85,0.86,-1.09,0.86,0.75,0.86,0.86,0.86,0.86,0.86,-1.13,0.86,0.85,0.84,0.86,0.84,0.86,0.82,0.86,0.86,0.86,0.86,0.7,0.84,0.86,0.86,0.86,0.85,0.86,0.86,0.85,0.86,0.86,-1.16,0.86,0.86,0.86,0.86,0.84,0.85,-1.01,0.82,0.85,0.84,0.86,0.83,0.86,0.86,0.86,0.85,0.86,0.86,-1.06,0.86,0.86,-1.13,0.83,0.86,0.86,0.86,0.84,0.77,0.86,0.86,0.86,0.84,0.86,0.86,0.86,0.86,0.86,0.86,0.85,0.86,0.86,0.82,0.86,0.86,0.86,0.85,0.86,0.86,0.86,0.86,0.86,0.86,0.86,0.85,0.86,0.86,0.86,0.81,-1.05,0.86,0.86,0.86,0.86,0.85,0.86,0.86,0.86,0.86,-1.08,0.86,0.84,0.86,0.86,0.86,0.86,0.86,0.84,0.86,0.86,0.86,0.86,0.86,-1.02,0.86,0.84,0.86,0.86,0.86,0.86,0.86,0.8,0.84,0.86,0.84,0.86,0.77,0.86,0.86,0.72,0.86,0.86,0.86,0.86,0.86,0.86,0.8,0.86,0.86,0.86,0.86,0.84,-1.06,0.86,0.84,0.84,0.77,0.86,0.86,0.86,0.84,0.82,0.86,0.84,0.86,0.86,0.86,0.86,0.83,0.86,0.86,0.86,0.86,0.84,0.86,0.86,0.86,0.86,-1.0,0.86,0.86,0.86,0.86,0.86,0.86,0.86,0.86,0.86,0.86,0.86,-1.09,0.86,0.86,0.86,0.86,0.7,0.85,0.86,0.85,0.84,-1.13,0.86,0.84,0.86,0.86,0.86,0.85,0.85,0.86,0.86,0.85,0.86,0.86,0.84,0.85,0.86,0.86,0.86,-1.02,0.85,0.86,0.86,0.86,0.82,0.86,0.86,0.86,0.84,0.86,0.85,0.86,0.86,0.86,0.86,0.86,0.86,0.86,0.86,0.86,0.86,0.85,0.86,0.84,0.84,0.86,0.86,0.86,0.86,0.86,0.86,0.86,0.86,0.86,0.86,0.85,0.86,0.86,0.85,0.86,0.86,0.86,0.84,0.86,0.86,0.86,0.86,0.86,0.86,0.84,0.84,0.86,0.84,0.86,0.86,0.86,0.85,0.86,0.86,-1.1,0.83,0.86,0.86,0.86,0.86,0.86,0.86,0.86,0.86,0.86,0.86,0.85,0.86,0.86,0.86,0.86,0.86,0.85,-1.13,0.86,0.86,0.86,0.86,0.86,0.86,0.86,0.86,0.84,0.83,0.86,0.85,0.86,0.86,0.86,0.86,0.86,0.86,0.86,0.86,0.86,0.86,0.86,0.86,0.86
-1.12,-1.11,-1.02,0.81,-1.14,-1.04,0.85,-1.02,0.74,0.72,0.83,0.8,0.75,-1.08,-1.27,-1.24,0.81,-1.13,-1.15,-1.14,0.82,0.8,0.81,-1.02,-1.03,0.78,-1.08,-1.06,0.51,0.74,0.82,0.83,0.84,0.82,0.83,0.83,0.86,-1.05,0.85,-1.02,0.84,0.78,0.86,-1.03,0.71,0.84,0.85,0.86,0.7,0.83,0.83,0.81,0.86,0.84,0.76,-1.14,0.71,0.86,0.83,0.83,0.86,0.86,0.86,0.8,0.86,0.78,0.86,0.86,0.85,0.86,0.74,0.86,0.86,0.86,0.86,0.86,0.86,0.86,0.85,0.86,0.86,0.74,0.86,0.86,0.86,0.85,0.86,0.86,0.86,-1.1,0.72,0.86,0.86,0.86,0.86,0.86,0.86,0.86,0.86,0.86,0.86,0.86,0.86,0.86,0.86,0.86,0.84,0.86,0.86,0.86,0.86,-1.13,0.86,0.86,0.86,0.86,0.83,0.86,0.86,0.86,0.86,0.86,0.86,0.86,0.86,0.86,0.86,0.86,0.86,0.86,0.86,0.86,0.86,0.86,0.86,0.86,0.86,0.86,0.86,0.86,0.86,0.86,0.86,0.86,0.86,0.86,0.85,0.86,0.86,-1.08,0.84,-1.09,0.86,0.86,0.86,0.86,0.84,0.86,0.86,0.86,0.86,0.86,0.86,0.86,0.86,0.86,0.8,0.86,0.86,0.86,0.85,0.86,0.86,-1.13,0.86,0.86,0.86,0.86,0.86,0.85,0.86,0.86,0.85,0.83,0.86,0.86,0.86,0.86,0.85,0.86,0.86,0.86,0.86,-1.0,0.86,0.84,0.86,0.86,0.86,0.85,0.85,0.86,0.86,0.86,0.86,0.86,-1.02,0.86,0.86,0.73,0.84,0.71,0.86,0.86,0.86,0.86,0.86,0.86,0.86,0.86,0.86,0.86,0.86,0.86,0.86,0.86,0.86,0.84,0.85,0.86,0.86,0.86,0.86,0.85,0.86,0.86,0.86,0.86,0.86,0.86,0.86,0.84,0.86,0.86,0.86,0.86,0.85,0.86,0.86,0.86,0.86,0.86,0.81,0.85,0.86,0.86,0.86,0.85,0.86,0.86,0.86,0.86,0.85,0.86,0.86,0.86,0.86,0.86,0.86,0.86,0.86,0.86,0.86,0.86,0.86,0.81,0.86,0.86,0.86,0.84,-1.14,0.86,0.85,0.86,-1.13,-1.03,-1.09,0.86,0.86,0.86,0.86,0.86,0.86,0.86,0.86,0.86,0.86,0.86,0.86,0.86,0.86,0.86,0.86,0.86,0.86,0.86,0.86,0.86,0.86,0.86,0.86,0.86,0.85,0.86,0.82,0.86,0.86,0.84,0.86,-1.05,0.84,0.86,0.86,0.86,0.86,0.86,0.86,0.85,-1.11,0.85,0.86,0.86,0.86,-1.06,0.82,0.86,0.86,0.86,0.86,0.86,0.86,0.86,0.86,-1.03,0.86,0.86,0.85,0.86,0.86,0.85,0.86,0.86,0.84,0.86,0.86,0.84,0.86,0.85,0.77,0.86,0.86,0.84,0.86,0.86,0.86,0.86,0.84,0.86,0.86,0.86,0.86,0.86,0.86,0.86,0.86,0.76,0.86,0.86,0.86,0.86,0.86,0.83,0.86,0.85,0.86,-1.06,0.86,0.86,0.86,0.8,0.86,-1.12,0.86,0.85,0.85,0.84,0.74,0.85,0.86,0.86,0.86,-1.02,0.85,0.86,0.86,-1.03,-1.14,0.86,0.86,0.86,0.85,0.86,0.86,0.86,0.86,0.86,0.84,-1.02,0.86,0.86,0.86,0.85,0.86,0.86,0.86,0.86,0.85,0.86,0.86,0.86,-1.02,0.86,0.86,0.86,0.86,0.84,0.86,0.75,0.86,0.85,0.85,0.86,-1.13,0.61,0.86,0.86,0.86,0.86,0.85,0.86,0.86,0.86,0.77,0.86,0.86,0.86,0.86,0.86,0.86,0.86,0.86,0.86,0.86,0.85,0.86,0.86,-1.08,0.85,0.86,0.8,0.86,0.86,-1.14,0.86,0.86,0.86,0.86,0.86,0.86,0.86,0.86,0.86,0.84,0.86,0.86,0.85,0.86,0.86,0.86,0.86,0.86,0.72,0.86,0.86,0.84,0.86,0.86,0.86,0.86,0.86,0.86,-1.13,0.86,0.86,0.86,0.86,0.86,0.86,0.86,0.84,0.86,0.86,0.86,0.85,0.85,0.86,0.86,0.86,0.84,0.85,0.84,0.86,0.82,0.84,0.86,0.86,0.86,0.85,0.83,0.86,0.84,0.86,0.86,0.85,0.85,0.86,0.86,0.85,0.8,0.84,0.86,0.86,0.85,0.86,0.86,0.81,0.83,0.85,0.86,0.86,0.86,0.86,0.86,0.86,0.86,0.86,0.86,0.86,0.86,0.85,0.84,0.86,0.86,0.86,0.86,0.86,-1.11,0.86,0.85,0.86,-1.14,0.85,0.86,0.86,-1.05,0.86,0.86,-1.08,0.86,0.86,0.86,0.86,0.86,0.86,0.86,0.86,0.86,-1.14,0.86,0.86,0.86,0.86,0.84,0.86,0.86,0.86,0.86,0.86,0.86,0.86,-1.0,0.86,-1.14,0.86,0.86,0.86,-1.01,0.86,0.86,0.86,0.86,0.75,0.86,0.85,0.86,0.84,-1.03,0.86,0.85,-1.13,0.86,0.86,0.86,0.84,0.85,-1.02,0.86,-1.03,0.86,0.86,0.86,0.85,0.86,0.86,0.86,0.86,0.86,0.84,0.86,0.86,0.86,0.86,0.86,0.86,0.86,0.86,0.86,0.86,0.86,0.86,0.86,0.79,0.72,0.84,0.86,-1.03,0.86,0.85,0.86,0.86,0.84,0.86,0.71,0.86,0.86,0.86,0.86,0.75,0.86,0.86,0.86,0.86,0.86,0.86,0.86,0.86,0.86,-1.12,0.85,0.86,0.86,0.86,0.86,0.86,0.86,0.81,0.86,0.85,0.86,0.86,0.86,0.85,0.86,0.86,0.79,0.86,0.7,0.86,0.85,0.84,-1.09,0.86,0.85,0.85,0.86,0.78,-1.03,0.86,0.85,0.86,-1.05,0.82,0.86,0.86,-1.12,0.86,0.86,0.86,0.86,0.86,0.85,0.86,0.86,0.86,0.86,0.86,0.86,0.86,0.85,0.86,0.86,0.72,0.84,0.86,0.86,0.86,-1.26,-1.1,0.84,0.86,0.86,0.86,0.86,0.86,0.86,0.86,0.86,-1.12,0.86,0.86,0.66,0.86,0.86,0.86,0.86,0.86,0.86,0.84,0.86,0.86,0.86,0.86,0.86,0.86,0.86,0.86,-1.13,0.86,0.85,0.85,0.86,0.86,0.86,0.86,0.86,0.86,0.86,0.86,0.86,0.86,0.86,0.86,0.86,0.86,0.86,0.86,0.86,0.84,0.86,0.86,0.72,0.86,0.86,0.86,0.86,0.86,-1.03,0.86,0.83,0.86,0.86,0.86,0.86,0.86,0.86,-1.1,0.86,0.86,0.86,0.86,0.86,0.86,0.86,0.84,0.85,-1.08,0.86,0.86,0.86,0.86,0.84,0.86,-1.06,0.86,0.86,0.84,0.86,0.86,0.86,0.86,0.86,0.86,0.86,0.84,0.86,-1.23,0.86,0.86,0.85,0.86,0.86,0.86,0.85,0.85,-1.03,0.86,0.71,0.86,0.86,0.86,0.71,0.78,0.86,0.86,0.86,0.86,0.86,0.86,0.86,0.86,0.85,0.77,0.86,0.86,0.86,0.86,0.84,0.77,0.86,0.86,0.86,-1.12,0.86,0.85,0.86,0.86,0.86,0.86,0.86,0.86,0.86,-1.04,0.86,0.86,0.86,0.86,0.86,0.86,0.83,0.86,0.86,0.86,0.86,-1.04,0.86,0.85,0.86,0.75,0.85,0.85,0.86,0.85,0.86,0.85,-1.02,0.86,0.86,0.86,0.86,0.86,0.86,0.86,0.84,0.86,0.86,-1.0,0.86,-1.1,0.86,0.84,0.84,0.86,0.86,-1.16,0.83,-1.02,0.84,0.84,0.86,0.86,0.85,0.86,0.86,-1.13,0.83,0.86,0.86,0.86,0.86,0.86,0.86,0.85,0.86,0.84,0.86,-1.03,0.86,0.86,0.86,-1.12,0.86,0.86,0.85,0.86,0.86,0.86,0.86,0.86,0.84,0.86,0.86,0.86,0.86,0.86,0.86,0.86,0.86,0.86,0.86,0.86,0.86,0.86,0.86,0.85,-1.13,0.86,0.86,0.86,0.86,0.86,0.86,0.86,0.84,0.86,0.86,0.86,0.83,0.86,0.86,0.86,0.86,0.86,0.86,0.86,0.86,0.82,-1.15,0.86,0.86,-1.12,0.86,0.86,0.85,0.86,0.85,0.81,0.86,-1.13,-1.07,0.86,0.86,0.86,0.84,0.86,0.84,0.86,0.86,0.86,0.85,0.86,-1.07,0.86,0.83,0.85,0.85,0.83,0.86,0.86,0.86,0.86,0.86,0.86,0.86,0.86,0.86,-1.0,0.86,0.86,-1.01,0.86,0.86,-1.14,-1.12,0.86,0.84,0.86,0.86,0.86,0.86,0.85,0.86,0.86,0.86,0.86,0.85,0.83,0.86,0.86,0.86,0.85,0.85,-1.02,0.86,0.86,0.86,0.86,0.86,0.86,0.84,0.86,0.86,0.84,0.86,0.86,0.86,0.86,0.86,0.86,0.86,0.86,0.86,0.86,0.86,0.86,0.86,0.86,0.86,0.86,0.86,0.86,0.86,0.86,0.86,0.86,0.85,0.86,0.84,0.85,0.86,0.86,0.86,-1.04,0.85,0.86,0.86,0.86,0.86,0.86,0.86,0.86,0.84,0.84,0.71,0.86,0.86,0.86,0.85,0.8,0.86,0.85,0.86,0.84,0.85,0.86,0.86,0.86,-1.03,0.86,0.86,0.86,0.86,0.86,0.85,0.86,0.86,0.86,0.73,-1.13,0.86,0.86,0.85,0.86,0.86,0.86,0.84,0.86,0.85,0.85,0.86,0.83,0.86,-1.03,0.86,0.86,0.86,0.86,0.86,0.86,0.86,0.86,0.86,0.86,0.86,0.86,0.86,0.85,0.86,0.85,0.86,0.86,0.83,0.85,0.85,0.86,0.86,0.78,0.86,0.85,0.86,0.86,0.86,0.86,0.86,0.86,0.86,0.75,0.86,0.86,0.86,0.84,0.86,0.86,0.86,0.85,0.86,0.86,0.86,0.86,0.86,0.86,0.86,0.86,0.86,0.86,0.84,0.84,0.85,0.86,0.86,0.86,0.86,0.86,0.86,0.86,0.86,0.86,0.86,0.86,0.85,0.86,0.82,0.86,0.86,0.86,0.85,0.86,0.84,0.86,0.86,0.86,0.86,0.86,0.86,0.84,0.86,0.86,0.86,0.86,-1.01,0.86,0.84,0.86,0.86,0.86,0.86,0.86,0.86,0.79,0.86,0.86,0.86,0.86,0.86,0.85,0.86,0.86,0.86,0.86,0.86,0.86,0.86,0.86,0.85,0.86,0.84,0.84,0.86,0.86,0.86,0.86,0.86,-1.05,0.86,0.86,0.86,0.85,0.86,0.86,0.83,0.86,0.86,0.86,0.86,0.86,0.86,0.86,0.86,0.86,0.86,0.84,0.86,0.86,0.85,0.86,-1.08,0.86,0.81,0.86,0.86,0.86,0.86,0.86,0.86,0.86,0.86,0.83,0.86,0.86,0.86,0.86,0.86,0.86,0.86,0.86,0.86,0.86,0.86,0.86,0.86,0.86,0.86,0.86,0.86,0.86,0.85,0.86,0.86,-1.14,0.86,0.86,0.86,0.8,0.86,-1.12,0.86,0.86,0.85,0.86,0.86,0.86,0.86,-1.12,-1.1,0.86,0.86,0.78,0.84,0.86,0.86,0.86,0.86,-1.13,0.85,0.86,0.86,0.76,0.86,0.86,0.86,0.86,0.86,0.86,0.86,0.86,0.86,0.86,0.83,0.86,0.86,0.86,0.86,0.86,0.86,0.86,0.86,0.81,0.86,0.86,0.86,0.86,0.86,0.86,0.84,-1.0,0.86,0.86,0.86,0.86,0.86,0.86,0.86,0.86,0.86,0.85,0.86,0.86,0.86,0.86,0.85,0.86,0.86,0.86,0.86,0.86,0.85,0.86,0.86,0.86,0.86,0.86,0.86,0.86,0.86,0.86,0.86,0.86,0.86,0.86,0.86,-1.13,0.86,0.86,0.84,0.79,0.86,0.85,0.86,0.86,0.86,0.86,0.86,0.86,-1.2,0.86,0.83,0.86,0.85,0.86,0.86,0.86,0.85,0.86,0.86,0.85,0.86,0.86,0.86,0.86,0.84,0.85,0.86,0.86,0.85,0.79,0.86,0.86,0.86,0.84,0.86,-1.07,0.85,0.86,0.86,0.86,0.85,0.86,0.85,0.86,0.85,0.86,0.86,0.86,0.86,0.86,0.86,0.86,0.86,0.86,-1.11,0.85,-1.02,0.86,0.86,0.86,0.85,0.84,0.84,-1.06,0.86,0.84,0.86,-1.01,0.85,0.86,0.86,-1.14,0.86,0.86,0.86,0.86,0.86,0.84,0.86,0.85,0.86,0.84,0.85,0.85,0.86,0.86,0.84,0.84,0.86,0.83,0.86,0.86,0.84,0.86,0.86,0.86,0.86,-1.03,0.86,0.71,0.86,0.86,0.86,0.86,0.86,0.86,0.86,0.86,0.84,0.86,0.83,0.86,0.86,0.85,0.86,0.86,0.86,0.83,0.86,0.86,0.86,0.86,0.85,0.86,0.86,0.86,0.86,0.86,0.81,0.86,0.83,0.86,0.86,0.86,0.85,0.86,0.86,-1.12,0.83,0.86,0.86,0.86,0.85,0.86,0.86,0.86,0.86,0.86,0.86,0.86,-1.08,0.84,-1.09,0.86,0.84,0.86,0.86,0.86,0.86,0.86,0.86,0.86,0.86,0.86,0.86,0.86,0.86,0.85,0.86,0.82,0.86,0.86,0.86,0.85,0.86,0.86,0.86,0.86,0.76,0.86,0.86,0.86,0.86,0.86,0.85,0.86,0.86,0.85,0.86,0.86,-1.15,0.86,0.86,0.86,0.84,0.79,0.86,0.86,0.86,0.86,0.86,0.86,0.86,-1.04,0.86,0.86,0.86,0.86,0.86,0.86,0.86,0.86,0.86,0.86,0.85,0.86,0.82,0.78,0.85,0.86,0.86,0.86,0.86,0.86,-1.02,0.86,0.86,0.86,0.86,0.86,0.86,0.86,0.85,0.86,0.86,0.83,0.86,0.86,0.86,0.86,0.86,0.86,0.86,0.86,-1.13,0.86,0.85,0.86,0.86,0.86,0.86,0.86,0.85,0.86,0.86,-1.12,0.86,0.85,0.86,0.86,0.86,0.86,0.86,0.84,0.86,0.86,0.86,0.86,0.86,0.86,0.86,0.86,0.86,0.86,-1.08,0.8,-1.03,0.86,0.85,-1.03,0.86,0.86,0.84,0.85,0.86,0.85,0.86,0.86,0.86,0.86,0.86,0.86,0.86,-1.12,0.86,0.86,0.85,0.86,-1.0,0.86,0.86,0.86,0.86,0.86,0.86,0.86,0.86,0.86,0.86,0.74,0.81,0.86,0.86,0.86,0.86,0.86,0.86,0.86,0.86,0.85,0.85,0.86,0.86,0.86,0.86,0.81,0.86,0.84,0.86,0.86,0.86,0.86,0.86,0.86,0.86,0.86,0.86,-1.03,-1.03,0.86,0.86,0.86,0.85,0.86,0.86,0.86,0.86,0.86,0.86,0.79,0.86,0.86,0.86,-1.13,0.84,0.86,0.86,0.86,0.86,-1.12,0.83,0.84,0.86,-1.13,0.81,0.85,0.85,0.86,0.84,0.86,0.83,0.86,0.86,0.86,0.86,0.86,0.86,0.85,0.86,0.86,0.86,0.86,0.86,0.83,0.86,0.85,0.86,0.84,0.85,0.86,0.86,0.86,0.85,-1.08,0.86,0.86,0.86,0.86,0.86,0.86,0.83,0.86,0.84,0.86,0.83,0.7,0.86,0.85,0.86,-1.14,0.86,0.86,-1.06,0.86,0.85,0.85,0.86,0.86,0.85,0.84,0.86,0.86,0.86,0.86,0.86,0.86,0.86,-1.08,0.86,0.86,0.86,0.86,0.86,-1.1,0.85,0.86,0.86,0.86,0.86,0.86,0.86,0.86,0.84,0.86,0.86,0.86,0.85,0.86,0.86,0.86,0.85,0.86,0.86,0.86,0.86,0.84,0.86,0.86,0.86,0.86,0.73,0.86,0.86,0.86,0.86,0.84,-1.08,0.86,0.86,0.86,0.86,0.84,0.85,0.86,0.86,0.86,0.86,0.86,0.83,0.75,0.86,0.86,0.86,0.86,0.86,-1.12,0.75,0.86,0.85,0.86,0.84,0.85,0.86,0.85,0.85,0.86,0.86,0.85,0.86,0.86,0.86,-1.14,0.86,0.86,0.86,0.86,0.86,0.84,0.86,0.86,0.86,0.86,0.85,0.86,0.86,0.86,0.86,0.86,0.86,0.86,0.84,0.86,0.85,0.86,0.86,0.86,0.86,0.86,0.86,0.86,0.86,0.86,0.85,0.86,0.86,-1.03,0.86,0.84,0.85,0.76,0.86,0.86,0.71,0.86,0.86,0.84,0.85,-1.07,-1.12,0.85,0.86,0.86,0.72,0.86,0.86,0.86,0.86,0.85,0.86,0.86,0.86,0.83,0.86,0.86,0.86,0.86,0.72,0.86,0.84,0.86,0.86,0.84,0.86,0.86,0.86,0.86,0.85,0.85,0.86,0.86,0.86,0.71,0.86,0.86,0.86,0.86,0.86,0.86,0.85,0.86,0.86,0.84,0.86,0.86,0.85,0.86,0.86,0.84,0.86,0.85,0.83,0.86,0.86,0.86,0.86,0.85,0.86,0.86,0.86,0.86,-1.05,0.85,0.86,0.86,0.86,0.86,0.86,0.86,0.86,-1.05,0.86,0.86,0.86,0.84,0.86,0.86,0.86,0.86,0.86,0.86,0.86,0.85,0.84,0.84,0.86,0.86,0.82,-1.01,-1.11,0.84,0.86,0.86,0.86,0.86,0.85,0.86,0.76,0.86,0.86,0.86,0.86,0.86,0.86,0.86,0.86,0.86,0.86,0.86,0.85,0.81,0.86,-1.13,0.86,-1.11,0.8,0.84,-1.1,0.86,0.86,0.82,0.86,-1.0,0.84,0.86,0.85,0.86,0.86,0.86,0.86,0.85,0.79,0.86,0.86,0.84,-1.04,0.86,0.86,0.85,0.86,0.86,-1.13,0.84,0.86,0.86,0.84,0.86,0.86,0.84,0.86,0.86,0.86,0.86,0.86,0.84,0.86,0.86,0.86,0.85,0.86,0.86,0.86,0.86,0.86,0.86,0.86,-1.1,0.82,0.86,0.86,0.86,0.86,0.86,0.85,-1.13,0.86,0.86,0.86,0.86,0.86,0.86,0.86,-1.16,0.86,0.83,0.86,0.84,0.85,0.86,-1.04,0.86,0.86,0.86,0.86,0.86,0.86,-1.03,0.85,0.85,0.84,0.86,0.84,0.86,0.85,0.86,0.86,0.86,0.85,0.86,0.85,0.86,0.86,0.86,0.86,0.86,0.86,0.86,0.85,-1.07,0.86,0.85,0.83,0.86,0.86,0.84,0.82,0.86,0.86,0.86,0.84,0.86,0.86,0.86,0.84,0.86,0.85,0.86,0.86,0.86,0.86,0.86,0.86,0.86,0.85,0.85,0.85,0.85,0.86,0.86,0.86,0.86,0.86,0.86,0.86,0.86,0.77,0.86,0.86,0.86,0.86,0.86,0.86,-1.09,0.86,0.86,0.84,0.86,0.79,0.84,0.85,0.84,0.86,0.86,0.86,0.86,0.86,0.86,0.86,0.86,0.79,0.86,0.86,0.86,-1.03,0.86,0.86,0.86,-1.03,0.83,0.86,0.86,0.83,0.85,0.86,0.84,0.86,0.86,0.86,0.86,0.86,0.86,-1.06,0.85,0.86,0.86,0.85,0.86,0.82,0.86,-1.13,0.83,-1.02,0.86,0.86,0.86,0.86,0.86,0.86,0.86,0.86,0.86,0.86,0.86,0.85,0.86,0.86,0.86,0.86,0.86,-1.0,0.86,0.86,0.86,-1.09,0.86,0.83,0.86,0.86,0.86,0.86,0.86,-1.13,0.86,0.86,0.86,0.86,0.86,0.86,-1.14,0.83,0.86,0.86,0.85,0.86,0.86,0.85,0.86,0.86,0.86,0.86,0.86,0.86,0.84,0.86,0.86,0.86,0.82,0.85,0.86,0.86,0.86,0.86,0.86,0.86,0.86,0.86,0.77,0.86,0.86,0.84,-1.05,0.85,-1.04,-1.15,0.86,0.84,0.86,0.85,0.86,0.84,0.86,0.86,0.86,0.86,0.86,0.86,0.86,0.86,0.86,0.86,0.86,0.86,0.84,0.86,0.86,0.86,0.86,0.86,0.86,0.86,0.86,0.86,0.84,-1.02,0.86,0.86,0.86,-1.09,0.86,0.86,0.85,-1.03,0.86,0.86,0.86,0.86,0.86,0.86,0.86,0.86,0.86,0.84,0.86,0.86,0.86,0.86,0.84,0.8,0.86,0.86,0.86,0.86,0.84,0.86,0.86,0.86,0.84,0.86,0.86,-1.05,-1.14,0.84,0.86,0.86,0.86,0.83,0.86,0.85,0.86,0.84,0.86,0.86,0.86,0.84,0.86,0.85,0.86,0.86,0.86,0.86,0.86,0.86,0.85,0.83,0.86,0.71,0.86,0.84,0.85,0.86,0.86,0.86,0.86,0.86,0.84,0.86,0.86,0.86,0.86,0.86,0.83,0.85,0.86,0.86,0.86,0.86,0.86,0.83,0.84,0.85,-1.13,0.86,0.86,0.86,-1.03,0.82,0.85,0.86,0.86,-1.13,0.83,0.86,0.85,0.86,0.84,0.81,0.86,0.86,0.86,0.7,0.86,0.85,0.86,0.86,0.86,0.86,0.86,0.86,0.71,0.86,0.84,0.86,0.86,0.84,0.86,0.86,0.86,0.85,0.86,0.86,0.86,0.78,0.86,0.86,0.86,0.77,0.84,0.86,0.86,0.86,0.86,0.86,0.85,0.86,0.86,0.86,0.86,0.86,0.86,0.86,0.83,0.73,-1.14,0.86,0.85,0.86,0.83,0.86,0.86,0.85,0.86,0.86,0.86,0.86,0.86,0.86,0.86,0.86,0.86,0.86,0.86,0.83,0.86,0.86,0.85,0.86,0.86,0.85,0.86,0.86,0.86,-1.04,0.86,0.85,0.86,0.86,0.86,0.85,-1.08,0.86,0.86,0.86,0.86,-1.02,0.86,0.83,0.86,0.84,0.86,0.86,0.86,0.86,0.86,0.86,0.86,0.86,-1.05,0.84,0.86,0.84,0.86,0.84,0.86,0.86,0.86,0.86,0.84,0.85,0.86,0.86,0.86,0.86,0.85,0.86,0.86,0.86,0.86,0.86,0.86,0.86,0.85,0.86,0.86,0.86,0.86,0.86,0.86,0.85,-1.03,0.86,0.86,0.86,0.84,0.86,0.85,0.86,0.86,0.86,0.86,0.86,0.86,0.86,0.86,0.86,0.86,0.86,0.86,0.86,0.85,0.86,0.86,0.86,0.86,0.86,0.85,0.86,0.82,0.86,0.86,0.77,0.86,0.84,0.86,0.86,0.86,0.84,0.85,0.86,0.86,0.86,0.86,0.86,0.84,0.86,0.86,0.86,0.86,0.86,0.86,0.86,0.86,0.86,0.86,0.86,0.86,0.86,0.85,0.85,0.86,0.86,0.86,0.86,-1.12,-1.11,0.86,0.86,0.86,0.86,0.86,0.85,0.86,0.86,0.86,0.86,0.86,0.86,0.84,0.86,-1.06,0.86,-1.09,0.86,0.86,0.85,0.85,0.86,-1.03,0.84,0.86,0.86,0.86,0.86,0.86,0.86,0.84,0.86,0.85,0.86,0.86,0.85,0.86,0.86,0.86,0.86,-1.07,0.86,0.85,0.72,-1.14,0.86,0.78,0.86,0.86,0.86,-1.02,0.86,0.85,0.86,0.86,0.84,0.86,0.86,0.86,0.86,0.84,0.85,0.86,0.86,0.86,0.86,0.86,0.86,0.86,0.84,0.86,0.86,0.86,0.85,0.85,0.86,0.85,0.86,0.86,0.85,0.86,0.86,0.86,0.86,0.86,0.86,0.86,0.86,0.86,-1.03,0.86,-1.02,0.84,0.84,0.86,0.86,0.86,0.85,0.86,0.86,0.85,0.85,0.86,0.86,0.84,0.86,0.86,0.86,0.86,0.86,0.86,0.86,-1.05,0.86,0.86,0.86,0.86,0.86,0.86,0.86,0.86,0.86,0.86,-1.08,0.85,0.86,0.86,-1.09,0.85,0.86,0.86,0.84,0.86,0.86,0.86,0.74,0.86,0.86,0.86,0.85,0.86,0.85,0.86,0.86,0.86,0.86,0.85,0.86,0.86,0.86,0.85,0.74,0.86,-1.04,0.84,0.86,-1.07,0.86,0.86,0.86,0.84,0.85,0.86,0.82,0.86,0.79,0.86,0.83,0.86,0.86,0.86,0.86,0.82,0.86,0.86,0.86,0.86,0.86,-1.13,0.86,0.86,0.84,0.86,0.86,-1.09,-1.05,0.85,0.85,-1.13,0.86,0.84,0.86,0.83,0.86,-1.12,0.86,0.86,0.86,0.85,0.86,0.84,0.86,0.72,0.86,0.86,0.86,0.86,0.86,-1.14,0.85,0.86,0.86,0.7,0.86,0.86,0.86,0.86,0.84,0.86,0.86,0.86,-1.13,0.86,0.86,0.86,0.86,0.86,0.86,0.86,0.86,0.86,0.86,0.86,0.86,0.86,0.83,0.86,0.86,0.86,0.86,0.86,0.86,0.86,0.86,0.86,0.85,0.85,0.84,0.86,-1.09,0.86,0.85,0.86,0.86,0.86,0.86,0.86,0.82,0.86,0.86,0.69,0.86,0.86,0.84,0.83,0.86,0.71,0.86,0.85,0.86,0.86,0.86,0.86,0.85,0.86,0.86,0.85,0.86,0.86,0.86,0.85,0.86,0.86,0.86,0.86,0.86,0.84,0.86,0.86,0.86,0.86,0.84,0.86,0.86,0.86,0.86,0.84,0.86,-1.11,0.86,0.86,0.86,0.86,0.86,0.86,0.86,0.86,0.86,0.86,0.67,0.86,0.85,0.85
-1.14,-1.13,-1.02,-1.02,-1.14,0.84,-1.02,-1.03,-1.03,0.84,0.85,-1.11,-1.19,0.76,-1.13,-1.42,0.79,0.84,0.85,0.83,0.81,-1.08,0.86,0.73,0.83,0.76,-1.11,0.67,-1.01,-1.02,0.64,-1.04,-1.11,0.81,0.81,0.86,0.82,0.81,0.86,-1.03,0.84,0.86,0.83,0.79,0.84,0.82,0.84,0.84,0.84,0.84,-1.05,0.86,0.77,0.86,0.82,0.86,0.85,0.86,0.85,-1.07,0.86,-1.02,0.86,0.8,0.86,0.85,0.86,0.86,0.86,0.86,0.86,0.85,0.86,0.86,0.83,0.8,0.86,0.86,0.86,0.86,0.84,0.85,0.86,-1.02,0.86,0.86,-1.12,0.86,0.86,0.86,0.74,0.81,0.84,0.86,0.86,0.86,0.86,0.86,-1.13,-1.14,-1.06,0.86,0.86,0.85,0.86,-1.13,-1.04,0.86,0.86,0.86,0.86,0.86,0.86,0.79,0.84,0.86,0.86,0.85,-1.08,-1.04,0.86,0.86,0.86,0.86,0.85,0.86,0.86,0.86,0.86,0.86,0.83,0.86,0.84,0.86,0.86,-1.09,0.86,0.86,0.84,0.86,0.85,0.86,0.86,-1.08,0.86,0.86,0.86,0.86,0.86,0.72,0.86,0.86,0.86,0.86,0.86,-1.14,0.86,0.86,-1.2,0.86,0.86,0.86,0.86,0.86,0.86,-1.07,0.86,0.86,0.85,0.85,-1.02,0.81,-1.1,0.86,0.85,0.85,0.86,0.86,0.86,0.86,0.86,0.79,0.86,0.86,0.86,0.84,0.86,0.86,0.86,0.86,0.86,-1.03,0.86,0.86,0.86,0.86,0.86,0.86,0.85,0.86,0.86,-1.03,0.86,0.86,0.86,0.74,0.82,-1.0,0.86,0.79,0.86,0.85,0.86,0.86,0.85,0.86,0.86,0.84,0.86,0.86,0.86,0.86,0.86,0.86,0.84,0.86,0.86,0.86,0.86,0.85,0.86,0.86,0.75,0.86,0.85,0.86,0.86,0.86,0.86,0.86,0.86,0.86,0.86,0.84,0.86,0.86,0.86,0.86,0.86,0.84,0.85,0.86,0.86,0.84,0.86,0.86,0.86,0.86,0.86,0.85,0.86,-1.09,0.86,-1.07,0.86,0.86,0.85,0.86,0.86,0.86,0.86,0.86,0.86,0.86,0.86,0.86,0.86,0.86,0.85,0.86,0.86,0.86,0.86,0.86,0.85,0.86,-1.09,0.86,0.86,0.84,0.86,0.84,0.85,0.86,0.86,0.86,0.86,0.86,0.86,0.86,0.86,0.86,0.86,0.86,0.86,0.86,0.86,0.86,0.77,0.86,-1.02,0.86,0.86,0.84,0.86,0.86,0.86,0.86,0.86,0.86,0.86,0.86,0.86,0.85,0.86,0.86,0.86,0.86,0.86,0.86,0.86,0.86,0.86,0.86,-1.15,0.86,0.86,0.86,0.86,0.86,0.85,-1.04,0.86,0.86,0.86,-1.09,0.86,0.86,0.86,0.84,0.86,0.86,0.86,0.85,0.86,0.86,0.86,0.83,-1.03,0.84,-1.05,0.84,0.86,0.86,0.86,0.85,0.76,0.86,0.86,0.83,0.81,0.86,0.86,0.86,0.84,0.86,0.86,0.86,0.86,0.86,0.86,0.86,-1.03,0.86,0.86,0.86,0.85,0.86,0.86,0.84,0.82,0.86,0.86,0.86,0.86,0.86,0.86,0.86,0.86,0.86,-1.09,0.86,0.86,0.86,0.86,0.86,0.86,0.86,0.86,0.86,0.86,0.86,0.86,0.86,0.77,0.86,0.86,0.86,0.86,0.86,-1.1,0.86,0.86,0.86,0.86,0.86,0.86,0.85,0.86,0.84,0.86,0.86,0.86,0.86,0.86,0.86,0.86,0.85,0.86,0.86,0.86,0.86,0.86,0.86,0.86,-1.01,0.76,0.86,0.86,0.86,0.86,0.86,0.86,0.86,-1.02,0.85,0.86,0.86,0.85,0.86,0.86,0.86,0.86,0.86,0.86,0.85,0.86,0.86,0.86,0.86,0.86,-1.01,0.81,0.86,0.85,0.86,0.86,0.86,-1.08,0.86,0.86,0.84,0.86,0.86,-1.13,0.86,0.86,0.86,0.72,0.86,0.86,0.86,0.85,0.86,0.86,0.85,0.83,0.85,0.86,0.86,0.86,0.86,-1.03,0.86,0.86,0.86,0.86,0.86,0.86,0.86,0.79,0.86,0.86,0.86,0.86,-1.04,0.86,0.86,0.86,0.86,0.84,0.86,0.86,0.86,0.86,0.86,0.86,0.86,0.85,0.85,0.86,0.86,0.86,-1.04,0.82,0.85,0.86,0.86,0.86,0.86,0.86,0.86,0.86,0.81,0.86,0.86,0.86,0.86,0.86,0.76,0.86,0.86,0.86,0.86,0.86,0.86,-1.26,0.86,0.86,-1.08,0.86,0.86,0.86,0.85,0.85,-1.13,0.85,0.86,-1.03,-1.07,-1.08,0.82,0.84,0.84,0.85,0.86,0.86,0.86,0.84,0.86,0.83,0.86,0.86,-1.07,0.86,0.86,0.86,0.86,0.86,0.86,0.85,0.86,0.86,0.86,0.86,0.86,0.86,0.86,0.86,0.86,0.86,0.86,0.86,0.86,0.86,0.73,0.85,0.86,0.86,0.85,0.86,0.86,0.85,0.86,0.86,-1.03,0.86,0.86,0.81,0.85,0.86,0.85,0.86,0.82,0.86,0.86,0.86,0.86,0.86,0.86,0.78,0.86,0.84,0.86,0.86,0.86,-1.1,0.86,-1.1,0.86,0.86,0.86,0.86,0.84,0.86,0.86,0.86,0.86,0.86,0.86,0.76,0.86,0.83,0.84,0.83,0.86,0.86,0.86,0.86,-1.07,0.86,0.86,0.86,0.86,0.85,0.86,-1.04,0.7,0.86,-1.03,0.86,0.85,0.85,0.86,0.85,0.86,0.86,0.86,0.83,-1.03,0.86,0.86,0.86,0.86,0.86,0.86,0.83,0.86,0.86,0.85,0.86,-1.04,0.84,0.86,0.86,0.86,0.86,0.86,0.84,0.86,0.86,0.85,0.74,0.85,-1.06,0.85,0.86,0.86,0.83,0.84,0.86,0.85,0.86,0.86,0.86,0.86,0.86,0.86,0.86,0.86,0.86,0.84,0.86,0.86,0.86,0.86,0.86,0.86,0.86,0.86,0.86,-1.07,0.84,0.86,0.86,0.84,0.83,0.86,0.86,0.86,-1.0,0.86,-1.1,0.86,0.86,0.86,0.86,0.77,0.86,0.86,0.84,0.85,0.86,0.86,0.86,0.86,0.86,0.84,0.86,0.86,0.86,0.85,0.86,0.85,0.86,0.86,0.86,0.86,0.86,-1.05,0.86,0.73,0.86,0.86,0.86,0.86,0.84,0.86,0.85,0.86,0.86,-1.14,0.86,0.86,0.86,0.86,0.86,0.86,0.86,0.86,0.86,0.84,0.86,0.85,0.86,0.83,0.86,0.86,-1.09,0.86,0.86,0.86,-1.29,0.86,-1.04,0.86,0.86,0.86,0.84,-1.06,0.86,0.81,0.86,0.86,0.85,-1.04,0.86,0.86,0.85,0.86,0.85,0.86,0.86,0.86,0.86,-1.12,0.86,0.86,0.84,0.86,0.86,0.85,0.86,0.86,0.86,0.86,0.86,0.83,-1.1,0.86,0.86,0.86,0.86,0.86,0.86,0.85,0.86,0.86,0.86,0.86,0.86,0.85,0.85,0.86,0.86,0.86,0.75,0.86,0.86,0.85,0.86,0.84,0.86,0.86,0.72,0.86,0.84,0.86,0.86,0.84,0.85,0.84,0.86,0.86,0.86,0.86,-1.0,0.86,0.86,0.86,0.86,0.86,0.86,0.84,0.86,0.86,0.86,0.86,0.86,0.86,0.86,0.86,0.86,0.84,0.86,0.85,0.85,0.86,0.86,0.84,0.86,0.86,0.85,0.86,0.86,0.86,0.86,0.86,0.86,0.86,0.8,-1.1,0.86,0.86,0.86,0.86,0.84,-1.01,0.83,-1.08,0.86,0.86,0.86,0.86,0.86,0.86,0.86,-1.03,0.73,-1.13,0.86,0.86,0.84,0.85,0.86,0.86,0.86,0.86,0.86,0.85,0.86,0.86,0.86,0.86,0.86,0.84,0.86,0.86,0.83,-1.13,0.74,0.86,0.86,0.86,0.69,0.86,0.85,0.86,0.86,0.86,0.86,0.86,0.86,0.86,0.86,0.86,0.84,-1.13,0.85,0.86,0.71,0.86,0.86,0.86,0.86,-1.1,0.8,0.86,0.86,0.86,-1.06,0.83,0.86,-1.05,0.85,0.86,0.84,0.86,0.86,0.86,0.86,0.86,0.86,0.86,0.86,0.86,0.85,0.86,0.85,0.86,0.86,0.86,0.84,0.86,0.86,0.86,0.86,0.7,0.86,0.86,0.82,0.83,0.86,0.86,0.86,0.86,0.8,-1.11,0.86,0.86,0.84,0.85,0.86,0.86,0.86,0.86,-1.08,-1.02,0.83,0.86,-1.12,0.85,0.84,0.86,0.86,0.85,0.77,0.86,0.86,0.83,-1.13,0.86,0.86,0.86,0.86,0.86,0.86,-1.01,0.86,0.86,0.85,-1.0,0.85,0.86,0.86,0.86,0.86,0.79,0.85,0.86,0.86,0.86,0.86,0.86,0.86,0.76,0.86,0.86,0.86,0.86,0.86,0.86,0.84,0.86,0.86,0.86,0.81,0.84,0.86,0.86,0.86,0.85,0.86,0.85,0.86,0.86,0.86,0.86,0.86,0.85,0.86,0.86,-1.14,0.72,0.86,-1.07,0.86,0.86,0.85,0.84,0.84,0.85,0.86,0.86,0.86,0.86,0.84,0.86,0.86,0.84,0.85,0.86,0.85,0.86,0.86,0.86,0.86,0.86,0.86,0.86,0.86,0.85,0.86,0.86,0.86,0.86,0.86,0.86,0.86,0.86,0.86,0.86,0.86,0.84,-1.06,0.86,0.86,0.86,0.86,0.86,0.86,0.84,0.86,0.86,0.86,-1.0,-1.07,0.85,0.86,0.75,0.86,0.86,0.86,-1.03,0.86,0.86,0.86,0.86,0.84,0.77,0.84,0.86,0.86,0.86,0.86,0.86,-1.06,0.85,0.86,-1.03,0.86,0.85,0.85,0.86,0.86,0.86,0.72,0.84,0.86,0.86,0.84,0.86,0.86,0.86,0.86,0.86,0.86,0.86,0.86,0.86,0.86,0.86,0.86,0.86,0.86,0.86,0.86,0.86,0.86,0.85,0.86,0.86,0.86,0.86,0.83,0.86,0.85,0.86,0.86,0.86,0.86,0.85,0.86,0.86,0.86,0.86,0.86,0.86,0.85,0.86,0.86,0.86,0.86,-1.11,0.85,0.86,-1.02,0.77,-1.11,0.86,0.86,0.86,0.86,0.86,0.86,0.86,0.86,0.86,0.86,-1.13,0.84,0.86,0.86,0.86,-1.13,0.86,0.86,0.85,0.86,0.86,0.86,0.86,0.86,0.85,0.86,0.86,0.86,0.86,0.84,0.86,0.86,-1.04,0.86,0.85,0.86,0.86,-1.1,0.86,0.83,0.86,0.86,0.86,0.85,0.86,0.85,0.86,0.86,0.86,0.86,0.85,0.84,0.86,0.86,0.86,0.86,0.86,-1.12,0.86,-1.02,0.86,0.6,0.83,0.85,0.86,0.85,0.86,0.85,0.84,0.86,0.86,0.86,0.86,0.86,0.86,0.85,0.86,0.84,0.86,0.84,0.86,0.84,0.86,0.86,0.86,0.86,0.86,0.86,0.86,0.86,0.86,0.85,0.86,0.86,0.85,0.85,0.86,0.86,0.78,0.86,0.86,0.86,0.86,0.86,0.86,0.84,0.84,0.86,0.86,0.86,0.86,0.86,0.86,0.86,0.86,0.85,-1.02,0.84,0.86,0.86,0.86,0.86,0.86,-1.03,0.86,0.86,0.86,0.86,0.86,0.86,0.86,0.85,0.85,0.86,0.86,0.85,0.86,0.86,0.86,0.85,0.86,0.84,0.86,0.85,0.86,0.85,0.76,0.86,0.86,0.86,-1.07,0.85,0.86,0.86,0.77,0.85,0.86,0.86,0.86,0.86,0.85,0.86,0.86,0.86,0.86,0.86,0.86,0.86,0.86,0.86,0.86,0.86,0.86,0.85,0.86,0.84,0.84,0.86,0.86,-1.04,0.86,0.86,0.86,0.86,0.86,0.86,0.85,0.86,0.86,0.86,0.86,0.86,0.86,0.86,0.84,0.86,0.86,0.85,0.86,0.86,0.86,0.86,0.86,0.86,0.86,0.86,0.85,-1.03,0.85,0.85,0.86,0.86,0.84,-1.08,0.86,0.86,0.79,0.86,-1.17,0.86,0.76,0.86,-1.02,0.86,-1.12,0.86,0.86,0.86,0.86,0.86,0.86,-1.05,0.68,0.86,0.86,0.86,0.86,0.86,0.86,0.86,0.86,0.86,0.86,0.86,0.86,0.86,0.86,0.86,0.8,0.86,-1.02,0.86,0.86,0.86,0.84,0.86,0.77,0.86,0.86,0.86,0.84,0.86,0.86,0.86,0.86,0.86,0.85,0.85,0.86,0.86,0.84,0.86,0.86,0.86,0.86,0.86,0.75,0.86,0.84,0.86,0.86,0.86,0.86,0.86,0.86,0.86,0.86,0.81,0.86,0.86,0.86,0.86,0.86,0.85,0.86,-1.06,-1.01,0.86,0.86,0.86,0.86,0.85,0.86,0.84,0.86,0.86,-1.05,-1.03,0.84,0.86,0.85,0.85,0.86,0.86,0.84,0.85,-1.1,0.86,0.86,0.86,0.86,0.86,0.74,0.86,0.84,0.86,0.86,0.86,0.86,0.86,0.86,0.86,0.86,0.86,0.86,0.86,0.86,0.86,0.84,0.86,0.66,-1.18,0.84,0.77,0.86,0.86,0.84,0.86,0.86,0.86,0.86,-1.08,-1.0,0.85,0.86,0.86,0.85,0.86,0.86,-1.07,0.86,0.86,0.85,0.85,0.86,0.86,0.86,0.86,0.86,0.85,0.84,0.73,0.86,-1.06,0.86,0.86,0.86,0.86,0.82,0.86,0.85,0.86,-1.03,0.86,0.86,0.86,0.86,0.86,0.86,0.86,0.86,0.76,0.86,0.79,0.86,0.86,0.85,0.86,0.86,0.84,0.85,0.86,0.86,0.86,0.86,0.86,0.86,-1.14,0.86,0.86,-1.02,0.86,0.82,0.85,0.86,-1.1,0.86,0.83,0.84,0.86,0.86,0.86,0.86,0.86,0.86,0.86,0.86,0.86,0.86,0.86,0.86,0.86,0.86,0.86,0.86,-1.08,0.86,0.86,0.86,0.86,0.86,0.86,0.86,0.83,0.84,0.85,0.84,-1.19,-1.02,0.85,0.84,0.86,-1.13,0.86,0.85,0.86,0.86,0.85,0.86,0.86,0.84,0.81,0.86,0.86,0.86,0.71,0.85,0.86,0.84,0.86,0.86,0.86,-1.02,0.85,0.86,0.86,0.86,0.86,0.86,0.84,0.86,0.86,0.86,0.86,0.85,0.86,0.86,0.86,0.86,0.86,0.7,0.84,0.86,0.85,0.85,0.84,0.86,0.86,0.84,0.74,0.86,0.86,-1.12,0.85,0.86,0.86,0.82,0.86,-1.02,0.86,-1.03,0.86,0.86,0.86,0.86,0.84,0.86,0.86,0.85,0.86,0.86,0.86,0.86,0.86,0.86,0.86,0.86,-1.07,0.86,0.84,0.86,0.86,0.86,0.85,0.86,0.86,0.86,0.86,-1.11,0.86,0.86,0.84,0.86,0.86,0.86,0.86,0.86,0.86,0.86,0.86,-1.11,0.85,0.86,0.85,0.86,0.86,0.84,0.86,0.86,0.86,-1.08,0.86,0.86,0.86,0.85,0.85,0.86,0.84,0.86,0.86,0.86,0.86,0.86,0.86,0.86,0.86,0.86,0.86,0.86,-1.03,0.85,0.86,0.86,0.86,0.86,0.7,0.85,0.86,0.86,-1.06,0.86,0.86,0.86,-1.08,0.86,0.86,0.86,-1.08,0.86,0.85,0.86,0.86,-1.12,0.86,0.86,0.86,-1.13,0.86,0.85,0.86,0.86,0.86,0.86,0.85,0.85,0.85,-1.13,0.86,0.86,0.86,0.86,0.86,0.86,0.86,0.85,0.86,0.86,0.83,0.86,0.86,-1.14,0.86,0.86,0.86,0.75,0.86,0.86,0.59,0.86,0.86,0.86,0.86,0.86,0.85,0.86,-1.02,0.86,0.86,0.85,0.86,0.59,0.86,0.86,0.86,0.81,0.86,0.86,0.86,0.86,0.86,0.86,0.86,0.84,0.68,0.86,0.86,0.85,0.86,0.86,0.85,0.86,0.86,0.85,0.86,0.86,0.86,0.86,0.86,0.76,0.85,0.86,-1.07,0.86,0.86,0.84,0.86,0.84,0.84,0.86,0.86,0.83,0.86,0.85,0.86,0.86,0.86,0.85,0.86,0.86,0.86,0.83,0.86,0.86,0.86,0.86,0.86,0.86,0.86,0.86,0.86,0.86,0.86,0.86,0.86,0.86,0.86,0.86,0.85,0.84,0.71,0.86,0.86,0.85,0.86,0.86,0.85,0.84,0.86,0.86,0.86,0.86,0.85,0.86,0.86,0.86,0.85,0.86,0.86,0.86,0.86,-1.12,-1.12,0.86,0.86,0.86,0.75,0.86,0.86,0.85,-1.13,-1.0,0.86,0.86,0.86,0.86,0.86,0.86,0.85,0.86,0.86,0.76,0.86,0.86,0.84,0.83,-1.13,0.74,0.86,0.86,0.86,0.86,0.85,0.85,0.86,0.7,0.86,0.86,0.86,0.86,0.86,0.86,0.84,0.86,0.86,0.85,0.86,0.86,0.86,0.86,0.86,-1.06,0.86,0.86,0.84,0.86,0.85,0.86,0.86,0.86,0.86,-1.0,0.85,-1.12,0.86,0.85,0.86,0.84,0.85,0.86,0.86,0.86,0.86,0.86,0.86,0.84,0.84,-1.02,-1.13,0.86,0.86,0.85,0.86,0.84,0.83,0.86,0.86,0.86,0.81,0.86,-1.03,0.86,0.86,0.86,0.86,0.86,-1.3,0.85,-1.12,0.85,0.85,-1.02,-1.04,0.86,0.86,0.84,0.86,0.86,0.78,0.86,0.86,0.86,-1.0,0.86,0.86,0.84,0.86,0.86,0.86,0.86,0.85,0.84,0.86,0.86,0.86,0.86,0.86,0.85,0.86,0.86,0.86,0.86,0.86,0.86,0.86,0.86,0.86,0.86,0.86,0.86,0.85,0.86,0.86,0.85,0.86,0.86,0.86,0.84,0.86,0.7,0.86,0.84,0.85,0.86,0.86,0.86,0.86,0.86,0.86,0.86,0.77,0.86,0.86,0.86,0.86,0.86,0.84,0.85,0.86,0.86,0.86,0.86,0.86,0.84,0.86,0.86,-1.11,0.86,0.74,0.83,0.85,0.85,0.86,0.86,0.86,0.86,0.84,0.84,0.86,0.86,0.86,0.86,0.86,0.86,0.86,0.86,0.86,0.86,0.86,0.84,0.86,0.86,0.86,0.86,0.85,0.86,0.86,0.86,0.86,0.86,0.86,0.76,-1.03,0.86,0.86,0.85,0.86,0.86,0.86,0.86,0.86,0.84,0.86,-1.02,0.85,0.86,0.86,0.86,0.86,0.86,0.86,0.86,0.86,0.86,0.84,0.86,-1.08,-1.15,0.86,-1.05,0.86,0.86,0.86,0.86,0.82,0.84,0.86,0.84,0.86,-1.13,0.86,0.86,0.86,0.86,0.86,0.86,0.85,0.86,0.86,0.86,0.86,0.86,0.86,0.86,0.84,0.86,0.86,0.86,0.86,0.86,0.86,0.86,0.86,0.84,0.86,0.86,0.86,0.86,0.86,0.86,0.86,0.86,0.86,0.86,0.86,0.83,0.86,0.86,0.86,0.83,0.86,0.86,0.84,0.86,0.86,0.78,0.86,0.84,0.86,-1.13,0.86,0.84,0.86,0.86,0.86,-1.1,0.84,0.86,0.86,0.86,0.86,0.84,0.86,0.86,-1.03,0.86,-1.13,-1.05,-1.12,0.86,0.86,0.86,0.85,0.86,0.86,0.86,-1.14,0.8,-1.12,0.86,0.86,0.86,0.86,0.86,-1.03,0.86,0.86,0.86,0.85,0.86,0.86,0.86,0.86,0.86,0.86,0.86,-1.11,0.86,0.84,0.86,0.86,0.86,-1.09,0.85,0.86,0.85,0.86,0.86,0.86,0.86,0.84,0.86,0.86,0.84,0.85,0.86,0.81,0.7,0.86,0.86,0.85,0.86,0.86,0.86,0.83,0.86,-1.02,0.86,0.85,0.86,0.85,0.86,0.86,-1.14,0.86,-1.02,-1.12,0.85,0.86,-1.09,-1.02,0.85,0.86,0.85,0.86,0.86,0.86,0.86,0.86,0.86,0.86,0.85,0.86,0.86,0.86,0.86,0.86,0.86,0.84,0.8,0.86,0.78,0.86,0.86,0.84,0.86,0.86,0.86,0.86,0.86,0.86,0.85,0.86,0.86,0.86,0.86,0.86,0.86,0.86,0.85,0.82,0.86,0.86,0.86,0.86,0.86,0.86,0.86,0.86,0.84,0.86,0.86,0.86,0.86,0.86,0.86,0.86,-1.05,0.85,0.86,0.84,0.86,0.86,0.86,0.85,0.86,0.86,0.86,0.86,0.84,0.86,0.86,0.86,0.86,0.86,-1.13,0.86,0.86,0.85,0.73,0.84,0.86,0.86,0.86,0.86,-1.02,0.86,0.86,-1.08,0.86,0.86,0.86,0.86,0.86,0.86,-1.02,0.84,0.86,-1.07,0.85,0.84,0.85,0.85,0.86,0.86,0.86,0.86,0.86,-1.12,0.86,0.86,0.86,0.86,0.86,0.86,0.86,0.86,0.86,0.84,0.86,0.86,0.86,0.7,0.86,0.86,0.86,0.86,0.86,0.86,0.85,0.86,0.86,0.86,0.86,0.86,0.84,0.84,0.86,0.86,0.86,0.86,0.86,0.86,0.86,0.86,0.86,0.85,-1.02,0.86,0.86,0.86,0.86,0.86,0.85,0.86,0.85,0.8,0.86,0.86,-1.01,-1.13,0.85,0.86,0.86,0.83,0.86,0.86,0.86,0.86,0.86,0.86,0.84,0.86,0.86,0.85,0.86,-1.06,0.85,0.81,0.72,0.86,0.83,0.86,0.86,0.86,0.86,0.86,-1.13,0.85,0.82,0.86,0.86,0.85,0.85,0.85,0.86,0.85,0.86,0.86,0.86,0.86,0.86,0.86,0.86,0.83,0.83,0.86,0.86,0.86,0.86,-1.13,0.85,0.86,0.86,0.85,0.86,0.86,0.86,0.86,0.86,0.86,0.68,0.86,0.85,0.86,0.86,0.86,0.85,0.86,0.85,0.86,0.86,0.86,0.86,0.86,0.86,0.86,0.86,-1.02,0.85,0.85,0.86,-1.05,0.86,-1.02,0.86,0.86,0.86,0.86,0.85,0.86,0.86,0.86,0.86,0.86,0.86,0.81,0.86,0.86,0.86,0.74,0.85,0.86,0.86,0.84,0.86,0.86,0.84,0.86,0.86,0.71,0.86,0.86,-1.01,0.85,0.86,0.86,0.86,0.86,0.85,0.86,0.86,0.84,0.86,0.86,0.86,0.86,0.85,0.76,0.86,0.86,0.85,0.86,0.86,0.86,0.86,0.86,0.86,0.86,0.86,0.86,0.85,0.84,0.86,0.86,0.86,0.84,0.86,0.86,0.86,0.86,0.86,0.86,0.86,0.86,0.86,0.86,0.86,0.86,0.86,0.86,0.86,0.84,0.86,0.86,0.86,-1.1,0.86,0.67,0.83,0.86,0.86,0.86,0.86,0.86,-1.1,0.84,0.85,0.82,0.86,0.86,-1.12,0.86,0.85,0.86,0.86,0.84,0.86,0.86,0.86,0.86,0.86,0.73,0.86,0.86,0.86,0.86,0.86,0.86,0.86,0.86,0.86,0.86,0.86,0.86,0.86,0.85,0.86,0.84,-1.12,0.86,0.86,0.86,0.81,0.85,0.84,0.86,0.86,0.86,0.86,-1.14,0.84,0.85,0.86,0.72,0.86,0.86,0.83,0.86,0.86,0.86,0.86,0.86,-1.02,0.83,0.86,0.86,0.86,0.86,0.86,-1.0,0.86,0.86,0.71,0.85,0.86,0.86,-1.13,0.86,0.86,0.86,0.86,0.86,0.86,0.85,0.86,0.86,0.86,-1.07,0.86,0.86,0.86,0.86,0.86,0.86,0.86,0.83,0.86,-1.13,0.86,0.86,0.86,0.86,0.86,0.86,0.86,0.86,0.8,0.86,-1.14,0.86,0.85,0.86,0.84,0.84,0.85,0.85,0.86,0.86,0.86,0.86,0.86,0.86,0.86,0.84,0.86,0.86,0.81,0.86,0.84,0.84,-1.05,0.85,0.86,-1.19,0.85,0.86,-1.12,0.86,0.86,0.86,0.85,0.86,0.86,0.86,0.86,0.86,0.86,0.86,0.86,0.86,0.86,-1.0,-1.13,0.86,0.86,0.86,0.86,0.85,0.86,0.86,0.86,0.86,0.86,-1.23,0.86,0.86,0.85,0.85,0.86,0.86,0.86,0.86,0.86,0.86,0.86,0.84,0.86,0.86,-1.12,0.85,0.86,0.86,0.86,0.86,0.86,0.86,0.86,0.86,0.84,-1.04,0.85,0.85,0.86,0.86,0.86,0.86,0.86,0.82,-1.07,0.82,0.85,0.84,0.86,0.76,0.86,0.86,0.84,0.86,0.86,0.86,0.85,0.83,0.86,0.86,0.86,0.86,0.83,0.86,0.86,0.63,0.86,0.86,0.85,0.86,0.85,0.84,0.86,0.82,0.85,0.85,0.86,0.86,0.86,0.86,0.84,0.86,0.86,0.85,-1.03,0.86,0.86,0.85,0.85,0.86,0.84,0.85,0.84,0.85,0.86,0.86,0.86,0.86,0.73,0.86,0.82,0.86,0.86,-1.0,0.73,-1.13,0.86,0.62,0.86,0.86,0.86,0.86,0.86,0.85,0.86,0.85,0.86,0.86,0.86,0.86,0.86,0.86,0.85,0.86,0.86,0.86,0.85,0.86,0.86,0.85,0.85,0.86,0.86,0.86,0.86,0.84,0.86,0.85,0.84,0.86,0.86,0.78,0.83,0.86,0.86,0.86,0.86,0.86,0.86,0.86,0.86,0.86,0.86,0.82,0.86,0.86,0.84
-1.12,-1.01,-1.0,0.86,0.76,-1.06,-1.12,-1.14,0.66,0.62,0.76,0.82,-1.02,-1.09,-1.1,-1.03,-1.27,-1.16,-1.06,0.86,-1.03,0.82,0.83,0.84,-1.17,0.81,0.61,0.76,0.8,0.77,0.82,0.78,0.84,0.85,0.83,0.86,0.58,-1.34,0.84,0.81,0.83,0.86,0.86,0.79,0.81,0.86,0.86,0.81,0.86,0.71,0.86,0.85,0.74,0.86,0.85,0.77,0.86,-1.0,0.86,0.86,0.86,0.85,0.86,0.86,0.85,0.86,0.86,0.86,0.85,-1.13,0.72,0.86,0.85,0.86,0.84,0.86,0.86,0.86,0.84,0.86,0.84,0.86,0.86,0.86,0.86,0.85,0.85,0.86,0.86,0.85,0.86,0.86,0.86,0.86,0.86,0.86,0.86,0.86,0.86,0.86,0.86,0.86,0.86,0.86,0.86,-1.01,0.86,0.84,0.86,0.86,0.86,0.86,0.86,0.83,0.86,0.86,0.86,0.86,0.86,0.86,0.86,0.84,0.86,0.86,0.86,0.84,-1.02,0.86,0.86,0.86,0.86,0.86,0.86,0.86,0.86,0.86,0.86,0.86,0.85,0.86,0.86,0.86,0.86,-1.14,0.85,0.86,0.86,0.86,0.86,0.85,0.86,0.86,0.86,0.86,0.86,0.86,0.82,0.86,0.86,0.86,0.86,0.86,-1.09,0.84,0.84,0.86,0.86,-1.03,0.86,0.86,0.86,-1.14,0.86,0.86,0.86,0.86,0.86,0.86,0.86,0.86,0.85,0.85,-1.15,0.86,0.86,0.86,-1.18,0.86,0.85,0.74,0.86,0.86,0.86,0.84,0.77,0.84,0.86,0.86,0.85,0.86,0.84,0.86,0.86,0.84,0.84,0.86,-1.13,0.83,0.75,0.86,0.86,0.86,0.84,0.86,0.86,0.86,0.86,0.86,0.86,0.86,0.85,0.86,0.86,-1.06,0.86,0.86,0.86,0.86,0.86,0.86,0.86,0.86,0.86,0.85,0.86,0.86,0.86,0.86,0.86,0.86,0.86,-1.09,0.86,0.82,-1.08,0.85,0.86,0.86,0.85,0.86,0.86,0.86,0.86,0.86,0.86,0.86,0.86,0.86,0.86,0.86,0.86,0.86,0.85,0.86,0.86,0.83,0.86,-1.03,0.86,0.86,0.83,0.86,0.86,0.86,0.85,0.86,0.86,0.86,0.86,0.86,0.86,0.84,0.86,-1.06,0.86,0.86,0.86,0.86,0.86,-1.13,0.71,-1.08,0.86,0.86,0.86,0.84,0.86,0.86,0.86,0.86,0.86,0.85,0.86,0.86,-1.02,-1.1,0.86,0.84,0.85,0.86,0.86,0.86,0.86,0.86,0.86,0.86,0.86,0.72,-1.07,0.86,0.86,0.82,0.86,0.86,0.86,-1.13,0.86,0.86,0.85,0.86,0.86,-1.12,0.86,0.86,0.86,0.84,0.86,0.78,0.85,0.86,0.86,0.84,0.86,0.86,-1.03,0.77,0.86,0.86,0.85,0.86,0.86,0.86,0.86,0.86,0.86,0.85,0.86,0.82,0.86,0.86,0.86,0.85,0.86,0.86,0.86,-1.13,0.86,0.85,0.86,-1.1,0.86,0.86,0.86,0.86,0.86,0.86,0.86,0.86,0.86,0.86,0.86,0.86,0.84,0.86,0.57,0.86,0.86,0.71,0.86,0.86,0.86,0.86,0.86,0.86,0.86,0.86,0.84,0.84,0.86,0.86,0.86,0.86,0.86,0.86,0.86,0.86,0.86,0.86,-1.03,0.84,0.86,0.86,0.85,0.86,0.86,0.81,0.85,0.86,0.86,0.85,0.84,0.85,0.85,0.86,0.84,0.86,0.86,0.86,-1.12,0.86,0.82,0.86,0.86,0.85,0.86,0.86,0.86,0.86,0.86,-1.13,0.86,0.86,0.86,0.86,0.86,0.86,0.86,0.86,0.84,0.86,0.86,0.84,0.86,-1.12,0.86,0.86,0.86,0.72,0.86,0.86,0.84,0.85,0.86,0.86,0.76,0.86,0.86,0.86,0.86,0.84,-1.05,0.86,0.86,0.86,0.86,0.86,0.86,0.86,0.84,-1.04,0.86,-1.13,0.86,-1.12,0.86,0.84,0.86,-1.02,0.84,0.86,0.86,0.86,0.84,0.86,0.86,0.72,0.86,0.86,0.86,0.85,0.86,-1.05,0.86,0.86,0.86,0.86,0.86,0.86,0.86,0.86,-1.04,0.86,0.86,0.86,0.86,0.86,0.86,0.84,0.86,0.86,0.86,0.86,0.86,0.85,0.86,0.86,0.86,0.86,0.86,0.86,-1.0,0.86,0.86,0.86,0.86,0.86,0.86,0.86,0.86,0.86,0.86,0.84,0.86,0.86,0.86,0.85,0.86,0.86,0.84,0.86,0.86,0.86,0.86,0.86,0.86,0.83,0.86,0.86,-1.01,0.86,0.86,0.86,0.86,0.86,0.86,0.86,0.86,0.83,0.82,0.85,0.86,0.86,0.86,0.82,0.86,0.86,0.86,0.85,0.86,0.86,0.86,0.86,0.86,0.86,0.86,0.86,0.85,0.86,0.86,0.86,0.86,0.86,0.83,0.86,0.86,0.86,0.85,0.86,0.86,0.86,0.86,0.84,0.86,0.86,0.85,0.86,0.86,-1.12,0.86,0.84,0.86,0.86,0.86,0.86,0.86,0.86,0.86,0.86,0.84,0.86,0.86,0.85,0.86,0.86,0.86,0.86,0.84,0.86,0.86,0.86,0.86,0.86,0.86,0.86,0.86,0.86,0.86,0.86,0.84,0.86,0.86,0.86,0.86,0.86,0.83,0.86,0.84,0.86,0.86,0.86,0.86,0.71,0.86,0.86,0.86,0.86,0.84,0.86,0.7,0.86,0.86,0.84,0.86,0.86,-1.11,0.84,0.84,0.85,0.86,-1.04,-1.03,-1.13,0.84,0.83,-1.15,0.83,0.86,-1.01,0.86,0.86,0.86,0.86,0.85,0.86,0.86,0.86,0.86,-1.08,0.86,0.86,0.86,0.86,0.86,0.86,0.78,0.86,0.86,0.84,0.86,0.86,0.86,0.86,0.86,0.86,0.86,-1.08,0.86,0.85,0.86,0.86,0.86,0.84,0.86,0.84,0.85,0.86,-1.06,0.86,0.86,0.86,0.86,-1.0,0.86,0.86,-1.12,0.86,0.86,0.86,0.83,0.86,0.86,0.86,0.86,0.86,0.85,0.86,0.86,0.86,0.86,0.86,-1.12,0.85,0.86,0.86,0.86,0.85,0.78,0.86,0.86,0.85,-1.04,0.86,0.86,0.84,0.86,0.86,0.83,0.84,0.86,0.86,0.86,0.86,0.86,0.86,-1.04,0.86,0.86,0.77,0.86,0.86,0.86,0.86,0.86,0.86,0.86,0.86,0.85,0.85,0.84,0.86,0.86,0.86,0.86,0.86,0.86,-1.1,0.85,0.85,0.86,0.84,0.86,0.86,-1.03,0.86,0.86,0.86,0.86,-1.03,0.86,-1.11,0.86,0.86,0.86,0.84,0.86,0.86,0.86,0.85,-1.02,0.84,0.86,0.86,-1.02,0.86,0.86,0.86,0.86,0.86,0.86,0.86,0.86,0.86,-1.02,0.86,0.85,0.86,-1.12,0.85,0.85,0.83,0.86,0.86,0.86,0.78,0.86,0.84,0.86,0.86,0.86,0.86,0.55,0.86,0.86,0.86,0.86,0.86,0.86,0.86,0.72,0.86,0.86,0.84,0.86,0.86,0.86,0.86,0.86,-1.02,0.86,0.86,0.86,0.86,0.86,0.86,0.86,0.86,0.86,0.86,0.86,0.84,0.86,0.86,0.86,0.86,0.86,0.86,0.86,0.86,0.86,0.81,0.86,0.86,0.86,0.86,0.85,0.85,-1.12,-1.01,0.84,0.84,0.86,0.86,0.86,0.86,0.86,0.86,0.84,0.86,0.86,0.86,0.85,0.86,0.86,0.83,0.82,0.86,0.86,-1.03,0.86,0.86,0.86,0.85,0.86,0.86,0.86,0.86,0.86,0.85,0.86,0.86,0.86,0.86,0.86,-1.04,0.86,-1.12,0.86,0.86,0.86,0.85,0.86,0.84,0.86,-1.11,0.86,0.86,0.85,0.86,0.86,0.86,0.84,0.86,0.86,0.86,0.86,0.86,0.79,0.86,0.86,-1.14,0.84,0.86,-1.01,-1.13,0.85,0.86,0.76,0.86,0.86,0.86,0.86,0.86,0.86,0.86,0.86,0.86,-1.08,0.86,-1.11,0.74,0.86,0.73,-1.14,0.86,0.86,0.85,0.7,-1.02,0.84,0.86,0.85,0.85,0.84,0.86,-1.21,0.86,0.86,-1.1,0.78,0.86,0.84,0.86,0.86,0.85,0.86,0.86,0.86,0.86,0.72,0.86,0.85,-1.06,-1.02,0.86,0.86,0.85,0.86,0.86,0.86,0.81,0.86,0.86,0.86,0.86,0.85,0.86,0.84,0.86,0.85,0.86,0.86,0.86,0.86,0.86,0.86,0.85,0.86,0.84,0.86,0.86,0.86,0.86,0.86,-1.12,0.84,0.86,0.86,0.86,0.86,0.86,0.86,0.86,0.86,0.86,0.86,0.86,-1.03,0.86,0.86,0.86,0.86,0.85,0.85,0.86,0.86,0.78,0.86,0.86,0.86,0.84,0.86,0.73,0.86,0.86,0.86,-1.02,0.84,0.86,0.85,0.86,0.86,0.86,0.86,0.86,0.86,0.86,0.86,0.86,0.86,0.86,0.84,-1.14,-1.0,0.86,0.86,0.86,0.83,-1.14,0.85,0.86,0.86,0.86,0.68,0.86,0.86,0.86,0.86,0.86,0.86,0.84,0.86,0.86,0.83,0.86,0.86,0.86,0.86,0.86,0.85,0.86,0.85,0.86,0.86,0.86,0.86,0.84,0.86,0.86,0.86,0.86,0.84,0.86,0.86,0.86,0.86,0.86,0.86,0.86,0.86,0.86,0.86,0.86,0.86,0.86,0.84,0.85,-1.12,0.71,-1.02,-1.04,0.85,-1.0,0.86,0.86,0.86,0.86,0.86,0.86,0.85,0.86,-1.08,0.85,0.86,0.85,0.86,0.85,0.86,0.86,0.86,0.86,0.86,0.86,0.86,0.85,0.85,-1.03,0.83,0.86,0.85,0.86,0.85,0.85,0.84,-1.12,0.86,0.86,0.85,0.81,0.84,0.85,0.84,0.86,0.86,0.86,0.86,0.86,0.86,0.86,0.86,0.86,0.81,0.86,0.86,-1.01,0.86,0.84,0.85,0.86,0.86,0.86,0.86,0.86,0.83,0.86,0.86,0.84,0.86,0.86,0.86,0.86,0.85,0.85,0.86,0.86,0.84,0.86,0.86,0.85,0.84,0.86,0.84,0.78,0.85,0.86,0.86,0.86,0.86,0.86,0.86,0.85,0.86,0.86,0.86,0.86,0.86,0.86,0.86,0.86,0.86,0.86,0.86,0.86,0.85,0.86,0.85,0.86,0.86,0.83,0.86,0.83,0.86,0.86,0.86,0.86,0.85,0.86,0.86,0.86,0.86,0.86,0.86,0.86,0.86,0.86,0.86,0.68,-1.02,0.85,0.86,0.86,0.86,0.86,0.86,0.86,0.86,0.86,0.86,0.84,0.85,-1.1,0.86,0.86,0.85,0.86,0.86,-1.02,0.84,0.86,0.86,0.86,0.84,0.86,0.86,0.86,0.86,0.86,0.86,0.86,0.86,0.86,0.86,0.86,0.86,0.86,0.86,0.86,0.86,0.86,0.86,0.86,0.86,0.86,0.86,0.84,0.86,0.86,0.86,0.86,0.86,0.86,0.86,0.86,0.86,0.86,0.85,0.86,0.86,0.86,0.86,0.86,0.86,0.85,0.86,0.86,0.86,0.86,0.86,0.86,-1.02,0.86,0.86,0.86,0.86,0.86,0.86,0.86,0.86,0.86,0.86,0.85,0.86,0.86,0.86,0.86,0.86,0.86,0.84,0.86,0.71,0.84,0.86,0.86,0.86,0.86,0.86,0.86,0.86,0.86,0.86,-1.06,0.84,0.85,0.86,0.86,0.86,0.86,0.86,0.86,0.86,0.86,0.86,0.86,0.86,0.86,0.86,0.86,0.86,0.85,0.86,0.86,-1.02,0.86,0.86,0.86,0.85,0.86,0.86,0.85,0.86,0.86,0.86,0.86,0.86,0.85,0.86,0.86,-1.02,0.86,0.86,0.86,0.86,0.82,0.86,0.86,0.86,0.86,0.86,-1.04,0.85,0.86,0.86,0.86,-1.06,0.86,0.86,0.86,0.85,0.85,0.86,0.83,0.84,0.86,0.86,0.86,0.85,0.81,0.86,0.86,0.86,-1.1,0.86,0.86,0.83,-1.02,0.86,0.86,0.86,0.86,0.86,0.86,0.85,0.86,0.86,0.86,0.86,0.86,0.86,0.85,0.86,0.86,0.86,0.84,0.86,0.86,0.85,0.86,0.86,-1.02,0.85,0.86,0.86,0.86,0.86,0.86,0.81,0.86,0.86,0.86,0.84,0.86,0.85,0.86,0.86,0.86,0.86,0.86,0.86,0.85,0.86,0.84,0.86,0.75,0.85,0.86,0.86,0.85,0.85,0.86,0.86,0.84,0.86,0.86,-1.12,0.83,0.85,0.86,0.86,0.86,0.83,0.86,0.85,0.86,0.86,0.86,0.86,0.85,0.8,0.84,0.86,0.86,0.86,0.86,0.85,-1.02,0.86,0.86,0.86,0.86,0.86,0.86,0.86,0.86,-1.07,0.86,0.85,0.86,0.86,0.86,0.86,0.86,0.85,0.71,0.86,0.84,0.86,0.85,0.86,0.86,0.86,0.85,0.86,0.86,0.74,0.86,0.86,0.86,0.86,0.86,0.86,0.86,0.86,0.84,0.84,0.86,0.86,0.86,0.86,0.86,0.84,0.86,0.86,0.86,0.86,0.86,0.86,0.86,0.86,0.76,-1.07,0.84,0.85,0.85,0.86,0.86,0.86,0.86,0.86,0.86,0.86,0.85,0.86,0.86,0.86,0.86,0.86,0.84,0.86,0.86,0.86,0.86,0.86,0.86,0.86,0.86,0.84,-1.11,0.85,0.86,0.86,0.86,0.86,0.85,-1.13,0.86,0.86,0.85,0.85,0.83,0.86,0.78,0.86,0.85,0.86,0.86,0.85,0.85,0.86,0.86,0.86,0.86,-1.12,0.85,0.86,0.85,0.86,0.86,0.86,-1.04,0.83,0.86,-1.1,0.85,0.86,0.86,-1.02,0.85,0.86,0.85,0.86,0.82,0.86,0.83,0.86,0.86,0.86,0.86,0.86,0.86,0.85,0.86,0.86,0.86,-1.13,0.83,0.84,-1.12,0.86,0.83,0.85,0.86,-1.13,0.86,0.86,0.81,0.86,0.86,0.85,0.85,0.83,0.86,0.86,0.85,0.85,0.86,0.86,0.86,0.86,0.86,0.85,0.86,0.71,0.86,0.86,0.86,-1.1,0.85,0.86,0.8,0.8,0.86,0.84,0.86,0.86,0.85,0.86,0.86,0.86,0.86,0.86,0.86,0.85,-1.03,0.83,0.86,0.86,-1.12,0.84,0.86,0.86,0.86,0.86,0.86,0.86,0.86,0.86,0.83,0.86,0.85,0.76,0.86,0.86,0.86,0.86,0.86,0.82,0.85,0.72,0.86,0.86,0.86,0.86,0.86,0.86,0.86,0.82,-1.12,0.86,0.85,0.86,0.81,-1.06,0.85,0.86,0.84,0.85,0.86,0.86,-1.13,0.86,0.86,0.85,0.86,0.86,0.86,-1.04,0.85,0.85,0.86,0.86,0.86,0.85,0.86,0.86,0.86,0.86,0.86,0.86,0.86,0.86,0.86,0.86,0.86,0.86,0.86,0.86,0.86,0.73,0.86,0.86,0.86,0.86,0.86,0.85,0.86,0.86,0.86,0.86,0.86,0.79,0.86,0.86,0.86,0.86,0.86,0.85,0.84,0.86,0.86,0.86,0.86,0.86,0.86,0.85,0.85,0.86,0.86,0.83,0.86,0.86,0.86,0.86,0.86,0.86,-1.0,0.86,0.86,0.86,0.86,0.86,0.86,0.86,0.86,0.86,0.85,0.86,0.85,0.86,0.86,0.84,0.86,0.86,0.86,0.86,0.86,0.86,0.84,0.86,0.86,0.85,0.86,0.86,0.86,0.72,0.86,0.85,-1.02,0.86,0.86,-1.15,0.86,0.86,0.83,0.86,0.8,0.83,0.86,0.85,0.86,0.86,0.86,0.84,0.86,0.86,-1.02,0.74,0.84,0.86,0.86,0.86,0.86,0.86,0.86,0.86,0.86,0.86,0.86,0.86,0.86,0.86,0.84,0.86,0.86,0.86,0.86,0.86,0.86,0.86,0.86,0.86,0.86,0.85,0.86,0.86,0.86,0.86,0.86,0.84,0.82,0.86,0.83,0.86,0.86,0.86,0.84,0.86,0.86,0.84,0.86,-1.04,0.86,0.86,0.86,-1.02,0.86,0.85,0.86,0.86,0.86,0.86,0.86,0.86,0.86,0.86,0.86,0.86,0.86,0.85,0.86,0.86,0.86,0.86,0.84,0.86,-1.1,0.86,0.86,0.85,0.86,0.85,0.86,0.85,0.86,0.86,0.86,0.86,0.86,0.86,0.86,0.86,0.86,0.86,0.86,0.85,0.85,0.85,0.81,0.86,0.81,0.86,0.86,0.86,0.86,0.85,-1.02,0.86,0.85,0.86,0.84,0.86,0.86,0.86,0.86,0.84,0.86,0.85,0.86,0.86,0.86,0.86,0.86,0.86,0.86,0.86,0.86,0.86,-1.1,-1.19,0.86,-1.02,0.84,0.85,0.86,0.86,0.86,0.86,0.86,0.74,0.85,0.86,0.84,0.82,0.86,0.85,0.86,-1.03,0.86,0.86,0.86,0.86,0.86,-1.04,0.86,0.85,0.85,0.85,0.86,0.86,0.85,0.86,0.85,-1.08,0.85,0.86,0.86,0.86,0.86,0.85,0.86,0.81,0.86,0.86,0.86,0.86,0.86,0.84,0.85,0.86,0.86,0.84,-1.02,0.86,0.85,0.86,0.85,0.86,0.86,0.86,-1.12,-1.02,0.86,0.86,0.86,-1.04,0.85,0.85,0.86,0.85,0.86,0.86,0.85,0.86,0.76,0.85,0.86,0.84,0.86,0.86,-1.13,0.86,0.84,0.85,0.84,0.86,0.85,0.86,0.86,0.86,0.85,0.86,-1.03,0.86,0.85,0.76,0.83,0.77,0.85,0.86,0.86,0.85,0.86,0.86,0.86,0.86,0.86,0.86,0.86,-1.15,0.86,0.86,0.86,0.86,0.86,0.86,0.86,0.86,0.86,0.86,0.86,0.86,0.86,0.86,0.86,0.86,0.86,0.86,0.86,0.85,0.84,0.86,0.86,0.86,0.86,0.86,-1.14,0.86,0.85,0.86,0.86,0.86,0.86,0.86,0.86,0.78,0.79,0.86,0.86,0.84,0.85,0.86,0.86,0.86,-1.13,0.86,0.86,0.74,0.86,0.74,0.86,0.85,0.85,0.86,0.86,0.86,0.86,0.86,0.85,0.86,0.86,0.86,-1.07,0.85,0.86,0.86,0.86,0.86,0.86,0.86,0.86,0.86,0.86,0.86,0.86,0.85,0.86,-1.03,0.85,0.86,0.69,0.86,-1.02,0.86,0.84,0.83,0.83,0.85,0.86,0.86,0.84,0.86,0.86,0.86,0.85,0.86,0.86,0.86,0.86,0.86,0.86,0.86,0.86,0.84,0.84,-1.04,0.83,0.86,0.86,0.86,0.85,0.86,0.85,0.86,0.85,0.86,0.86,0.86,0.86,0.86,0.86,0.86,0.86,0.86,0.86,-1.1,0.85,0.85,0.86,0.84,0.86,0.86,0.86,0.86,0.86,0.86,0.86,0.86,0.86,0.85,0.86,0.86,0.86,0.86,0.84,0.86,0.86,0.86,0.86,0.85,0.84,-1.02,-1.12,0.85,0.86,0.86,0.86,0.86,0.86,0.86,0.86,0.86,0.85,0.86,0.86,0.84,0.86,0.86,0.86,0.81,0.73,0.86,0.84,0.86,0.86,0.86,0.86,0.86,0.84,0.86,0.86,0.86,0.86,0.86,0.86,0.86,0.86,0.86,0.86,-1.04,0.84,0.86,0.78,0.86,0.86,0.85,0.86,0.86,-1.1,0.85,0.86,0.86,0.86,0.86,0.85,0.86,0.86,0.84,0.86,0.84,0.85,0.86,-1.13,0.86,0.84,0.86,0.86,0.84,0.72,0.86,0.85,0.86,0.86,0.86,0.81,0.86,0.84,0.85,0.86,0.84,0.86,0.86,0.86,0.86,0.86,0.86,0.86,0.86,0.73,0.85,0.85,0.86,0.84,0.86,0.86,0.86,0.86,0.86,0.86,0.86,0.84,-1.11,0.86,0.86,0.86,0.86,0.78,0.85,0.84,0.86,0.86,-1.12,0.86,0.86,0.78,0.76,0.86,0.84,0.86,0.86,0.86,0.84,0.83,0.85,0.85,0.72,-1.11,0.86,0.86,0.84,0.86,0.86,0.86,0.77,0.86,-1.15,0.86,0.86,-1.11,0.83,0.86,0.65,0.84,0.85,0.86,0.84,-1.09,0.86,0.86,0.86,-1.11,0.86,0.86,0.84,0.85,0.86,0.84,0.86,0.86,0.85,-1.07,0.85,0.86,0.85,0.85,0.86,0.86,0.84,0.86,0.86,0.83,0.86,0.86,0.86,0.86,0.86,0.86,0.86,0.86,0.85,0.86,0.86,0.85,0.84,-1.01,0.86,0.85,0.86,0.84,0.86,0.85,0.85,0.84,0.86,0.86,0.85,0.86,0.86,0.86,0.86,0.86,0.86,0.86,0.86,0.86,-1.13,0.86,0.86,0.84,0.86,0.84,0.86,0.86,0.86,0.84,0.86,0.84,-1.03,0.86,0.85,0.86,0.86,0.86,-1.12,0.86,0.84,0.84,0.86,0.84,0.86,0.84,0.84,0.86,0.86,0.86,0.85,0.86,0.84,0.86,0.85,0.86,0.86,0.83,0.86,0.8,0.86,0.86,0.86,0.85,0.84,0.86,0.85,0.86,0.86,0.86,0.86,0.85,0.86,0.86,0.86,0.83,0.86,0.86,0.86,0.86,0.84,0.86,0.86,0.86,0.86,0.83,0.86,0.79,0.86,-1.13,0.86,0.86,0.86,0.86,0.86,0.86,0.86,0.86,0.86,0.85,0.86,0.85,0.86,0.86,0.86,0.86,0.86,0.86,-1.03,0.84,0.84,0.86,0.86,0.86,0.86,0.85,0.86,0.85,0.86,0.86,0.86,0.86,0.84,0.86,0.86,0.86,0.86,0.86,0.86,0.86,0.84,0.86,0.86,0.73,0.86,0.85,0.84,0.86,0.86,0.86,0.86,-1.06,0.84,-1.02,0.86,0.85,0.86,0.85,0.85,0.85,0.86,0.85,0.86,0.86,0.85,0.85,0.86,0.86,0.86,0.85,-1.18,0.86,0.86,0.86,-1.03,0.86,0.86,0.84,0.86,0.85,0.86,0.86,0.85,0.86,0.86,0.86,0.86,0.86,0.78,-1.03,0.86,0.86,0.85,0.86,0.86,0.83,0.86,0.86,0.86,0.86,0.86,0.86,0.86,0.85,0.86,0.86,0.86,-1.14,0.84,0.86,0.86,0.86,0.86,0.84,0.86,0.86,0.85,0.86,0.86,0.86,-1.02,0.86,0.86,0.86,0.86,0.86,-1.12,0.86,0.86,0.86,0.85,0.86,0.86,0.86,0.86,0.86,0.86,0.86,0.86,0.73,0.86,0.84,0.86,0.84,-1.12,0.84,0.86,0.86,0.86,0.84,0.85,0.86,0.84,0.86,0.86,0.85,0.85,0.86,0.86,0.83,0.86,0.86,0.86,0.85,0.84,0.86,0.85,0.86,0.86,0.84,0.83,0.73,0.86,0.85,0.85,0.86,0.85,0.86,0.86,0.86,0.76,0.82,0.85,-1.1,0.85,0.86,0.86,0.86,0.75,0.86,0.86,0.86,0.86,0.84,0.85,0.86,0.85,0.86,0.86,0.86,-1.14,0.86,0.86,0.86,0.86,0.86,0.86,0.86,0.86,0.86,0.86,0.86,-1.0,0.86,0.86,0.84,0.86,0.86,0.84,0.86,0.86,0.86,-1.13,0.86,0.86,0.86,0.86,0.85,-1.14,-1.13,0.85,0.82,0.86,0.86,0.86,0.85,0.85,0.86,0.86,0.86,0.84,0.86,0.86,0.86,0.86,0.86,-1.01,0.86,0.84,0.86,0.86,0.86,0.86,-1.06,0.86,0.75,0.85,0.69,0.86,0.86,0.86,0.86,0.86,0.86,0.86,0.86,0.85,0.86,0.86,0.86,0.86,0.86,0.86,0.86,0.86,0.86,-1.06,0.85,0.86,0.86,0.86,0.85,0.84,0.85,0.86,0.85,0.86,0.86,-1.04,0.86,0.86,0.86,0.86,-1.13,0.71,0.86,0.86,0.86,0.85,0.83,0.86,0.86,0.85,0.85,0.86,0.86,0.86,0.84,0.86,0.86,0.86,0.86,0.86,0.86,0.86,0.85,0.86,0.84,0.86,0.85,0.86,0.86,0.86,0.86,0.86,0.86,0.86,0.86,0.86,0.8,0.86,0.85,0.86,0.86,-1.12,0.86,0.86,-1.11,0.86,0.86,0.86,0.85,0.86,-1.08,0.86,0.85,0.82,0.83,0.86,0.86,0.86,0.86,0.86,0.86,0.7,0.86,0.86,0.86,0.86,0.84,0.78,0.86,0.85,-1.05,0.79,0.86,0.86,0.86,0.86,0.84,0.85,0.83,0.86,0.86,-1.07,0.86,0.84,0.86,0.86,0.76,0.85,0.86,0.86,0.86,0.69,0.86,0.86,0.86,0.86,0.86,0.84,0.86,0.85,0.84,0.86,0.86,0.86,0.86,0.86,0.86,0.84,0.86,0.86,0.86,0.86,0.86,0.86,0.86,0.86,0.86,0.86,0.86,-1.07,0.85,0.86,0.86,0.84,0.86,0.86,0.86,0.86,0.84,0.86,0.84,0.86,0.86,0.86,0.86,0.86,0.85,0.86,0.86,0.85,-1.03,0.86,0.86,-1.04,0.86,0.86,0.86,0.86,0.86,0.85,0.83,0.86,0.86,0.86,0.86,0.74,0.86,0.71,0.86,0.86,0.86,0.86,0.86,0.86,0.86,0.86,-1.0,0.85,0.86,0.86,0.86,0.86,0.83,0.86,0.86
-1.24,0.69,0.83,0.84,0.79,-1.07,-1.02,-1.09,0.79,-1.19,-1.0,-1.04,-1.04,0.81,0.83,0.84,-1.08,0.78,0.79,0.8,0.86,0.81,0.84,0.68,-1.05,0.76,0.86,-1.13,-1.08,-1.08,0.71,-1.02,0.86,0.85,0.86,0.83,0.83,-1.04,0.73,0.8,-1.05,0.86,-1.08,0.81,0.85,0.83,-1.05,0.85,0.84,0.86,0.84,0.82,0.86,0.84,0.84,0.86,0.86,0.86,0.86,0.85,0.86,0.86,0.86,0.86,0.86,0.86,0.86,0.86,0.86,0.85,0.86,0.84,0.71,0.86,0.86,0.86,0.86,0.86,0.86,0.86,0.86,0.86,0.84,0.86,0.86,0.86,0.86,0.84,0.86,0.86,0.84,0.86,0.86,0.86,0.86,0.86,0.86,0.72,0.86,0.86,0.86,0.86,0.86,0.86,0.85,0.85,0.85,-1.04,0.86,0.86,0.84,0.86,0.85,0.86,0.86,0.85,0.86,0.86,0.86,0.86,0.86,0.86,0.86,0.86,0.86,0.86,0.86,0.85,0.86,0.75,0.86,0.86,0.86,0.86,0.86,0.86,-1.03,0.86,0.86,0.84,0.86,0.85,0.86,-1.14,-1.06,0.86,0.86,0.85,0.85,0.86,0.73,0.86,0.86,0.86,0.86,0.86,0.86,-1.12,0.86,0.86,0.86,0.86,0.86,0.85,0.86,0.86,0.86,-1.12,0.78,0.86,0.86,0.86,0.86,0.86,-1.02,0.86,0.86,0.86,-1.09,0.86,-1.14,0.86,0.86,0.86,0.8,0.86,0.86,0.86,0.86,0.86,0.86,0.86,0.86,0.86,0.86,0.86,0.86,0.86,0.85,0.86,0.74,0.86,-1.1,0.86,0.86,0.84,0.85,0.86,-1.07,0.86,0.86,0.86,0.86,0.84,0.86,0.86,0.86,0.81,0.86,0.86,0.86,0.86,0.86,0.86,-1.09,0.86,0.86,0.84,0.86,-1.16,0.86,0.86,0.86,0.86,0.83,0.85,0.86,0.86,0.86,0.86,0.78,0.86,0.86,0.86,0.84,0.86,0.85,0.86,0.86,0.85,0.84,0.85,0.86,-1.1,-1.12,0.86,0.86,0.86,-1.09,0.86,0.86,0.86,0.85,0.86,0.86,0.86,0.84,0.86,0.86,0.86,0.86,0.86,0.86,0.86,0.75,0.86,0.84,0.86,0.84,0.86,0.86,0.86,0.86,0.86,0.86,0.85,0.86,0.85,0.86,0.86,0.86,-1.11,0.86,0.86,0.86,0.86,0.84,0.86,0.86,0.86,0.85,0.86,0.86,0.86,0.86,0.86,0.86,0.86,0.86,0.86,0.85,0.86,0.86,0.86,0.85,0.86,0.86,0.86,0.86,0.86,0.86,0.86,0.86,0.86,0.86,0.86,0.86,0.84,0.84,0.86,0.85,0.86,0.86,0.86,0.86,0.86,0.86,0.84,0.86,0.84,0.86,-1.08,0.85,0.86,0.86,0.86,0.85,0.76,0.86,0.86,0.78,0.86,0.74,0.86,0.85,0.86,0.85,0.85,0.86,0.86,0.85,0.86,0.86,0.86,0.85,0.86,0.85,-1.01,0.86,0.85,0.86,0.82,-1.14,0.86,0.86,0.86,0.86,0.83,0.83,0.86,0.86,0.86,0.77,0.86,0.86,0.86,0.86,0.86,0.85,0.86,0.86,0.86,0.85,0.86,0.86,0.86,0.86,0.86,0.86,0.83,0.86,0.86,0.84,0.86,0.86,0.86,-1.03,0.86,0.83,0.86,0.86,0.84,0.86,0.68,-1.14,0.86,0.86,0.86,0.86,0.86,0.86,0.8,0.86,-1.03,0.86,0.86,0.79,0.86,0.86,-1.03,0.86,0.86,0.83,-1.0,0.86,0.86,0.86,0.82,0.86,0.86,0.86,0.86,0.86,0.85,-1.01,0.83,0.86,0.86,0.86,0.86,0.86,0.85,0.86,0.86,0.85,0.85,0.83,0.86,0.84,0.84,0.86,0.86,0.86,0.86,0.86,0.86,0.86,0.86,0.85,0.86,0.85,0.86,0.84,0.86,0.84,0.86,0.86,0.86,0.86,0.86,-1.03,0.86,0.86,0.86,0.86,0.85,0.86,0.86,0.86,0.86,0.86,0.86,0.86,0.86,0.86,0.86,0.86,0.86,0.86,0.86,0.83,0.86,0.73,0.85,0.86,0.86,0.85,0.84,0.86,0.86,-1.02,-1.06,0.86,0.86,0.86,0.83,0.86,0.84,0.86,0.82,0.86,0.85,0.86,-1.12,0.86,0.85,0.86,0.86,0.86,0.71,0.86,0.86,0.86,0.86,0.86,0.75,0.86,0.86,0.85,0.86,0.86,0.86,0.86,-1.01,0.86,0.86,0.86,0.85,0.86,0.86,-1.07,0.86,0.86,0.86,0.86,0.83,0.86,0.86,0.83,0.86,0.86,0.86,0.86,0.86,0.79,0.86,-1.12,0.86,0.86,0.84,0.86,0.86,0.86,0.86,-1.11,0.86,0.86,0.86,0.86,0.86,-1.11,0.86,0.86,0.86,0.86,0.72,0.86,0.85,0.86,0.86,0.86,0.84,0.86,0.86,0.86,0.85,0.85,0.82,0.86,0.85,0.77,0.86,0.84,0.86,0.86,0.86,0.84,0.86,0.83,0.86,0.86,0.86,0.85,0.86,0.86,0.86,0.86,0.86,0.86,0.86,0.86,0.86,0.86,0.86,0.86,0.86,0.86,0.85,0.86,0.86,0.85,0.86,0.86,0.84,0.85,0.86,0.86,0.86,0.86,0.86,0.86,0.86,0.85,0.86,0.86,0.86,0.86,0.86,0.86,0.86,0.86,0.86,0.86,0.86,-1.12,0.86,0.8,-1.04,0.86,0.84,0.86,0.85,0.86,0.86,0.86,0.86,0.86,0.86,0.86,0.84,0.86,0.86,0.86,0.86,0.85,0.86,0.86,0.86,0.86,0.86,0.86,0.86,0.86,0.86,0.86,0.85,0.86,0.86,0.86,0.86,0.86,0.86,0.85,0.86,0.86,0.86,0.86,0.86,0.86,0.86,0.77,0.86,0.86,-1.02,-1.12,0.83,0.86,0.85,0.86,0.86,0.86,0.84,0.86,0.86,0.84,0.86,0.86,0.86,0.83,0.86,0.86,0.74,0.86,-1.08,0.86,0.86,0.86,0.86,0.86,0.86,0.86,0.79,0.86,0.83,0.86,0.86,0.84,0.86,0.86,0.86,0.86,0.84,0.86,0.86,-1.12,-1.01,0.69,0.86,0.86,0.86,0.86,0.86,0.86,0.86,0.86,0.86,0.86,0.86,0.86,0.86,0.86,0.86,-1.2,-1.07,0.86,0.86,0.86,0.86,0.86,0.79,0.86,0.86,0.86,0.85,0.86,0.86,0.86,0.86,0.86,0.86,0.86,0.86,0.84,0.82,0.86,0.86,0.84,0.86,0.85,0.86,0.86,0.86,0.86,0.86,0.86,0.86,0.86,0.86,0.85,0.86,0.83,0.86,0.85,0.86,0.86,0.86,-1.11,0.85,-1.03,0.84,0.85,0.86,0.86,0.86,0.76,0.86,0.86,0.86,0.86,0.86,0.86,0.86,0.86,0.86,0.82,0.86,0.86,0.86,0.85,0.84,0.86,0.86,0.85,0.85,0.86,0.86,0.86,0.86,0.84,0.86,0.86,0.86,0.86,0.84,0.86,0.86,0.86,0.83,0.86,0.86,0.86,0.86,0.86,0.85,0.86,0.85,0.86,0.84,0.86,0.86,0.86,0.86,0.86,0.86,0.86,0.86,0.86,0.85,0.86,0.82,0.85,0.86,0.86,0.86,0.86,0.84,0.86,0.86,0.86,0.85,0.86,0.86,0.86,0.86,0.86,0.86,0.86,0.86,0.86,0.86,0.86,0.86,0.84,0.86,0.86,0.86,0.86,0.86,0.86,0.86,0.86,0.86,0.86,0.85,0.86,0.86,0.86,0.84,0.85,0.77,0.86,0.86,0.86,0.86,0.86,0.86,0.86,0.86,0.83,0.86,0.86,0.86,0.86,0.86,0.86,0.86,0.86,0.86,0.85,0.85,0.85,0.86,0.86,0.86,0.86,0.85,0.85,0.86,0.86,0.86,0.86,0.86,0.86,0.86,0.86,0.86,0.86,0.86,0.86,0.86,-1.13,0.86,0.86,0.86,0.86,-1.05,0.86,0.86,0.86,0.86,0.86,0.86,0.86,0.86,0.86,0.86,0.85,0.86,0.86,0.86,0.86,0.85,0.86,0.86,0.86,0.85,0.86,0.85,0.84,0.86,0.86,0.86,0.86,0.86,0.86,0.86,0.86,0.85,0.85,0.85,0.85,0.86,0.86,0.86,0.84,0.86,0.86,0.85,0.86,0.85,0.86,0.86,0.86,0.86,0.86,0.86,0.86,0.86,0.78,0.86,0.86,0.85,0.86,0.86,0.86,0.86,-1.04,0.86,-1.13,0.86,0.86,0.86,0.86,0.85,0.86,0.86,0.86,0.86,0.86,0.85,0.86,-1.07,0.74,0.86,0.86,0.7,0.86,0.86,0.86,0.86,0.86,0.86,0.84,0.86,0.86,0.86,0.86,0.86,0.86,0.85,0.86,0.86,0.86,0.86,0.86,0.86,0.86,0.86,0.86,0.86,0.86,0.86,0.86,0.71,0.86,0.86,0.86,0.86,0.86,0.85,0.86,0.86,0.86,0.86,0.86,0.84,0.86,0.86,0.86,0.86,0.86,0.86,0.86,0.86,0.85,0.86,-1.01,0.86,0.86,0.85,0.86,0.86,0.86,0.86,0.86,0.85,0.82,0.86,-1.01,0.83,0.86,0.83,-1.14,0.85,0.83,0.84,0.86,0.86,0.86,0.86,0.84,0.85,0.79,0.86,0.86,0.86,0.86,0.86,0.86,0.86,0.86,0.84,0.85,0.86,-1.01,0.86,0.84,0.86,0.86,0.86,0.86,0.86,-1.14,0.86,0.86,0.84,0.86,0.86,0.86,0.86,0.86,0.86,-1.03,0.86,0.86,0.85,0.86,0.86,0.85,0.86,0.79,0.86,-1.11,0.86,0.86,0.86,0.86,0.86,0.86,0.86,0.86,0.86,0.86,0.85,0.86,0.86,0.84,0.86,0.86,0.83,0.86,0.85,0.86,0.85,0.86,0.86,0.85,0.86,0.86,0.86,0.84,0.86,0.86,0.86,0.86,0.84,0.86,0.86,0.86,0.86,0.84,0.86,0.86,0.86,0.86,0.86,0.86,0.85,0.86,0.85,0.86,-1.09,0.85,0.86,0.83,-1.04,0.86,0.84,0.84,0.86,0.85,-1.13,0.86,0.86,0.86,0.85,0.86,0.86,0.86,0.73,0.85,0.86,0.86,0.86,0.86,0.86,0.86,0.86,0.86,0.86,0.86,0.86,0.86,0.85,0.86,0.86,0.86,0.86,0.86,0.86,-1.07,0.84,0.86,0.86,0.86,0.86,0.86,0.86,0.86,0.86,0.85,0.86,0.86,0.86,0.84,0.8,0.86,0.86,0.85,0.86,0.86,0.83,0.86,0.86,0.86,0.86,0.86,0.86,0.86,-1.13,-1.0,0.86,0.86,-1.08,-1.06,0.86,0.86,0.86,0.86,0.86,0.86,0.86,0.86,0.86,0.86,0.85,0.86,0.86,0.86,0.85,0.86,0.86,0.86,0.84,0.86,0.84,0.8,0.85,0.86,0.86,0.86,0.75,0.86,-1.03,0.86,0.86,0.86,0.86,0.86,0.86,0.86,0.86,0.84,0.84,0.86,0.86,0.86,0.86,0.86,0.86,0.86,0.86,-1.02,0.86,0.86,0.85,0.86,0.85,0.84,0.86,0.85,0.86,0.86,-1.12,0.85,0.86,0.86,-1.14,0.84,0.86,0.86,0.84,-1.09,0.78,0.85,0.86,-1.01,0.86,0.86,0.86,0.86,0.86,-1.03,0.85,0.86,0.86,0.86,-1.11,0.86,-1.1,0.86,0.86,0.86,0.86,0.86,0.86,-1.02,-1.07,0.84,0.86,-1.05,0.86,-1.02,0.86,0.86,0.86,0.86,0.85,0.86,0.86,0.86,0.86,0.86,0.86,0.84,0.86,0.86,0.85,0.84,0.86,0.86,0.86,0.83,0.84,0.85,0.86,0.86,0.85,0.86,0.86,0.86,-1.03,0.86,0.86,0.86,0.86,0.86,0.86,-1.07,0.86,0.86,0.86,0.86,0.86,0.86,0.84,0.85,0.86,-1.13,0.86,0.86,0.86,0.86,0.86,0.86,0.86,0.86,0.86,0.86,0.85,0.86,0.86,0.86,0.86,0.85,0.8,0.85,0.86,0.86,0.85,0.83,0.86,0.86,0.86,-1.12,0.85,0.86,0.86,0.86,0.86,0.85,0.86,0.86,0.83,0.85,0.85,0.86,0.69,0.86,0.86,0.86,0.86,0.86,0.85,0.86,0.86,0.85,0.86,0.86,0.85,0.83,0.84,0.86,0.68,0.86,0.86,0.84,0.84,0.86,0.86,0.86,0.86,0.83,0.86,0.86,0.86,0.86,0.86,0.86,0.86,0.84,0.86,0.86,0.86,-1.13,0.86,0.86,0.86,0.85,0.84,0.86,0.86,0.86,0.86,0.86,0.83,0.86,0.86,0.86,0.84,0.86,0.86,0.86,0.86,-1.06,0.85,0.85,0.85,0.86,0.86,0.84,0.85,0.86,0.86,0.86,0.86,0.86,0.86,0.86,0.86,0.86,0.85,0.86,0.85,0.86,0.86,0.86,0.83,0.86,0.86,0.86,0.84,0.86,0.7,0.86,0.86,0.84,0.86,0.86,0.86,0.85,0.84,-1.22,0.86,0.86,0.74,0.86,0.78,0.84,0.86,0.85,0.86,0.86,0.86,0.85,0.86,0.86,0.84,0.85,0.86,0.84,0.86,0.86,0.86,0.86,0.86,-1.13,0.86,0.86,0.86,0.86,-1.04,0.86,0.81,0.86,0.85,0.86,0.86,-1.0,0.86,0.85,0.86,0.86,0.86,0.86,0.86,-1.12,0.86,0.86,0.86,0.84,0.86,0.86,0.86,0.71,0.86,0.86,0.86,0.86,0.86,0.86,0.86,0.86,-1.14,0.86,0.86,-1.13,0.86,0.86,0.86,0.85,0.86,0.86,0.86,0.86,0.86,0.86,0.86,0.86,0.86,0.86,0.86,0.84,0.86,0.8,0.86,0.86,-1.02,0.86,0.86,0.86,0.86,0.86,0.86,0.86,0.86,0.86,0.85,0.84,0.86,0.84,0.86,0.86,0.86,0.86,0.86,0.86,-1.14,0.86,0.86,0.86,0.86,0.86,0.86,0.86,0.86,0.86,0.86,0.84,0.86,0.86,0.8,0.86,0.86,0.86,0.86,0.86,0.86,0.72,0.86,0.86,0.86,0.86,0.84,0.86,0.86,0.86,0.86,0.83,0.86,0.86,0.86,0.86,0.86,0.86,0.86,0.86,0.86,0.86,-1.05,0.85,0.74,-1.02,0.86,0.86,0.86,0.86,0.86,0.86,0.86,0.86,0.86,0.85,0.79,0.86,0.83,0.86,0.86,0.86,0.86,0.85,0.86,0.86,0.86,0.86,0.86,0.86,0.85,0.84,0.86,-1.11,0.86,0.86,0.86,0.86,0.86,0.86,0.86,0.86,0.86,0.84,0.86,0.86,0.86,0.86,0.86,0.86,0.85,0.86,0.85,0.85,0.84,0.86,0.86,-1.1,0.86,0.86,0.84,0.84,0.85,0.86,0.86,0.86,0.86,0.85,0.86,0.86,0.86,0.86,0.86,0.85,0.84,0.86,0.8,0.86,0.86,-1.12,0.86,0.85,0.86,0.86,0.86,0.86,0.86,0.86,0.86,0.86,0.86,0.86,0.86,0.86,-1.12,0.86,0.85,0.86,0.86,0.85,0.86,0.86,0.83,0.75,0.86,0.86,0.86,0.86,0.86,0.86,0.86,0.85,0.84,0.85,0.86,0.86,0.86,0.86,0.86,0.83,0.86,0.86,0.86,0.84,0.84,0.86,0.86,0.86,0.86,0.86,0.86,-1.11,0.86,0.84,0.86,0.86,-1.17,0.86,0.86,0.86,0.86,0.85,0.86,0.86,0.86,0.86,0.86,0.86,0.85,-1.07,0.86,0.86,-1.05,0.85,0.86,0.86,0.85,0.86,0.86,0.86,0.86,0.85,0.83,0.85,-1.03,0.86,-1.14,0.85,0.86,0.86,0.86,0.85,0.86,0.86,0.86,0.86,0.85,0.85,0.86,0.86,0.86,0.86,0.86,0.86,0.86,0.86,0.86,0.85,-1.03,0.86,0.86,0.86,0.86,0.86,0.86,0.86,0.83,0.86,0.86,0.86,0.86,0.84,0.86,0.86,0.86,0.86,0.84,0.86,0.85,0.86,0.84,0.86,0.86,0.86,0.86,0.86,0.86,0.86,0.86,0.86,-1.14,0.86,0.86,0.86,0.86,0.86,0.86,0.86,0.86,0.72,-1.01,0.86,0.86,-1.12,0.86,0.73,-1.03,0.86,0.86,0.86,0.85,0.86,0.86,0.86,0.86,0.86,0.79,0.86,0.86,0.86,0.86,0.86,0.86,0.76,0.85,0.86,0.77,0.86,0.86,0.86,0.86,0.86,0.76,0.86,0.68,0.86,0.86,0.76,0.86,0.79,0.86,0.86,0.86,0.82,0.86,0.85,0.86,0.86,0.86,0.86,0.86,0.86,0.69,0.86,0.86,0.85,0.86,0.86,0.83,0.84,-1.1,0.86,0.86,0.86,0.86,0.86,0.86,0.86,0.86,0.85,0.86,0.86,0.85,0.86,0.85,0.84,0.86,0.86,0.86,0.85,0.85,0.86,0.86,0.86,0.85,0.76,0.86,0.86,0.86,0.86,0.84,0.84,0.86,0.86,0.86,0.85,0.86,-1.16,0.85,0.85,0.86,0.86,0.86,-1.14,0.85,0.85,0.86,0.84,0.85,0.84,0.86,0.86,0.86,0.86,0.86,0.86,0.85,0.84,0.86,0.86,0.77,0.85,0.86,0.86,0.86,0.86,0.86,0.86,0.86,-1.05,0.86,0.82,-1.0,0.86,0.86,0.86,0.85,0.86,0.86,-1.04,0.83,0.86,0.8,0.86,0.85,0.86,0.86,0.86,0.86,0.86,0.86,0.86,0.86,0.86,0.86,0.86,0.86,0.86,0.85,0.86,0.86,0.86,0.86,0.86,0.86,0.84,0.86,0.86,0.86,0.86,0.86,0.86,0.86,-1.11,-1.04,0.85,0.86,-1.1,0.86,0.86,0.86,0.86,0.86,0.86,0.86,-1.08,0.86,0.85,0.85,-1.02,0.86,0.84,0.86,0.84,0.86,0.86,-1.04,0.86,0.85,0.86,0.86,0.86,0.84,0.86,0.83,0.86,0.85,0.71,0.85,0.86,0.86,0.86,0.86,0.86,0.86,0.86,0.86,0.86,0.86,0.86,0.86,0.86,0.86,0.85,0.86,0.86,0.86,0.86,0.84,0.86,0.84,0.86,0.86,0.84,0.86,0.86,0.86,0.86,0.84,0.86,0.86,0.86,0.84,0.86,0.86,0.79,-1.2,0.85,0.86,0.85,0.86,0.86,0.84,0.86,0.85,0.86,0.86,0.86,0.86,0.86,0.84,0.85,0.84,0.86,0.86,0.86,0.86,0.86,0.86,0.86,-1.12,0.75,0.85,-1.0,0.86,0.84,0.86,0.84,0.86,-1.12,0.86,0.85,0.86,0.85,0.86,0.85,0.86,0.85,0.86,0.86,0.86,0.86,0.84,-1.07,0.84,0.86,0.85,0.86,0.7,0.86,0.85,0.86,0.86,0.8,0.86,0.86,-1.03,0.86,0.85,0.8,-1.1,0.86,0.84,0.85,0.85,0.86,0.86,0.85,0.86,0.86,0.86,0.85,0.86,0.86,0.86,0.86,0.86,0.86,0.86,0.86,0.86,0.86,0.86,0.86,-1.09,0.86,0.86,0.86,0.86,0.86,0.86,0.86,0.85,0.84,0.86,0.86,0.86,0.86,0.86,0.86,0.86,-1.02,-1.14,0.86,0.85,0.86,0.85,-1.0,0.72,0.85,-1.18,0.86,0.86,0.86,0.85,0.86,0.86,0.86,-1.03,0.86,0.82,0.86,-1.05,0.85,0.85,0.85,0.84,0.86,0.86,0.86,0.85,0.86,0.84,0.86,0.86,0.86,0.86,0.86,0.86,0.86,0.86,-1.13,0.85,0.86,0.86,0.84,-1.13,0.86,0.85,0.86,0.86,-1.02,0.86,0.85,0.86,0.86,0.86,0.86,0.86,-1.11,0.86,0.86,0.86,0.86,0.86,0.86,0.86,0.86,0.83,0.86,0.86,0.86,0.84,-1.05,0.85,0.81,0.84,0.85,0.84,-1.06,0.83,0.86,0.86,0.86,0.86,0.86,0.72,0.86,0.84,0.86,0.86,0.86,0.86,0.7,0.86,0.86,0.86,0.86,0.86,0.86,0.68,0.84,0.86,0.86,0.86,0.86,0.84,0.86,0.86,0.86,0.86,0.86,0.83,0.86,0.86,0.86,0.85,0.85,0.85,0.86,0.86,0.86,0.86,-1.02,-1.08,0.84,0.86,-1.1,-1.07,0.85,0.86,0.85,0.86,0.86,0.86,0.74,0.76,0.86,0.86,0.74,0.86,0.86,0.86,-1.0,0.86,0.86,0.86,0.86,0.86,0.86,0.86,0.86,0.86,0.86,0.86,0.86,0.86,0.86,0.86,0.86,0.85,0.86,0.86,0.86,0.86,-1.14,0.86,0.86,0.86,0.86,0.86,0.84,0.86,0.86,0.85,0.86,0.86,0.84,0.86,0.86,0.85,0.86,0.86,0.86,0.86,0.86,0.86,0.85,0.85,0.84,0.86,0.86,0.86,0.86,0.86,0.86,0.84,0.84,0.86,0.86,0.86,0.86,0.86,0.84,0.84,0.81,-1.0,0.85,0.85,0.86,0.86,0.86,0.84,0.85,0.86,0.81,-1.09,0.86,0.86,0.85,0.86,0.75,0.85,0.86,0.85,0.86,0.86,0.84,0.86,0.85,0.77,0.86,-1.04,0.86,0.79,0.85,0.84,0.86,0.86,0.86,0.86,0.85,0.86,0.86,-1.12,0.86,0.86,0.86,0.85,0.86,0.86,0.85,0.86,0.85,0.86,-1.13,-1.04,0.86,0.86,0.86,0.86,0.86,0.86,0.86,-1.05,-1.01,0.86,0.86,0.86,-1.12,0.85,0.84,0.86,0.86,0.86,0.84,0.86,0.86,-1.02,0.85,-1.19,0.86,0.8,0.85,0.86,0.86,0.86,0.86,-1.18,0.86,0.86,0.86,0.86,0.86,0.82,0.86,0.86,0.86,-1.1,0.85,0.86,0.86,-1.1,0.86,0.86,0.86,0.85,0.86,0.85,0.86,0.86,0.86,0.86,0.84,0.85,0.86,0.86,0.86,0.86,0.86,0.86,0.86,0.85,0.86,0.86,0.83,0.86,0.86,0.86,0.86,-1.02,-1.14,0.84,0.86,0.85,0.83,0.86,0.86,0.84,0.86,0.86,0.85,0.86,0.86,0.84,0.85,-1.1,0.85,0.86,0.86,0.86,-1.12,0.85,0.85,0.86,0.84,0.86,0.86,0.86,0.86,0.86,0.83,0.86,0.86,0.85,0.86,0.86,0.86,-1.08,0.86,0.86,0.86,0.86,0.86,0.86,0.86,0.86,0.86,0.86,0.86,0.86,0.86,0.7,0.85,0.85,0.84,0.85,0.86,-1.09,0.84,0.86,0.86,0.86,0.86,0.86,0.85,-1.06,-1.03,0.86,0.86,0.86,0.86,0.86,0.86,0.86,0.85,0.86,0.86,-1.13,0.84,0.86,0.86,0.86,0.84,0.86,0.86,0.86,0.86,0.86,0.86,0.86,0.86,0.86,0.86,0.86,0.85,0.86,0.86,0.86,0.86,0.86,0.86,0.84,0.86,0.86,0.86,0.86,-1.04,-1.1,0.86,0.86,0.86,0.86,0.86,0.86,0.86,0.86,0.86,0.85,0.86,0.86,-1.02,0.86,0.72,0.86,0.86,0.86,0.86,0.85,0.82,0.86,0.86,0.86,0.86,0.66,0.86,0.86,0.86,0.85,0.85,0.86,0.86,0.86,0.86,0.85,0.86,0.86,0.86,0.86,0.86,0.86,-1.04,0.86,0.86,0.85,0.85,0.86,0.86,0.86,0.86,0.84,0.86,0.86,0.86,-1.12,0.84,0.85,0.86,0.86,0.84,0.86,0.86,0.84,0.85,0.86,0.86,0.86,0.85,0.83,-1.12,0.86,0.85,0.86,0.86,0.84,0.84,0.74,0.86,0.85,0.86,0.86,0.86,0.86,0.86,0.86,-1.0,0.86,0.86,0.84,0.86,0.86,0.86,-1.13,0.86,0.84,0.86,0.86,0.86,0.86,0.86,0.86,0.86,0.86,0.86,0.86,0.86,0.86,0.86,-1.05,0.84,0.86,0.86,0.86,0.71,0.86,0.86,0.86,0.86,0.86,0.86,0.86,0.86,0.86,0.86,0.86,0.86,0.86,0.86,0.85,0.86,0.86,0.86,0.86,0.86,0.86,0.85,0.85,0.86,0.85,0.85,0.86,0.86,0.86,0.85,-1.15,0.86,-1.11,0.86,0.85,0.85,0.86,0.84,0.86,0.86,0.86,0.86,0.85,0.86,0.85,0.8,0.86,0.86,0.86,0.86,0.86,0.86,0.86,0.85,0.86,0.86,0.86,-1.05,0.81,0.86,0.86,0.86,-1.1,0.86,0.86,0.86,0.86,0.86,0.85,0.86,0.86,0.86,0.85,0.86,0.86,0.85,0.85,-1.1,0.86,0.86,0.85,0.86,0.86,0.86,0.86,0.86,0.86,0.86,0.86,0.84,0.86,-1.06,0.85,0.86,0.86,0.84,0.86,0.86,0.85,-1.03,0.85,-1.12,0.86,0.85,0.86,0.86,0.86,0.86,0.86,0.86,0.86,0.86,0.84,0.82,0.75,0.86,0.86,-1.01,0.86,0.85,0.86,0.86,0.86,0.86,0.86,0.86,0.84,0.86,0.86,0.86,0.86,0.86,0.86,0.86,0.85,0.86,0.86,0.84,0.86,0.86,0.85,0.86,0.86,0.85,0.86,0.86,0.79,0.86,0.86,0.86,0.86,0.86,0.86,0.86,0.83,0.86,0.86,0.84,0.86,0.86,0.86,0.86,0.86,0.86,0.86,0.86,0.86,0.86,0.85
-1.42,-1.31,-1.08,-1.17,0.83,-1.1,-1.12,-1.1,-1.11,-1.23,-1.15,-1.04,-1.02,-1.22,-1.14,-1.18,-1.17,-1.04,0.73,0.84,-1.04,0.73,0.73,0.76,0.84,-1.04,0.55,0.83,0.82,-1.1,0.8,0.81,0.73,0.8,0.77,0.85,0.84,-1.16,0.8,0.86,0.82,0.86,0.84,0.86,0.82,0.8,0.86,0.81,0.85,-1.02,0.86,0.83,0.86,-1.05,0.84,0.84,0.85,0.84,0.79,0.81,0.85,0.84,0.85,0.86,0.86,0.86,0.86,0.86,0.86,0.86,0.86,0.86,0.86,0.86,0.86,0.86,0.86,0.86,0.86,0.86,0.86,0.86,0.86,0.69,0.86,-1.13,0.86,0.86,0.86,0.86,0.86,0.86,0.85,0.85,0.86,0.76,0.74,0.86,0.86,0.86,0.83,0.86,0.86,0.86,0.85,0.86,0.86,0.86,0.86,0.86,0.86,0.86,0.86,0.85,0.86,0.85,0.86,0.86,0.86,0.86,-1.14,0.86,0.86,0.86,0.86,0.86,0.86,0.86,0.86,0.86,0.83,0.72,0.86,0.83,0.72,0.86,0.86,0.86,0.86,0.85,0.86,0.85,0.71,0.86,0.86,0.86,0.85,0.86,-1.0,0.86,0.86,0.86,0.86,0.85,0.86,0.86,0.86,0.86,0.84,0.86,0.85,0.86,0.86,0.86,0.86,0.8,0.86,0.86,0.86,0.86,0.86,0.86,0.86,0.86,0.86,-1.0,0.85,0.86,0.86,0.84,0.86,0.86,0.86,0.86,0.86,0.86,0.86,0.86,0.86,0.86,0.86,0.86,0.85,0.86,0.85,0.85,0.86,0.86,0.86,0.86,0.85,0.86,0.86,0.86,0.86,0.86,0.86,0.86,-1.06,-1.06,0.86,0.84,-1.13,0.86,0.86,0.86,0.86,0.86,0.86,0.86,-1.07,0.86,0.82,0.86,0.86,0.86,0.86,0.75,-1.08,0.86,0.86,0.86,0.86,0.84,0.86,0.86,0.84,0.86,0.85,0.86,0.86,0.85,0.86,0.86,0.86,0.86,0.86,0.86,0.86,0.86,0.86,0.86,0.86,0.85,0.86,0.86,0.86,0.83,0.86,-1.02,0.86,-1.08,0.86,0.86,-1.11,0.86,0.86,0.86,0.84,0.86,0.86,0.86,0.86,0.86,0.84,0.86,-1.02,0.73,0.86,0.86,0.86,0.86,0.86,0.86,0.82,0.85,0.86,0.86,0.85,0.86,0.86,0.86,0.86,0.85,0.71,0.86,0.86,0.86,0.86,-1.14,0.86,0.86,0.86,0.82,0.86,-1.01,0.86,0.86,0.86,0.85,0.86,0.86,0.86,-1.09,-1.06,0.86,0.86,0.86,0.86,0.86,0.86,0.86,0.86,0.86,0.86,0.86,0.86,0.86,0.86,0.86,0.85,0.8,0.86,0.84,-1.0,0.85,0.86,0.86,0.85,0.86,0.81,0.72,0.84,0.86,0.86,-1.05,0.86,0.86,-1.19,-1.12,0.86,0.86,0.86,0.86,0.86,0.86,0.86,0.84,0.72,0.86,0.86,0.86,-1.13,0.81,0.85,0.86,0.86,0.84,0.86,0.86,0.86,0.86,0.86,0.86,0.86,0.86,0.86,0.86,0.86,0.86,0.85,-1.02,0.86,0.84,0.86,0.86,0.86,-1.12,0.86,0.86,0.86,0.86,0.78,0.86,0.86,0.86,0.86,0.84,0.85,0.85,0.86,0.85,0.86,0.85,0.85,0.86,0.86,0.86,0.86,-1.0,-1.06,0.86,0.86,0.86,0.86,-1.12,0.86,0.86,0.85,0.86,0.86,0.86,0.86,0.84,0.84,-1.05,0.86,0.86,-1.13,0.79,0.86,0.86,0.86,0.86,-1.07,0.86,-1.04,0.86,0.86,0.86,0.86,0.84,0.86,0.86,0.84,0.82,-1.07,0.86,0.86,-1.05,0.86,0.86,0.86,0.86,0.86,0.85,0.86,0.86,0.86,0.86,0.82,0.86,0.86,0.86,0.86,0.86,-1.01,0.85,0.86,0.85,0.86,0.85,-1.1,0.86,0.86,0.85,0.86,0.86,0.86,0.86,0.86,0.86,-1.13,0.85,0.86,-1.13,0.75,0.86,0.86,0.76,0.86,0.86,0.86,0.86,0.86,0.86,0.85,0.86,0.86,0.86,0.86,0.8,0.86,0.86,0.86,0.86,0.86,0.86,0.86,0.86,0.86,0.84,0.86,0.86,0.86,0.86,0.85,0.76,0.8,0.86,-1.11,0.85,0.86,0.86,0.86,0.86,0.86,0.85,0.86,0.86,-1.14,0.86,0.85,0.85,0.86,-1.02,0.86,0.86,0.86,0.81,0.86,0.86,0.86,0.86,0.84,0.84,0.82,0.86,0.86,0.86,0.86,0.86,0.86,0.86,0.86,0.86,0.78,0.86,0.83,0.86,0.86,0.86,0.86,0.86,-1.06,0.86,0.86,0.86,0.86,0.83,0.86,0.84,0.71,-1.05,0.86,0.85,0.86,0.86,0.86,-1.08,0.86,0.86,0.83,0.86,0.85,0.84,0.86,0.86,0.86,0.86,0.86,0.84,-1.17,0.86,-1.09,0.86,-1.0,0.86,0.86,0.85,0.86,0.86,0.86,0.86,0.86,0.86,0.86,0.86,0.84,0.84,0.84,0.86,0.86,0.86,0.85,0.86,-1.09,0.86,0.86,-1.0,0.86,0.86,0.86,0.86,0.86,0.86,0.86,0.86,0.86,0.86,-1.07,0.86,0.86,0.86,0.86,0.86,0.86,0.86,0.86,0.86,0.86,0.86,0.86,0.86,0.86,0.86,0.86,0.86,0.82,0.86,0.86,0.85,0.86,-1.09,0.86,0.86,0.86,0.86,0.86,0.86,0.86,0.85,0.82,0.86,0.86,0.85,0.86,0.86,0.86,0.86,0.86,0.86,0.85,0.86,0.86,0.86,0.86,0.86,0.86,-1.0,0.86,0.86,0.86,0.86,0.86,0.86,0.86,0.86,0.86,0.86,0.86,0.83,0.86,0.85,0.86,0.86,0.86,0.83,0.86,0.86,0.86,0.86,0.86,-1.13,0.86,0.86,0.85,0.86,0.86,0.86,0.84,0.86,0.86,0.86,0.86,0.86,0.8,-1.09,0.86,0.86,0.85,0.86,0.85,0.86,0.84,0.86,0.86,0.86,0.86,0.86,-1.14,0.86,0.86,0.78,0.86,0.86,0.84,0.86,0.86,0.77,0.71,0.86,0.86,0.86,0.86,-1.07,0.76,0.84,0.86,0.85,-1.04,0.86,0.85,0.83,-1.05,0.86,0.86,0.86,0.86,0.86,0.81,0.85,0.82,0.85,0.86,0.86,0.86,0.84,0.84,0.86,0.86,-1.09,0.86,0.86,0.86,0.86,-1.02,0.86,0.86,0.86,0.86,0.86,0.85,0.86,0.83,-1.03,0.86,0.86,0.86,0.78,0.86,-1.07,0.85,0.86,0.84,0.86,0.86,0.86,0.86,0.86,0.85,0.86,0.85,0.86,0.86,0.86,0.86,0.86,0.86,0.86,0.86,0.86,0.86,0.86,0.86,0.86,0.86,0.86,0.86,0.85,0.86,0.86,0.86,0.86,0.86,0.85,0.86,0.86,0.86,0.86,0.86,0.86,0.86,0.84,0.86,0.86,0.84,0.72,0.86,0.86,0.86,0.86,0.86,0.86,0.86,0.86,0.86,0.85,0.86,0.8,0.79,0.86,0.85,0.86,0.86,0.85,0.85,-1.04,0.86,-1.03,0.86,0.86,0.86,-1.03,0.83,0.86,-1.12,0.86,0.86,0.84,0.84,0.86,0.85,0.86,0.86,0.86,0.85,-1.04,0.86,0.86,0.84,-1.14,0.86,0.86,0.85,-1.08,0.86,-1.01,0.86,0.86,0.86,0.85,0.84,-1.19,0.86,0.86,0.86,0.84,0.84,0.86,0.86,-1.0,-1.15,0.86,0.86,0.86,0.86,0.86,0.86,0.86,0.85,0.86,0.86,0.86,0.86,0.86,0.86,0.86,0.86,0.85,0.83,0.86,0.86,0.85,0.71,0.84,0.86,0.86,0.86,0.86,0.86,0.86,0.86,0.86,0.85,0.86,0.84,0.86,0.84,0.84,0.86,0.86,0.86,0.86,-1.03,0.86,0.86,0.86,0.86,0.86,0.86,0.86,0.86,0.69,0.86,0.86,0.86,0.86,0.86,0.86,0.86,0.86,0.86,0.86,0.86,0.86,0.86,0.86,0.86,0.86,0.79,0.86,0.86,-1.04,0.86,0.84,0.86,0.85,0.86,0.86,-1.12,0.75,0.86,0.86,0.86,0.84,0.84,0.86,0.86,0.86,0.86,0.86,-1.09,0.86,0.78,0.86,0.86,0.84,0.86,0.86,0.86,0.84,0.86,0.75,0.86,0.85,0.86,0.86,0.86,0.86,0.84,0.81,0.86,0.86,0.85,0.86,0.86,0.86,0.85,0.86,-1.02,0.86,0.86,0.72,0.86,0.82,0.84,0.86,0.85,0.86,0.86,0.86,0.86,0.86,0.86,0.86,0.86,0.81,0.86,0.86,0.86,0.86,0.86,0.86,0.86,0.86,0.75,0.85,0.86,0.86,0.86,0.86,0.86,0.86,-1.02,0.86,0.86,0.86,0.86,0.86,0.86,0.84,0.86,0.86,0.86,0.86,0.86,0.86,0.86,0.84,0.86,0.86,0.85,0.86,-1.08,0.85,0.84,0.86,0.86,0.86,0.82,0.86,0.85,0.86,0.86,0.86,0.86,0.86,0.86,0.86,0.86,-1.1,0.86,0.86,0.86,-1.14,0.86,0.84,0.86,0.86,0.76,-1.14,0.86,0.86,0.82,0.86,-1.06,0.79,0.86,0.86,0.83,0.84,0.84,0.86,0.86,0.86,0.86,0.86,0.86,-1.13,0.86,0.86,0.71,0.86,0.79,0.86,0.85,0.86,0.86,0.86,0.86,0.86,0.86,0.85,0.86,0.86,0.86,0.86,0.86,0.84,0.86,0.86,0.86,0.86,0.86,0.84,0.86,0.86,0.86,0.86,0.86,0.86,0.86,0.83,0.85,0.86,0.86,0.86,0.86,0.85,0.86,0.85,0.86,0.86,0.86,0.86,0.86,0.86,0.86,0.86,0.86,0.86,0.86,0.86,-1.21,0.84,-1.16,0.86,-1.05,0.86,0.75,0.86,0.85,0.73,0.86,0.86,-1.03,0.84,0.86,0.86,0.86,0.86,0.85,0.86,0.86,0.86,0.86,0.86,0.84,0.86,0.86,0.85,0.86,0.84,0.86,0.86,0.75,0.86,-1.08,0.85,0.86,0.86,0.86,0.86,0.86,0.85,0.86,0.86,0.86,0.84,0.86,0.86,-1.13,0.86,0.86,0.86,0.86,0.79,0.86,0.86,0.86,0.86,0.86,0.86,0.85,0.86,0.84,0.86,0.86,0.86,0.86,0.86,0.86,0.84,0.86,0.85,0.85,0.83,0.86,0.86,0.86,0.86,0.85,0.86,0.86,0.86,-1.14,0.86,0.86,0.86,0.84,0.86,0.84,0.85,0.73,0.86,0.86,0.86,0.86,0.85,0.86,0.86,0.86,-1.09,0.86,0.85,0.86,0.86,0.84,0.86,0.86,0.86,0.86,0.86,0.86,0.86,0.86,0.86,0.83,0.86,0.86,-1.06,0.86,0.86,0.86,0.86,0.86,0.86,0.73,0.84,0.86,0.86,0.83,0.86,0.86,-1.16,0.86,0.85,0.86,0.86,0.86,0.86,0.84,0.86,0.85,0.85,-1.13,0.78,0.86,0.85,0.85,0.86,0.84,0.86,0.86,0.86,0.86,0.86,0.86,0.77,0.86,0.86,0.86,0.86,0.86,0.86,0.86,0.86,0.86,0.86,-1.12,0.85,0.85,0.86,0.86,0.86,0.86,0.86,0.86,0.86,0.86,0.86,0.86,0.86,0.86,0.86,0.86,0.86,0.86,-1.01,0.86,0.86,0.86,0.86,0.84,0.86,0.86,0.86,0.86,0.86,0.84,0.86,-1.12,0.86,0.86,-1.02,-1.12,0.85,0.86,0.84,0.84,0.86,0.86,0.86,0.86,0.86,0.84,0.84,0.86,0.85,0.86,0.86,0.86,0.86,0.86,0.86,0.73,0.86,0.86,0.86,0.86,-1.0,0.86,0.86,0.86,0.86,0.86,0.86,0.86,0.85,0.86,0.86,0.86,0.86,0.86,0.86,0.86,0.81,0.84,0.78,0.86,0.86,0.86,0.86,0.86,0.86,0.84,0.85,0.86,0.86,0.86,0.86,0.86,0.86,-1.14,0.86,0.86,0.86,0.86,0.84,0.86,-1.08,0.86,0.86,0.86,0.86,0.86,0.86,0.84,0.86,0.86,0.86,0.86,0.77,0.85,0.86,0.86,0.86,0.86,0.86,0.86,0.83,0.86,0.86,0.86,0.84,0.86,0.86,0.86,0.86,0.84,0.86,0.64,0.8,0.86,0.86,0.86,0.86,0.86,0.86,0.86,0.85,0.85,0.86,0.86,0.85,0.86,0.84,0.86,0.86,0.86,0.84,0.84,0.86,0.86,-1.13,0.86,-1.12,0.85,0.86,0.86,-1.05,0.86,0.86,0.84,0.85,-1.03,0.84,0.75,0.86,-1.1,0.86,0.86,0.86,0.86,0.86,0.86,0.86,0.86,0.86,0.86,0.85,0.86,0.86,0.86,0.82,0.86,0.85,0.84,0.86,0.86,0.86,0.86,0.86,0.86,-1.12,0.86,0.86,0.86,0.86,0.86,0.85,0.86,0.86,0.86,0.86,0.86,0.86,0.86,0.86,0.86,0.83,-1.07,0.86,0.86,0.86,0.86,0.85,0.86,0.86,0.86,-1.0,0.86,0.86,0.86,0.86,0.84,0.86,0.86,0.86,0.86,0.86,0.86,0.86,0.86,0.86,0.85,0.85,0.86,0.78,0.86,0.86,0.86,0.86,0.86,0.86,0.83,0.86,0.86,0.86,0.86,0.86,-1.01,-1.02,0.86,0.86,0.86,0.86,0.86,0.86,0.86,0.85,0.86,0.86,0.84,0.86,0.86,0.86,0.86,0.85,0.86,0.86,0.85,0.86,0.86,0.86,0.86,0.86,0.86,0.86,0.86,0.84,0.86,0.86,0.86,0.86,0.86,0.86,0.86,-1.03,0.85,0.84,-1.03,0.86,0.86,0.86,0.85,0.86,0.85,0.78,0.86,0.86,0.86,0.86,0.86,0.86,0.86,0.82,0.86,-1.0,0.86,0.86,0.86,0.85,0.86,0.86,0.84,0.86,0.84,0.86,0.86,0.86,0.86,0.86,0.86,0.86,0.86,-1.03,0.86,0.86,0.84,0.86,0.86,0.86,0.86,0.86,0.86,0.86,0.86,0.86,0.86,0.86,0.86,0.86,0.86,0.86,0.86,0.86,0.85,0.86,0.86,0.86,0.86,0.7,0.86,0.83,0.86,0.86,0.86,0.86,0.86,0.86,0.85,0.86,0.79,-1.08,0.86,0.86,0.85,0.86,0.86,0.85,0.86,0.86,0.86,0.86,0.86,0.86,0.86,0.86,0.86,0.83,0.86,0.86,-1.04,0.86,0.86,0.85,0.86,0.81,0.85,0.86,0.86,0.86,0.86,0.86,0.86,0.85,0.86,0.86,0.85,0.84,0.86,0.86,0.86,0.86,0.84,0.86,0.86,0.86,0.86,0.86,0.86,-1.0,-1.14,0.86,0.86,0.86,0.86,0.86,-1.0,0.86,0.83,0.86,-1.11,0.86,0.85,0.86,0.86,0.86,0.86,0.86,0.86,0.86,0.86,0.86,0.86,0.86,0.86,0.86,0.86,0.85,0.86,0.86,0.86,0.86,0.84,0.86,0.86,0.86,0.85,0.85,0.86,0.86,0.84,0.84,0.86,0.86,-1.0,0.86,0.84,-1.11,0.86,0.86,0.86,0.85,0.75,0.86,0.85,0.86,0.86,0.86,0.86,0.86,0.86,0.86,0.85,0.86,0.86,0.86,0.86,0.86,0.86,0.86,-1.1,0.86,0.84,0.86,0.86,0.86,-1.08,0.86,0.86,0.86,0.86,0.85,0.86,0.84,-1.14,0.86,0.69,0.86,0.85,0.86,0.86,0.86,0.82,0.73,0.85,0.85,0.86,0.86,0.86,0.86,0.84,-1.12,0.86,0.86,-1.05,0.86,0.86,0.86,0.86,0.85,0.86,0.86,0.82,0.86,0.86,0.7,0.86,0.85,0.85,-1.08,0.85,0.76,0.86,0.86,0.86,-1.02,0.82,0.86,0.86,0.86,0.86,0.86,0.84,0.86,0.85,0.83,0.84,0.84,0.86,0.86,0.86,0.86,0.86,0.85,0.86,0.86,0.86,0.86,0.86,0.84,0.86,0.86,0.86,0.86,0.86,0.86,0.86,0.86,0.86,0.84,0.86,0.83,0.84,0.86,0.71,0.86,0.86,0.84,0.86,0.86,0.86,0.86,0.85,-1.06,0.83,0.86,0.86,0.86,0.86,0.86,0.85,0.86,0.86,0.86,0.86,0.84,0.84,0.86,0.86,0.86,0.86,0.86,0.84,0.85,0.86,0.86,0.86,0.84,0.86,0.86,0.86,0.71,0.85,-1.2,0.85,-1.09,0.86,0.83,0.86,0.84,0.86,0.86,0.86,0.86,0.86,0.86,0.86,0.86,0.84,0.86,0.86,0.84,0.86,0.86,0.85,0.84,0.86,0.86,0.85,0.85,0.86,0.86,0.86,0.85,0.86,0.86,0.86,0.75,0.86,0.86,0.83,0.86,0.86,0.86,0.86,-1.13,0.85,0.86,0.84,0.86,0.86,0.85,0.86,0.86,0.86,0.86,0.85,0.86,0.86,0.86,0.86,0.86,0.86,0.86,0.86,-1.02,0.86,0.86,0.86,0.85,0.85,-1.1,-1.16,0.86,0.86,0.86,0.86,0.86,0.86,-1.04,0.86,0.85,0.86,0.73,0.83,0.86,0.84,0.86,0.86,0.85,0.85,0.86,-1.11,0.86,0.84,0.86,0.86,0.86,0.86,0.86,0.86,0.69,0.86,-1.1,0.86,0.85,0.86,0.86,0.85,0.86,0.86,0.86,0.83,-1.1,0.85,0.69,0.86,0.86,0.86,0.84,0.86,0.85,0.86,0.86,-1.03,0.85,0.86,0.84,0.86,0.86,-1.01,0.84,0.85,0.85,0.86,0.86,0.86,0.8,0.86,0.86,0.86,0.85,0.86,0.86,0.86,0.86,0.86,0.86,0.86,0.86,0.86,0.86,0.86,0.84,0.84,0.86,0.86,0.86,0.86,0.71,0.86,0.86,0.73,0.86,0.86,0.85,0.86,0.86,0.86,0.86,0.84,0.86,0.85,0.86,-1.08,0.83,0.86,0.83,0.86,0.86,-1.1,0.84,0.86,0.86,0.84,0.86,0.86,0.86,-1.02,0.86,0.86,-1.08,0.77,0.85,0.86,0.85,0.85,-1.05,0.86,-1.03,0.85,0.86,0.86,0.86,0.86,0.86,0.86,0.86,0.86,0.86,0.83,0.86,0.86,0.85,0.72,0.86,0.86,0.86,-1.13,0.86,0.86,0.86,0.86,-1.15,0.79,0.85,0.7,0.85,0.84,0.86,0.85,0.86,0.86,0.86,0.85,0.86,-1.09,0.82,-1.06,0.85,0.86,0.85,0.86,0.86,0.86,-1.13,0.84,-1.03,0.86,0.86,0.86,0.85,0.84,0.86,0.86,0.85,0.86,-1.02,0.86,-1.02,0.86,0.84,0.86,0.7,0.86,0.86,0.86,0.83,0.86,0.83,0.86,0.85,0.86,0.86,0.86,0.83,0.85,0.86,0.84,0.86,0.86,0.86,0.86,0.86,0.73,0.85,0.86,0.86,0.86,0.86,0.86,0.85,0.86,-1.14,0.86,0.86,0.86,0.84,0.82,0.86,0.86,0.85,0.86,0.86,0.85,0.83,0.86,0.86,0.85,0.86,0.86,0.86,0.86,0.86,0.86,0.86,0.84,0.86,0.86,0.86,0.86,0.86,0.86,0.83,0.86,0.84,0.86,0.86,0.86,0.84,0.86,0.84,0.86,0.86,-1.15,0.86,-1.0,0.85,-1.13,0.85,0.86,0.85,0.86,0.85,0.86,0.86,0.84,0.85,0.86,0.84,0.86,0.86,0.86,0.86,0.86,0.85,0.86,0.86,0.83,0.82,0.86,0.86,0.85,0.86,0.85,0.83,0.86,0.86,0.86,0.85,0.86,0.86,-1.06,0.86,0.85,0.85,0.85,0.86,0.86,0.86,0.85,0.86,0.86,0.86,0.86,0.86,0.86,-1.11,0.86,0.86,-1.0,0.86,0.86,0.86,0.86,0.86,0.86,0.84,0.84,0.86,0.86,0.86,0.86,0.86,-1.01,0.85,0.85,-1.1,0.86,0.85,0.83,0.86,-1.03,0.84,0.86,0.86,0.86,0.86,0.74,0.86,0.85,0.86,-1.13,0.85,0.86,0.86,-1.01,0.86,0.85,0.86,0.86,0.85,0.86,0.86,0.86,0.68,0.86,0.86,0.86,0.86,0.86,0.84,0.85,-1.11,0.86,0.84,0.86,0.71,0.86,0.86,0.86,-1.12,0.86,0.84,0.86,0.86,0.85,0.86,0.86,0.85,0.86,0.84,0.86,0.86,0.86,-1.09,0.86,0.85,0.86,-1.02,0.85,0.86,0.86,0.86,0.86,0.86,0.86,0.86,0.86,0.86,0.86,0.86,0.86,0.86,0.86,0.86,0.78,0.86,0.86,0.84,0.84,0.86,-1.02,0.85,0.84,0.85,0.86,0.86,0.86,0.86,-1.03,0.86,0.86,0.85,0.86,-1.13,0.86,0.86,0.86,0.86,0.83,0.83,0.86,0.86,0.86,0.86,0.86,0.86,0.85,0.85,0.86,0.83,0.85,0.84,0.86,-1.14,0.86,0.74,0.86,0.86,0.86,0.86,-1.11,0.86,0.83,0.85,0.77,0.86,0.85,0.86,0.86,0.86,0.85,-1.11,0.85,0.86,0.86,-1.02,0.86,0.86,0.86,0.86,0.86,0.86,0.86,0.86,0.85,0.86,0.86,0.86,0.86,0.86,0.84,0.84,0.84,0.86,0.86,0.86,0.86,0.86,0.86,0.86,0.86,0.86,0.86,0.86,-1.13,0.83,0.86,0.86,0.86,0.86,0.86,0.86,0.84,0.86,0.86,0.86,0.84,0.86,0.86,0.86,0.86,0.86,0.86,0.86,0.85,0.86,0.86,0.86,-1.02,0.86,0.86,0.86,0.86,0.85,0.86,0.86,0.86,0.86,0.86,0.86,0.85,0.86,0.86,0.86,0.86,-1.04,0.86,0.86,0.86,0.85,0.83,0.85,0.85,0.86,0.85,0.86,0.86,0.86,0.86,0.84,0.86,0.86,0.84,0.86,0.73,0.86,0.72,0.86,0.86,0.84,0.86,0.86,0.84,0.85,0.86,0.86,0.86,0.86,0.86,0.86,0.86,0.86,0.86,0.86,0.86,0.86,0.86,0.79,0.7,0.85,0.86,0.86,0.85,0.85,0.84,0.86,0.84,0.86,0.63,0.82,0.85,0.84,0.86,0.85,0.86,0.86,0.86,0.86,0.86,0.85,0.84,0.86,0.86,0.86,0.86,0.86,0.86,0.83,0.86,0.79,0.85,0.78,0.85,0.86,0.86,-1.12,0.85,0.8,0.86,0.86,0.86,0.86,-1.14,0.85,0.85,0.86,0.86,0.86,0.81,0.86,0.86,0.86,0.86,0.86,0.86,0.86,0.85,0.86,0.85,-1.14,0.86,0.86,0.85,-1.06,0.86,0.85,0.85,0.86,0.83,0.85,0.85,0.86,0.86,0.84,0.86,0.86,0.86,0.86,0.86,0.86,0.86,0.86,0.86,0.86,0.86,0.84,0.85,0.86,0.85,0.86,0.86,0.86,0.86,0.86,0.86,0.86,0.85,0.85,0.86,0.86,0.86,0.86,0.86,0.86,0.86,0.86,0.86,0.86,0.86,0.79,0.85,0.86,0.86,-1.01,0.82,-1.17,0.85,0.85,0.86,0.82,0.86,-1.0,0.86,0.86,0.86,0.85,0.86,0.86,0.86,-1.03,0.86,0.85,0.86,0.86,0.86,0.86,-1.13,0.86,0.85,0.86,0.84,0.86,0.84,0.86,0.75,0.86,-1.16,0.86,0.85,0.86,0.81,0.86,0.86,0.86,0.86,0.85,0.86,0.86,0.86,0.86,0.86,0.86,0.86,0.85,0.86,0.86,0.86,0.85,0.86,0.86,0.86,0.86,0.86,0.86,0.86,0.85,0.86,0.72,-1.1,0.72,0.86,0.86,0.86,0.86,0.84,0.86,0.84,0.86,0.86,0.84,0.86,0.86,0.86,0.86,0.86,0.77,0.86,0.86,0.86,0.86,-1.04,0.86,0.86,0.85,0.86,0.86,0.86,0.86,0.85,0.86,0.86,0.86,0.86,0.86,0.86,0.86,0.86,0.86,0.86,0.86,0.86,0.86,0.84,0.86,-1.12,0.86,0.85,0.83,0.86,0.86,0.86,0.86,0.86,0.85,0.86,0.86,0.86,0.86,0.85,0.86,0.86,0.83,0.86,0.86,0.86,0.86,0.86,0.86,0.86,0.86,0.86,0.84,0.86,0.86,0.86,0.86,0.84,0.85,0.86,0.86,0.85,0.86,0.86,0.86,0.85,0.86,0.86,0.74,0.84,0.86,0.81,0.86,0.86,0.86,0.86,0.86,0.86,-1.0,0.86,0.85,0.85,0.86,0.86,0.86,0.86,-1.08,0.74,0.86,0.86,0.86,0.84,0.86,-1.03,0.86,0.85,0.86,0.86,0.85,0.85,0.86,0.86,0.86,0.86,0.86,0.86,0.86,0.86,0.86,0.86,0.86,0.86,0.86,0.86,0.86,0.86,0.86,0.85,0.86,0.86,0.86,0.86,0.84,0.86,0.86,0.86,-1.03,0.85,0.86,0.86,0.86,0.86,0.86,0.86,0.86,0.86,0.85,0.86,0.86,0.86,0.86,0.86,0.86,0.86,0.86,0.84,0.86,0.86,0.86,0.86,0.86,0.86,0.81,0.86,0.86,0.86,0.86,0.86,0.85,0.86,0.85,0.86,0.86,0.84,0.86,0.86,0.86,0.85,0.86,0.85,0.85,0.86,0.86,0.86,-1.09,0.86,0.86,0.86,-1.01,0.86,0.84,0.86,0.86,0.85,0.86
-1.05,-1.25,-1.03,-1.14,-1.02,-1.0,0.83,-1.11,0.67,0.82,-1.03,-1.13,-1.12,-1.12,0.74,-1.02,0.84,-1.17,0.82,-1.11,0.78,0.86,-1.11,0.84,-1.17,-1.02,-1.01,-1.15,0.83,0.64,0.66,0.8,0.79,0.84,0.85,-1.09,-1.02,0.8,0.81,0.86,0.84,0.84,-1.08,0.76,0.78,0.8,0.82,0.8,0.72,-1.05,0.81,-1.1,0.84,0.86,0.75,0.86,0.84,0.84,0.79,0.85,0.74,0.84,0.86,0.86,-1.12,0.83,0.86,0.84,0.86,0.86,0.86,0.86,0.86,0.86,0.85,0.86,0.86,0.86,0.85,0.86,0.86,0.86,0.86,0.86,0.85,0.86,0.86,0.86,0.86,0.86,0.86,0.86,0.86,0.86,0.86,0.86,0.86,0.86,0.84,0.86,0.86,0.86,0.86,0.86,0.86,0.86,0.86,0.86,0.86,0.86,0.86,0.86,0.83,0.85,0.86,0.85,0.86,0.86,0.86,0.86,0.77,0.86,0.86,0.86,-1.13,0.74,0.86,0.84,0.86,-1.14,0.86,0.73,0.86,0.86,0.85,0.86,0.86,0.86,0.86,0.86,0.86,0.86,0.86,0.86,0.86,0.86,0.85,0.86,0.86,0.85,0.85,0.86,0.86,0.86,0.86,0.86,0.86,0.86,0.86,0.86,0.86,0.86,0.86,0.84,0.78,-1.1,0.86,0.86,0.86,0.86,0.83,0.86,0.86,0.85,0.79,0.85,0.86,0.85,0.86,0.86,0.86,0.77,0.74,-1.05,0.86,0.85,0.86,-1.03,0.84,0.74,0.85,0.86,0.86,0.86,0.86,0.86,0.86,0.84,0.86,0.83,0.86,0.86,0.86,0.71,0.86,0.85,0.86,0.86,0.86,0.86,0.86,0.85,0.86,0.86,0.86,0.86,0.86,0.86,-1.01,0.86,0.73,0.83,0.86,-1.03,0.86,0.86,0.86,0.86,0.86,-1.1,0.86,0.86,0.86,0.86,0.86,-1.13,0.86,0.86,0.82,0.86,0.86,0.86,0.86,0.86,0.86,0.86,0.86,0.86,0.86,0.86,0.86,0.85,0.86,0.86,0.86,0.85,0.86,0.86,0.86,0.86,0.86,0.86,0.86,-1.12,0.86,0.86,0.84,0.86,0.86,0.77,0.86,0.86,0.86,0.83,0.84,0.86,0.84,0.85,0.86,0.86,-1.02,-1.03,0.85,0.86,0.85,-1.0,0.86,0.85,0.86,0.85,0.85,0.86,0.85,0.86,-1.12,0.84,0.86,0.84,0.86,0.86,0.85,0.86,0.86,0.86,0.84,0.86,0.86,0.86,0.86,0.86,0.85,0.86,0.86,0.86,0.86,0.86,0.86,0.86,0.86,-1.02,0.85,0.86,0.86,0.86,0.86,0.86,0.7,0.86,0.83,0.86,0.85,0.86,0.86,0.86,0.86,0.85,0.86,0.76,0.86,0.86,0.86,0.86,-1.13,0.86,0.86,0.86,0.82,0.86,0.86,0.86,0.86,0.86,-1.09,0.86,-1.03,0.86,0.86,0.86,0.86,0.86,0.86,0.86,0.85,0.86,0.86,0.86,0.84,0.86,0.86,0.86,0.86,0.86,0.85,0.86,-1.24,0.86,0.86,0.86,0.86,0.86,0.86,0.86,-1.03,-1.0,0.86,0.85,0.86,0.86,0.86,0.86,0.86,0.86,0.86,0.86,0.86,0.86,0.86,0.86,0.84,0.86,0.86,0.86,0.85,0.86,0.86,-1.07,0.85,0.86,0.84,0.86,-1.14,0.86,0.86,0.86,0.86,0.86,0.86,0.85,0.86,0.86,0.85,0.85,0.84,0.85,0.86,0.86,0.86,0.86,0.86,0.85,0.86,0.86,0.86,0.86,0.85,-1.11,0.86,0.86,0.86,0.86,0.86,0.86,0.86,0.86,0.86,-1.02,0.86,0.86,0.86,0.86,0.86,0.86,0.86,0.86,0.86,0.86,0.86,0.86,0.86,0.86,0.86,0.86,0.86,0.86,0.85,0.84,0.86,0.86,0.86,0.86,0.86,0.86,0.86,0.86,0.86,0.86,0.73,0.86,0.83,0.86,0.86,0.86,0.86,0.86,0.84,0.86,0.86,0.86,0.85,0.84,-1.14,0.84,0.86,0.86,0.86,0.83,0.86,0.86,0.86,0.86,-1.07,0.85,0.86,0.77,0.86,0.86,0.69,0.86,-1.06,0.86,0.86,0.86,0.84,0.86,0.86,0.86,-1.03,0.82,0.85,0.86,0.86,0.86,0.86,0.75,0.85,0.86,0.86,0.86,0.86,0.86,0.86,0.86,0.86,-1.03,0.86,0.74,0.86,0.85,0.86,0.86,0.86,0.84,0.85,0.86,0.86,0.85,0.86,0.86,0.85,-1.14,0.84,0.86,0.86,0.84,0.86,0.86,0.86,0.86,0.85,0.86,0.85,0.86,0.86,0.86,0.86,0.86,0.86,0.86,0.86,0.85,0.86,0.86,0.86,0.86,0.86,0.86,0.86,0.86,0.86,0.85,0.86,0.86,0.86,0.84,0.83,0.86,0.84,0.86,0.86,0.86,0.86,0.86,-1.0,0.86,0.86,-1.01,0.86,0.84,0.86,0.86,0.85,0.86,0.86,-1.11,0.86,0.86,0.86,0.85,0.85,0.86,0.86,0.86,0.86,0.86,0.86,0.85,0.86,0.83,0.86,0.86,0.86,0.86,0.86,0.86,0.84,0.86,0.86,0.86,0.86,0.86,0.86,0.86,0.86,0.86,0.86,0.84,0.86,0.84,0.86,0.83,0.84,0.86,0.86,0.86,0.85,0.86,-1.06,0.86,0.84,0.86,0.86,0.85,0.86,0.86,0.82,0.79,0.86,0.86,0.86,0.86,0.86,0.86,0.84,0.86,-1.02,-1.04,0.86,0.86,0.86,0.86,0.86,0.86,0.86,0.86,0.86,0.86,0.86,0.85,0.86,0.86,0.86,0.86,0.86,0.86,0.86,0.86,0.86,0.86,0.8,0.86,0.76,0.86,0.86,0.83,0.86,0.86,0.86,0.86,0.86,0.85,0.86,0.86,0.85,0.86,0.86,0.86,0.86,0.86,0.86,-1.05,0.86,0.86,0.86,0.86,0.86,0.86,-1.01,0.8,0.86,0.86,0.82,-1.13,0.85,-1.2,0.85,0.86,0.86,0.86,0.86,0.86,0.86,0.86,-1.12,0.86,0.86,0.86,0.83,0.86,0.86,0.86,0.86,0.86,0.86,0.86,0.86,0.86,0.86,0.86,0.86,-1.02,0.86,0.86,-1.05,0.86,0.75,0.86,0.86,0.86,0.86,0.85,0.86,0.86,0.86,0.86,-1.05,0.85,0.84,0.86,0.86,0.86,0.86,0.86,0.86,0.86,0.86,0.86,0.86,0.86,0.86,0.86,0.86,0.78,0.86,0.86,-1.12,0.86,0.76,0.85,0.83,0.86,0.82,0.86,-1.07,0.85,0.86,0.86,0.86,0.86,-1.03,0.86,0.86,0.86,0.86,0.86,0.86,0.86,0.86,0.86,0.86,0.86,0.85,0.86,0.81,0.86,0.86,0.86,0.86,0.86,0.86,0.86,0.86,0.86,0.86,0.84,0.86,0.86,0.86,0.85,0.86,0.86,-1.02,0.75,0.86,0.84,0.85,0.86,0.86,0.86,0.86,0.85,0.86,0.86,0.86,0.71,0.86,0.86,0.82,0.86,0.85,0.86,0.86,0.85,0.86,0.86,0.86,0.86,0.86,0.86,0.84,0.86,0.86,0.86,0.86,0.86,0.86,0.81,0.86,0.84,0.86,0.84,-1.03,0.85,0.86,0.86,0.86,0.86,0.86,0.86,-1.02,0.86,-1.03,0.86,0.84,0.86,0.86,0.86,0.86,-1.02,0.86,-1.14,0.86,-1.01,0.86,0.69,0.86,0.86,0.86,0.86,0.86,0.86,0.86,0.86,0.86,0.86,0.86,0.86,0.86,0.86,0.86,0.86,0.86,0.86,0.86,0.86,0.85,0.86,0.86,0.86,0.86,0.86,-1.03,0.86,0.85,0.86,0.86,0.84,0.86,0.82,0.86,0.86,0.86,0.86,0.86,-1.13,0.85,0.86,0.86,0.86,0.86,0.86,0.86,0.86,0.85,0.86,0.86,0.86,0.85,0.86,-1.12,0.86,0.86,0.86,0.86,0.86,0.86,0.86,0.86,-1.02,0.86,0.86,0.86,0.86,0.86,0.85,0.86,0.86,0.85,0.86,0.86,0.86,0.86,-1.03,0.86,0.86,0.86,0.86,0.86,0.86,0.86,0.86,0.86,0.86,0.86,0.86,0.83,0.86,0.86,0.86,0.85,0.86,0.86,0.86,0.86,0.86,0.86,0.86,0.86,0.86,0.86,0.86,0.86,0.86,0.85,0.86,-1.13,0.86,0.86,0.86,0.86,0.86,0.86,0.85,0.86,0.86,0.85,0.86,0.86,0.86,0.86,0.86,0.86,0.86,0.86,0.77,0.86,0.86,0.86,0.84,0.86,0.86,0.83,0.86,0.86,0.86,0.86,0.86,0.86,0.85,0.86,0.86,0.86,0.86,0.86,0.86,0.86,0.86,0.86,0.86,0.86,0.86,0.86,0.86,0.86,0.85,0.86,0.86,0.85,0.86,0.86,0.86,0.86,0.86,0.86,0.86,0.86,0.86,0.86,0.86,-1.11,0.86,0.85,0.86,0.86,0.86,0.86,0.86,0.86,0.86,0.84,0.86,0.86,0.86,0.86,0.86,0.86,0.86,0.86,0.85,0.86,0.86,0.86,0.86,-1.05,0.86,0.86,0.86,0.86,0.78,0.85,0.84,0.84,0.84,0.86,0.86,0.85,0.86,0.86,0.86,0.84,0.84,0.86,0.82,-1.05,0.86,0.86,0.86,0.85,0.86,0.86,-1.1,0.86,0.79,0.86,0.86,0.86,-1.06,0.85,-1.13,0.86,0.86,-1.02,0.86,0.84,0.86,0.86,0.86,0.86,0.86,0.81,-1.12,0.86,0.86,0.85,0.86,0.83,0.86,0.86,0.8,0.86,0.85,0.86,0.86,0.85,0.86,0.86,0.86,0.86,0.84,0.86,0.85,0.85,0.86,0.86,0.86,0.86,0.86,0.86,0.84,0.86,0.86,0.86,0.86,0.86,-1.03,0.86,0.86,0.86,0.86,0.86,0.86,0.85,0.86,0.86,0.86,-1.02,0.86,0.86,0.85,-1.05,0.84,0.86,0.86,0.84,0.84,-1.0,0.86,0.86,0.86,0.86,0.86,0.72,0.86,0.86,0.86,0.86,0.84,0.86,0.86,0.86,-1.13,0.83,-1.04,0.86,0.86,0.85,0.86,0.86,0.86,0.86,0.85,0.86,0.86,0.82,0.82,0.86,0.86,0.86,0.86,0.86,0.84,0.86,0.86,0.84,0.86,0.85,0.86,0.86,0.86,0.86,0.86,0.85,0.86,0.84,0.86,0.86,0.85,0.86,0.86,0.86,0.86,-1.04,0.85,0.86,0.86,0.86,0.86,0.84,0.86,0.86,0.86,0.86,-1.07,0.84,0.86,0.86,-1.12,0.85,0.86,0.86,0.86,0.86,0.84,0.86,0.86,0.86,0.86,0.79,0.83,0.86,0.85,0.85,0.86,0.86,0.86,-1.09,-1.15,0.86,0.86,0.74,0.86,0.86,0.84,0.86,0.86,0.86,0.86,0.76,0.86,-1.0,0.83,-1.14,0.86,0.86,0.86,0.86,0.86,0.86,0.86,0.86,0.82,0.84,0.86,0.86,0.86,0.86,0.86,0.86,-1.11,0.86,0.86,0.85,0.81,0.85,0.86,0.86,0.84,0.86,0.85,0.86,-1.09,0.86,0.86,0.86,0.86,0.86,0.86,0.86,0.86,0.86,0.86,0.86,0.86,0.86,0.86,0.86,-1.12,0.86,0.86,0.86,0.86,0.86,0.86,0.86,0.86,0.86,0.86,0.86,0.84,0.86,0.81,0.84,-1.12,-1.11,0.85,0.86,0.86,0.79,0.86,0.86,0.86,0.86,-1.03,0.86,0.86,-1.04,0.83,0.86,0.86,0.86,0.86,0.84,0.84,0.86,0.83,0.86,0.85,0.85,0.85,0.86,0.86,0.86,0.85,0.86,0.86,0.86,0.84,0.86,0.86,0.86,0.86,0.85,-1.0,-1.1,0.86,0.86,0.86,0.86,0.77,0.86,0.86,0.86,0.84,0.86,0.86,0.86,0.86,0.86,0.85,-1.1,-1.01,0.85,0.86,-1.0,0.86,0.86,0.86,0.86,0.86,0.85,0.86,0.86,0.86,0.75,0.86,0.86,0.86,0.86,0.86,0.84,0.86,0.86,0.86,0.84,0.86,0.86,0.84,0.86,-1.01,0.85,0.85,0.86,0.86,0.86,0.86,-1.03,0.84,0.86,-1.12,0.84,0.86,0.82,0.86,0.85,0.86,0.86,0.86,0.86,0.86,0.86,0.86,0.86,0.86,0.86,0.86,0.86,0.86,0.86,0.86,0.86,0.86,0.86,0.83,0.84,0.86,0.86,0.86,0.86,0.86,0.86,0.79,0.86,0.86,0.86,0.86,0.86,0.86,0.86,0.83,0.86,0.81,0.86,0.86,0.84,0.85,0.86,0.86,0.86,0.86,0.86,0.86,0.86,0.86,0.86,0.86,0.86,0.86,-1.01,0.83,0.85,0.86,0.86,0.86,0.86,0.86,0.86,0.86,0.73,0.86,0.86,0.84,-1.15,0.72,0.86,-1.1,0.85,0.86,0.86,0.85,0.85,0.86,0.84,-1.16,0.86,0.86,0.86,0.85,-1.14,0.82,0.86,0.86,0.86,0.86,0.86,0.84,0.86,0.86,0.86,0.86,0.85,0.86,0.86,0.74,0.86,0.85,0.85,0.86,0.86,0.86,0.86,0.85,0.86,0.86,0.73,0.86,0.86,0.86,0.82,0.86,0.85,0.86,0.86,0.86,0.86,0.86,0.86,-1.05,0.83,0.73,0.86,0.86,0.86,0.86,0.86,0.86,-1.02,0.84,0.86,0.86,0.86,0.86,0.86,0.72,0.86,0.86,0.86,0.86,0.86,0.86,0.86,0.86,0.86,0.86,0.86,0.86,0.85,0.86,0.86,0.86,0.86,0.86,0.86,0.86,0.86,0.86,0.86,0.86,0.86,0.79,0.86,0.86,0.86,0.86,0.86,0.86,0.86,0.86,-1.02,0.84,0.86,0.86,0.86,0.86,0.85,0.86,-1.12,0.84,0.86,0.86,0.86,0.86,0.86,0.86,0.86,0.86,0.82,-1.14,0.86,0.86,0.86,0.86,0.86,-1.03,0.86,0.85,0.86,0.86,0.86,0.86,0.84,0.86,0.86,0.86,0.86,0.86,-1.12,0.84,0.73,0.84,0.86,0.86,0.86,0.86,0.86,0.86,0.86,0.86,0.86,0.86,0.86,0.83,0.86,0.86,0.86,0.86,0.86,0.86,0.86,0.86,0.86,0.84,0.84,0.86,0.86,0.86,0.85,0.84,0.84,0.86,0.85,0.86,0.86,0.86,0.84,0.86,0.85,0.86,-1.04,0.85,0.86,0.86,0.86,0.86,0.86,0.86,0.86,0.86,0.86,0.84,0.86,0.86,0.86,0.86,0.84,0.86,0.86,0.85,0.86,0.86,0.86,0.86,0.86,0.86,0.86,0.86,0.86,0.86,0.86,0.86,0.85,0.86,0.86,-1.15,0.86,0.86,0.86,0.86,0.86,0.86,0.86,0.86,0.86,0.86,0.86,0.86,0.86,0.86,0.86,-1.31,0.86,0.86,0.86,0.86,0.86,0.86,-1.13,0.86,-1.1,0.86,0.86,-1.03,0.86,0.86,0.84,0.86,0.86,-1.15,0.74,0.86,0.86,0.85,0.86,0.85,0.86,0.86,0.86,0.86,0.86,0.86,0.86,0.86,0.86,0.86,0.86,0.71,0.84,0.86,0.86,0.86,0.86,0.86,0.86,-1.09,0.85,0.86,0.86,0.86,0.86,0.86,0.86,-1.14,0.86,0.86,0.86,0.86,0.86,0.86,0.86,0.86,0.86,0.86,0.86,0.85,0.86,0.86,0.84,0.86,0.86,0.86,0.86,0.86,0.86,0.86,0.86,0.86,0.86,0.86,0.86,0.86,0.86,0.86,0.86,0.86,0.86,-1.06,0.86,0.86,0.86,0.86,0.86,0.86,0.84,0.86,0.86,0.85,0.86,0.86,0.86,0.86,0.86,0.86,0.84,0.86,0.86,0.86,0.86,0.86,0.86,0.86,0.86,0.86,0.86,0.86,0.86,-1.03,0.85,-1.11,0.86,0.86,-1.12,0.86,0.85,-1.01,0.86,-1.11,0.84,0.86,0.85,0.85,0.86,0.85,0.86,0.86,0.86,0.86,0.86,0.86,0.86,0.86,0.83,0.86,0.86,0.86,0.86,0.86,0.86,0.86,0.86,0.86,0.86,-1.07,0.85,0.86,0.86,-1.06,0.86,0.85,0.86,0.86,0.86,0.86,0.86,0.86,0.86,-1.1,0.86,0.86,-1.02,0.85,0.86,0.85,0.84,0.86,0.86,0.86,0.86,0.86,0.86,0.86,0.86,0.86,0.86,0.86,0.84,0.86,0.86,0.86,0.86,0.86,0.86,0.86,0.86,0.86,0.86,0.86,0.86,0.86,0.86,-1.05,-1.12,0.85,0.86,0.86,0.86,0.86,0.84,0.85,0.86,0.86,0.86,0.86,0.84,0.86,0.86,0.86,0.86,0.86,0.86,0.86,0.86,0.86,0.86,0.86,0.86,0.86,0.85,0.84,0.86,-1.17,0.84,0.85,0.86,0.71,0.73,0.86,0.84,0.86,0.86,0.86,0.85,0.86,0.86,0.85,0.86,0.81,0.86,0.86,0.86,0.86,0.86,0.86,0.86,0.7,0.86,0.86,0.86,0.84,0.84,0.84,0.82,0.86,0.74,0.86,0.86,0.86,0.86,0.86,0.85,0.84,0.86,0.86,0.86,0.86,0.84,0.86,0.86,-1.08,0.86,0.85,0.86,0.86,0.86,0.86,0.86,0.86,0.86,0.86,-1.12,0.86,-1.06,0.86,0.86,0.86,0.86,0.86,0.86,0.84,0.84,0.86,0.86,0.86,0.85,0.86,0.86,0.86,0.86,0.86,0.86,0.86,0.75,0.86,0.86,0.85,0.86,-1.15,-1.03,0.83,0.86,0.86,0.86,0.84,0.86,0.74,0.86,0.86,0.86,0.71,0.84,0.86,0.86,0.86,0.86,0.86,-1.05,0.85,0.86,0.86,0.86,0.7,0.86,0.86,0.86,0.86,0.86,0.86,0.86,0.86,0.86,0.86,0.81,0.86,0.86,0.86,0.86,0.86,-1.03,0.86,0.86,0.86,-1.08,0.84,0.86,0.86,0.86,0.85,0.82,0.84,0.86,-1.13,0.84,0.86,0.86,-1.02,0.86,0.86,-1.04,0.85,0.86,0.74,0.86,0.86,0.86,0.86,0.86,0.86,0.86,0.86,0.86,0.86,0.86,0.86,0.86,0.8,0.86,0.85,-1.13,0.86,0.86,0.84,0.86,-1.13,0.85,0.86,0.86,0.86,-1.02,0.86,0.84,0.86,0.86,0.81,0.84,0.86,0.86,0.86,0.86,0.86,0.72,0.86,0.86,0.86,0.86,0.86,0.86,0.86,0.85,0.86,0.86,0.86,0.86,0.86,0.69,0.73,0.86,0.86,0.85,0.7,0.86,0.85,0.86,0.86,0.86,0.86,0.86,0.83,0.86,0.86,0.84,0.85,0.86,0.86,0.86,0.86,0.86,0.86,-1.18,0.86,0.85,0.86,0.83,0.84,0.83,0.86,-1.04,0.86,0.85,0.86,0.86,0.86,0.79,0.86,0.86,0.86,0.86,0.86,0.86,0.86,0.86,0.86,0.86,0.86,0.86,0.86,0.86,0.86,0.86,0.86,0.86,0.84,-1.09,0.86,-1.12,0.86,0.86,0.86,0.86,0.86,0.86,0.86,0.86,0.86,0.86,0.86,0.86,0.86,-1.02,0.86,0.86,0.84,0.86,0.86,0.86,0.86,0.86,-1.09,0.86,0.86,0.85,0.86,-1.01,0.86,0.82,0.84,0.86,0.86,0.86,0.86,0.86,0.86,0.86,0.86,0.86,0.86,0.86,0.86,0.85,0.86,0.85,-1.09,0.85,0.85,0.86,0.85,0.86,0.86,0.86,0.86,0.86,0.86,-1.0,0.86,0.86,0.86,0.86,0.86,0.86,0.86,0.86,0.86,0.86,0.86,0.86,0.84,0.85,0.86,0.86,0.86,0.86,0.82,0.86,0.86,0.86,0.85,0.86,0.86,0.73,0.86,0.86,0.84,0.86,0.86,0.83,0.84,0.86,0.86,-1.01,0.86,0.86,0.86,0.86,-1.14,0.86,0.86,0.86,0.86,-1.15,0.83,0.85,-1.03,0.86,0.86,0.86,0.86,0.85,0.86,0.86,0.86,0.86,-1.14,0.84,-1.12,0.85,-1.05,0.83,0.86,-1.09,0.86,0.86,0.86,0.86,0.86,0.84,0.84,0.84,0.86,0.84,0.86,0.86,0.86,0.84,-1.1,0.83,0.86,0.86,0.85,0.86,-1.02,0.82,0.86,0.85,0.84,0.86,0.85,0.86,0.85,0.86,0.86,0.86,0.86,0.86,-1.01,0.85,0.86,0.86,0.83,0.86,-1.14,0.86,0.86,-1.12,0.85,0.81,0.86,-1.13,0.82,0.85,0.86,0.86,0.86,0.86,0.84,0.86,-1.02,-1.13,0.86,0.86,0.84,0.86,0.86,0.86,0.86,-1.06,0.59,0.86,0.86,0.86,0.86,0.86,0.86,0.84,0.85,0.86,0.86,0.86,0.83,0.86,0.7,0.86,0.86,0.86,0.86,0.86,0.84,0.81,0.86,0.86,-1.1,0.84,0.86,0.86,0.86,0.86,0.86,0.78,0.86,0.86,0.71,0.86,0.85,0.86,-1.02,0.85,0.86,0.85,0.86,0.86,0.86,0.86,0.82,0.86,0.84,-1.03,-1.03,0.85,0.85,-1.14,0.86,0.86,0.73,0.86,0.84,0.84,0.84,0.86,0.86,0.86,0.86,0.86,0.86,0.86,0.85,0.82,0.85,0.86,0.85,0.84,0.86,0.86,0.86,0.86,0.86,0.86,0.86,0.86,0.86,0.86,0.86,0.86,0.86,0.86,0.86,0.86,0.86,0.86,0.86,0.79,0.84,0.86,0.86,-1.13,0.86,0.86,0.86,0.86,-1.21,0.86,0.85,0.86,0.86,0.86,0.86,0.86,-1.03,0.86,0.86,0.86,0.86,0.86,-1.1,-1.03,0.82,-1.09,0.86,0.85,0.84,0.85,-1.05,0.86,0.84,0.85,0.86,0.86,0.86,0.86,0.86,0.86,0.86,0.86,-1.12,0.85,0.86,0.86,0.86,0.86,0.86,0.85,0.86,0.86,0.86,-1.06,0.86,0.86,0.86,0.86,0.86,0.86,0.86,0.86,0.86,0.86,0.86,0.86,0.86,0.86,0.86,0.86,0.86,0.86,0.86,0.86,0.86,0.86,0.86,0.86,0.68,0.85,0.86,0.86,0.86,-1.13,0.86,0.86,0.75,0.86,0.85,0.86,0.86,0.85,0.86,-1.03,0.86,0.86,0.86,0.85,0.86,0.86,0.86,0.86,0.86,0.86,0.86,0.86,0.86,0.84,0.86,0.78,0.86,0.85,0.86,0.86,0.86,0.86,0.86,0.86,0.86,0.86,0.85,0.84,0.86,0.86,0.86,0.84,0.83,0.86,0.86,0.84,0.85,0.86,0.86,0.84,0.85,0.86,0.86,0.85,0.86,0.86,0.86,-1.1,0.86,0.86,0.86,0.86,0.86,0.86,-1.12,0.86,0.86,0.84,0.86,0.86,0.86,0.86,0.86,0.84,0.86,0.86,0.84,0.86,0.86,0.86,0.86,0.84,0.86,0.86,-1.08,0.86,0.86,0.84,0.86,0.86,0.86,0.86,0.86,0.86,-1.12,0.85,0.86,0.72,0.86,0.86,0.86,0.86,0.86,0.85,-1.06,0.85,0.86,0.86,-1.09,0.86,-1.12,0.76,-1.14,0.85,0.86,0.84,0.86,0.86,0.86,0.84,0.86,0.83,0.86,0.86,-1.02,0.86,-1.14,0.86,0.86,0.86,-1.0,0.86,0.86,0.86,0.86,0.86,0.86,0.86,0.84,0.84,0.82,-1.03,0.86,0.86,0.86,0.86,0.84,0.86,0.86,0.77,-1.11,0.86,0.86,0.86,0.86,0.86,0.86,0.86,0.86,0.86,0.86,0.86,0.86,0.86,0.86,0.69,0.86,0.86,0.86,0.86,0.86,0.86,0.85,0.86,0.75,0.86,0.86,0.86,0.86,0.86,0.86,0.86,0.86,0.85,0.86,0.86,0.85,-1.01,0.86,0.83,0.86,0.86,0.86,0.86,0.86,0.86,0.86,0.86,0.86,0.86,0.84,0.85,0.84,0.86,0.86,0.86,0.86,0.86,0.85,0.86,0.74,0.86,0.86,0.85,0.86,0.86,0.86,0.86,0.86,0.86,0.86,0.86,0.85,0.86,0.85,0.86,0.82,0.85,0.85,0.86,0.86,0.86,0.86,0.86,0.84,0.86,0.86,0.86,0.84,0.86,0.85,0.86,0.86,0.86,0.86,0.86,0.86,0.86,0.86,0.86,0.86,0.85,0.84,0.84,0.86,0.85,0.86,0.85,0.86,0.86,0.85,0.75,0.86,0.86,0.86,0.86,0.86,0.86,-1.14,-1.1,0.84,0.85,0.86,0.86,0.86,0.86,-1.13,0.86,0.85,0.85,0.86,0.86,0.86,0.86,0.86,0.86,0.86,0.86,0.85,0.86,0.86,0.86,0.86,0.85,0.86,0.86,-1.14,0.86,0.83,0.86,0.86,0.86,0.86,0.86,0.86,0.84,0.86,0.86,0.86,0.86,0.86,0.86,0.84,0.86,0.86,0.86,0.86,0.86,0.86,0.86,0.86,0.86,-1.11,0.86,0.86,-1.23,0.84,-1.02,0.85,0.86,0.82,0.86,0.85,0.86,0.76,0.86,0.85,-1.19,0.86,0.86,0.77,0.86,0.86,0.86,0.86,0.78,0.86,0.86,0.86,0.85,0.86,0.86,0.86,0.86,0.86,0.85,0.86,0.85,0.86,0.86,0.86,0.85,0.86,0.86,0.86,0.86,0.86,0.86,0.86,0.85,0.86
0.84,-1.11,-1.19,-1.12,-1.1,-1.12,0.78,0.74,-1.08,-1.05,-1.15,0.86,-1.1,-1.02,0.86,0.85,-1.26,0.81,0.83,-1.08,0.85,-1.04,-1.02,-1.04,-1.23,0.67,0.8,0.84,0.74,0.81,0.84,-1.12,0.85,-1.05,0.81,0.84,0.83,0.82,-1.22,0.85,0.81,-1.04,0.83,0.58,0.86,0.78,0.86,0.86,-1.14,0.86,-1.03,0.76,0.86,0.85,0.86,0.85,0.86,0.86,-1.04,0.86,0.86,0.86,0.86,0.86,0.86,0.86,0.86,0.86,0.72,0.86,0.83,0.86,0.77,0.84,0.86,0.86,0.86,0.85,0.73,0.86,0.86,0.86,0.86,0.86,0.86,0.86,0.86,0.84,0.86,0.86,0.86,0.86,0.86,0.86,0.86,0.86,0.86,0.86,-1.04,0.86,0.86,0.86,0.86,0.84,0.75,0.86,0.86,0.85,0.86,0.86,0.76,0.86,0.86,0.86,0.86,-1.15,0.86,0.86,0.86,0.86,0.86,0.86,0.86,0.83,0.86,0.85,0.86,0.86,0.79,0.86,0.86,0.86,0.86,0.86,0.86,0.83,0.86,0.86,0.86,0.86,0.86,0.86,0.86,0.86,0.86,0.84,0.85,0.86,0.86,0.86,0.86,0.86,0.81,0.85,0.86,0.81,0.86,0.86,0.86,0.86,0.86,0.86,0.74,0.86,0.79,0.86,0.86,0.86,0.86,0.86,0.86,0.86,-1.13,0.86,0.84,0.75,0.86,0.86,0.86,0.86,0.86,0.86,0.86,0.86,0.86,-1.04,0.86,0.85,0.86,0.86,0.86,0.86,0.86,0.85,0.83,0.86,0.86,0.86,0.86,0.86,0.86,0.82,0.86,0.86,0.86,0.86,0.86,0.86,0.86,0.86,0.86,0.86,-1.12,0.86,0.68,0.86,0.84,0.86,-1.14,0.86,-1.12,0.86,0.85,0.86,0.86,0.85,0.86,0.86,0.85,0.85,0.86,0.85,0.86,0.86,0.86,0.84,-1.13,0.86,0.86,0.86,0.86,0.86,0.86,0.86,0.86,0.86,0.86,0.86,0.86,0.85,0.84,-1.12,0.86,0.86,0.86,0.86,-1.13,0.86,0.86,0.85,0.84,0.85,0.86,0.86,0.82,0.86,0.86,0.85,0.86,0.86,0.86,0.86,0.86,0.86,0.86,0.83,0.86,0.76,0.85,0.86,0.86,0.86,0.86,0.84,0.86,0.84,0.85,0.73,0.86,0.86,0.86,0.79,0.86,0.86,0.86,-1.02,0.86,0.86,0.86,0.86,0.86,0.86,0.86,0.86,0.86,0.86,-1.04,0.86,0.86,0.86,0.86,0.86,0.86,0.86,-1.12,0.86,0.86,0.86,0.86,0.86,0.86,0.86,0.84,0.86,0.86,0.86,0.72,0.86,0.86,0.86,0.78,0.71,0.86,0.85,0.86,0.86,-1.02,-1.11,-1.01,-1.03,0.86,0.86,0.86,0.86,-1.03,0.86,0.86,0.86,0.86,0.86,0.86,0.86,0.86,0.86,0.86,0.86,0.86,0.86,0.86,0.86,0.86,0.79,0.86,0.86,0.86,0.86,0.85,0.86,0.86,0.86,0.86,0.86,0.81,0.86,0.86,0.86,0.86,0.86,0.86,0.86,0.86,0.86,0.86,0.86,0.86,0.86,0.86,0.85,0.85,0.86,0.86,-1.09,0.75,0.86,0.86,-1.13,0.86,0.86,0.71,0.86,0.86,0.86,0.86,0.85,0.86,-1.02,0.86,0.86,0.86,0.85,0.86,0.86,-1.16,-1.0,-1.04,0.84,-1.09,0.86,0.85,0.86,0.86,0.86,0.86,0.86,0.86,0.86,0.82,0.86,0.86,0.86,0.86,0.86,0.85,0.86,0.86,0.84,0.86,0.85,0.86,0.86,0.86,0.86,0.86,0.86,0.84,-1.03,0.86,0.86,-1.12,0.86,0.86,0.86,0.86,0.86,0.86,0.86,0.86,0.84,0.86,0.86,0.85,0.85,0.86,0.86,0.86,0.85,0.86,0.86,0.79,0.86,0.85,0.82,0.86,0.86,0.86,0.86,0.86,0.85,0.86,0.86,0.86,0.86,0.86,0.85,-1.02,-1.13,0.86,0.85,0.85,0.86,0.86,-1.14,0.86,0.86,0.86,0.86,0.86,0.85,0.86,0.86,0.86,0.74,0.86,0.71,0.86,0.85,0.86,0.86,0.85,0.86,0.86,0.86,0.86,-1.06,0.86,0.86,0.85,0.86,0.86,0.86,0.86,-1.04,0.86,0.86,0.77,0.85,0.86,0.86,0.86,0.86,0.86,0.83,0.86,0.86,0.86,0.86,0.86,0.86,0.86,0.85,0.85,0.86,0.86,0.86,0.86,0.86,0.86,0.86,0.86,0.86,0.86,0.86,-1.07,0.86,0.86,0.86,0.86,0.86,0.86,0.75,0.82,0.86,0.86,0.86,0.86,0.86,0.86,0.86,-1.14,0.86,0.82,0.86,0.86,0.86,0.85,0.86,0.86,0.84,0.86,0.86,-1.12,0.86,0.86,0.86,0.86,0.86,0.84,0.86,0.86,0.86,0.86,0.86,0.86,0.86,0.85,0.86,0.86,0.86,0.85,0.84,0.84,0.86,0.86,0.86,0.86,0.86,0.86,0.84,0.86,0.85,0.84,0.86,0.86,0.77,0.86,0.86,0.84,0.82,0.86,0.86,0.86,0.86,0.85,0.86,0.86,0.85,0.86,0.84,0.86,0.86,-1.14,0.86,0.86,0.86,0.86,0.86,0.86,0.86,0.85,0.86,0.86,0.85,0.86,0.86,0.86,0.86,0.86,0.86,0.84,0.85,0.86,0.86,0.86,0.74,0.86,0.86,0.86,0.86,0.86,0.85,0.86,0.85,0.84,0.86,0.86,-1.14,0.86,0.86,0.86,0.86,0.86,0.86,0.86,0.86,0.86,0.86,0.86,0.86,0.85,0.86,0.85,-1.03,0.86,0.83,0.86,0.86,0.86,0.75,0.86,0.84,0.86,0.86,0.86,0.86,0.86,0.86,0.86,0.86,0.86,0.86,0.86,0.86,0.86,-1.15,0.86,0.86,0.86,0.86,-1.03,0.86,-1.11,0.86,0.86,0.86,0.86,0.86,0.86,0.86,0.86,-1.13,0.86,0.84,0.86,0.86,0.86,0.86,0.84,0.86,0.85,0.84,0.86,0.86,0.86,0.86,0.85,-1.03,0.86,0.86,0.86,0.86,0.86,0.85,0.86,0.86,0.86,0.86,0.86,0.86,0.86,0.86,0.86,0.86,0.86,0.86,0.86,0.86,0.85,0.86,0.86,0.86,0.86,0.84,0.86,0.86,0.86,0.76,0.86,0.86,0.85,0.82,0.8,0.86,0.86,0.86,0.85,0.86,0.86,0.86,0.86,0.86,0.86,0.86,0.72,0.86,0.86,0.71,-1.12,0.84,0.86,0.86,0.85,0.86,0.86,0.84,0.86,0.86,0.86,0.84,0.86,0.86,0.85,0.86,0.86,0.86,0.86,0.86,0.86,0.85,0.86,0.86,0.86,0.86,0.84,0.86,0.86,0.86,0.86,0.86,0.86,0.86,0.86,0.86,0.86,0.86,0.84,0.86,0.86,0.86,0.86,0.86,0.86,-1.05,0.84,0.74,0.86,0.86,0.86,0.86,-1.08,0.86,0.85,0.78,0.85,0.86,0.85,0.86,0.86,0.86,0.84,0.86,0.86,0.86,0.86,-1.06,0.86,0.86,0.86,0.85,-1.12,0.86,-1.02,-1.08,0.86,0.86,0.85,0.86,0.85,0.86,0.86,0.86,0.86,-1.01,0.84,0.86,0.86,0.86,0.86,0.84,0.85,0.86,0.86,0.86,0.86,0.86,0.86,-1.03,0.86,0.85,0.86,0.83,0.86,0.85,0.86,0.86,0.84,0.86,0.86,0.86,0.86,-1.04,0.85,0.86,0.86,0.83,0.86,0.86,0.85,0.86,0.86,0.82,0.86,0.86,0.86,0.85,0.86,-1.13,0.83,0.86,0.86,0.86,0.86,-1.07,0.86,0.83,0.86,0.86,0.86,0.86,0.86,0.86,0.86,0.86,0.84,0.86,-1.1,-1.12,0.85,0.86,0.85,0.86,0.86,0.86,0.86,0.84,0.86,0.86,0.86,0.86,0.86,0.86,0.86,0.86,0.86,0.86,-1.12,0.86,0.86,0.86,0.86,0.86,0.86,0.86,0.86,0.86,0.86,0.86,0.86,0.86,0.86,0.86,0.86,0.86,0.86,0.81,0.86,0.86,0.86,0.86,-1.08,0.86,0.86,0.73,0.86,0.86,0.86,0.86,0.86,0.84,0.86,0.85,0.86,0.84,0.85,0.86,0.85,0.86,0.86,0.84,0.86,-1.11,-1.03,-1.01,0.86,0.86,0.86,0.86,0.8,0.86,-1.0,0.84,0.86,0.85,0.86,0.86,0.86,-1.12,0.86,0.83,0.86,0.86,-1.03,0.86,0.86,0.86,0.86,0.86,0.86,0.86,0.77,0.86,0.68,0.86,0.86,0.86,0.85,0.86,0.86,0.86,0.86,0.86,0.86,0.78,0.86,0.86,0.86,0.86,0.84,0.86,0.86,0.86,0.86,0.86,0.86,0.86,0.85,0.86,0.86,0.86,0.86,0.86,0.86,0.86,0.86,0.86,0.84,0.86,0.86,0.86,0.86,0.86,0.86,-1.11,0.86,0.84,0.86,0.86,0.86,0.86,0.86,-1.13,0.85,0.86,0.86,0.86,0.86,0.86,0.86,0.86,-1.03,0.86,0.86,0.86,0.85,0.86,0.86,0.86,0.86,0.85,0.86,0.79,0.81,0.86,0.86,0.86,0.86,-1.15,0.84,0.86,0.86,0.86,0.86,0.86,0.86,0.86,0.86,-1.12,0.85,0.86,0.86,0.86,0.86,0.86,0.86,0.85,0.86,0.86,0.85,0.86,0.86,0.81,0.86,0.86,0.85,0.84,0.85,0.86,0.86,0.86,0.85,0.86,-1.0,0.86,0.86,0.86,0.71,0.61,0.86,0.84,0.86,0.86,0.86,0.73,0.86,0.86,0.86,0.85,0.86,0.76,0.85,-1.02,0.83,0.86,0.85,0.86,0.86,0.86,0.86,0.86,0.86,0.86,0.86,0.86,0.86,0.86,0.86,0.85,0.86,0.86,0.86,0.86,0.86,0.86,0.86,0.86,0.82,-1.05,0.86,0.85,0.86,0.86,0.86,0.86,0.86,0.86,0.84,0.84,0.86,0.86,0.85,0.85,0.86,0.86,0.85,0.86,0.86,0.86,0.86,0.86,-1.01,0.85,0.86,0.86,0.84,0.86,0.86,0.86,0.86,0.86,0.86,0.86,0.86,0.86,0.86,0.86,0.86,0.86,-1.17,0.86,0.68,0.86,0.86,0.86,0.86,0.86,0.86,0.86,0.85,0.86,0.86,0.86,-1.13,0.86,0.86,0.86,0.86,0.86,0.86,0.74,-1.14,0.86,0.86,0.86,0.86,0.86,0.86,0.85,0.86,0.86,0.86,0.86,0.86,0.73,0.86,0.86,-1.13,0.85,0.85,0.86,0.86,0.86,0.86,-1.03,0.86,0.86,0.86,0.86,0.86,0.86,0.86,0.86,0.86,0.86,0.86,0.86,0.86,0.76,0.86,0.86,0.85,0.85,0.86,0.84,0.86,-1.09,0.86,0.86,0.86,-1.05,0.85,0.86,0.86,0.86,0.86,0.86,0.86,-1.06,0.86,0.86,0.86,0.86,0.86,0.86,0.86,0.86,0.86,0.86,0.86,0.86,0.86,0.86,0.86,0.86,0.86,0.86,-1.04,-1.13,0.86,-1.09,0.84,0.86,0.83,0.86,0.84,0.86,-1.09,-1.08,0.86,0.85,0.85,0.86,0.86,0.86,0.81,0.86,0.86,0.86,-1.07,-1.0,0.86,0.84,0.86,0.84,0.73,0.85,0.86,0.86,0.85,0.86,0.86,0.86,0.86,-1.02,0.85,0.86,0.85,0.85,0.86,0.86,0.86,0.86,0.86,0.86,-1.04,0.84,0.6,0.86,0.86,0.86,0.86,0.85,0.86,-1.08,0.85,0.84,0.86,0.86,0.86,0.85,-1.12,0.86,0.86,-1.24,0.85,0.86,0.69,0.86,0.86,0.86,-1.06,0.86,0.85,0.86,0.86,0.86,-1.07,0.86,0.85,0.86,0.86,0.84,0.84,-1.0,0.86,0.86,-1.01,-1.08,0.86,0.86,0.86,0.86,0.72,0.86,-1.11,0.84,0.86,0.86,0.86,0.86,0.86,0.86,0.86,0.86,0.86,-1.03,0.86,0.86,-1.03,-1.07,0.85,0.85,0.81,-1.13,0.86,0.86,0.85,0.86,0.86,0.86,0.86,0.86,0.86,0.86,0.86,0.86,0.86,0.86,0.85,0.86,0.86,0.83,0.86,0.86,0.86,0.85,0.86,0.86,0.86,0.85,0.86,0.86,0.86,0.86,0.86,0.86,0.86,0.86,0.86,0.86,0.84,0.86,0.86,0.86,0.85,0.85,0.86,0.86,0.86,0.86,0.86,0.86,0.86,0.85,0.86,0.86,-1.09,0.74,0.86,0.86,0.86,0.86,0.86,0.86,0.86,0.86,0.86,0.75,0.86,0.86,-1.03,0.8,0.86,0.86,0.86,0.86,-1.02,0.85,0.86,0.86,0.84,0.86,0.86,0.85,0.86,0.86,0.86,0.86,0.85,0.86,0.86,0.86,0.86,0.81,0.86,0.85,-1.13,0.86,-1.05,0.86,-1.13,0.85,0.86,0.86,0.86,0.86,0.86,0.86,0.86,0.83,0.86,0.86,0.84,-1.11,0.86,0.86,0.86,0.86,0.86,0.84,0.86,-1.07,0.85,0.86,0.86,0.86,0.86,0.86,0.85,0.86,0.86,0.86,-1.16,0.85,0.86,0.86,-1.07,0.86,0.86,0.86,0.82,0.86,0.86,-1.07,-1.11,0.84,0.86,0.86,0.86,0.86,0.86,-1.02,0.86,0.86,0.86,0.86,0.86,0.86,0.86,0.86,0.86,0.85,0.85,0.86,0.86,0.86,0.86,0.85,0.68,0.85,0.86,0.86,0.86,0.86,0.86,0.86,0.85,0.86,0.86,0.86,0.86,0.86,0.86,0.86,0.86,0.86,0.86,0.86,0.86,0.84,0.86,0.86,0.86,0.86,0.86,0.86,0.86,0.86,0.86,0.86,0.85,-1.02,0.84,0.84,0.86,0.86,0.67,0.86,0.84,0.86,0.86,0.86,0.86,0.86,0.86,0.86,0.86,0.85,0.86,0.81,0.84,0.86,0.74,0.84,0.86,0.86,0.86,0.73,0.86,0.85,0.86,0.86,0.86,0.86,0.86,0.86,0.86,0.85,0.86,0.86,0.85,0.86,0.86,0.75,0.86,-1.02,0.86,0.86,-1.07,0.84,0.86,0.86,0.86,0.86,0.86,0.86,0.85,-1.27,0.86,0.84,0.86,0.86,0.83,0.84,0.86,0.86,0.86,0.86,0.86,0.86,0.86,0.86,0.86,0.86,0.74,0.84,0.86,0.86,0.86,0.86,-1.1,0.86,0.86,0.86,-1.09,0.86,0.86,-1.14,0.86,0.86,0.84,0.86,0.81,0.86,0.85,0.86,0.86,0.86,0.86,0.86,0.86,0.86,0.85,0.86,0.86,0.83,0.86,0.71,0.86,0.86,0.86,0.86,0.86,0.86,0.84,0.86,0.86,0.85,0.86,0.86,0.86,0.68,0.85,0.86,0.86,0.86,0.86,0.86,-1.16,0.86,0.85,0.86,0.85,0.84,-1.11,0.85,0.84,0.86,0.86,0.85,0.86,0.86,0.86,0.85,0.86,-1.07,0.86,0.83,0.86,0.85,0.86,0.8,0.84,0.86,0.86,0.86,0.86,-1.13,0.86,0.86,0.86,0.86,0.86,0.79,0.86,0.86,0.85,0.83,0.86,-1.0,0.86,0.86,0.86,0.86,0.86,0.86,0.86,0.86,0.85,0.86,0.86,0.86,0.86,0.86,0.86,0.86,0.84,0.86,0.86,0.86,0.86,0.62,0.86,0.86,0.86,0.86,0.73,0.86,0.86,0.86,0.86,0.86,0.86,0.86,0.86,0.86,0.86,0.86,0.86,0.86,0.86,0.85,0.75,0.86,0.86,0.86,0.84,-1.09,0.86,0.86,0.86,0.86,0.86,0.85,0.86,-1.1,0.86,0.85,-1.14,0.86,0.82,0.85,0.86,-1.04,0.86,0.85,0.85,-1.04,0.84,0.84,0.85,0.86,0.86,0.86,0.86,0.86,0.86,0.86,0.86,0.86,0.86,0.84,0.73,-1.24,0.85,0.85,0.86,0.86,0.85,0.86,0.85,0.86,0.86,0.86,0.86,0.86,0.86,0.86,0.84,0.86,0.86,0.86,0.86,-1.03,0.84,-1.1,0.86,0.86,0.86,0.86,0.86,0.86,0.86,0.86,0.86,-1.02,0.86,-1.02,0.86,0.79,0.86,0.86,0.86,0.86,0.86,0.86,0.85,0.86,0.86,0.84,0.86,0.85,0.86,0.86,0.86,0.84,0.82,0.85,0.84,0.86,-1.1,0.86,0.86,0.86,0.86,0.85,0.86,0.86,0.86,0.86,0.86,0.86,0.86,0.86,0.86,0.84,0.86,0.73,0.8,0.86,0.86,0.86,0.85,0.84,0.86,0.86,0.84,0.86,0.86,0.82,0.86,0.86,0.86,0.86,0.86,0.86,0.84,-1.14,0.86,0.86,0.84,0.86,0.85,0.86,0.86,0.86,0.86,0.86,0.86,0.86,0.86,0.86,0.86,0.86,0.86,0.86,0.86,0.86,0.86,0.86,0.86,0.86,0.86,0.86,0.83,0.86,0.86,0.86,0.86,0.85,0.84,0.86,0.86,0.86,0.86,0.86,0.82,0.86,0.86,0.86,0.85,0.86,0.86,0.84,0.84,0.86,0.86,0.86,0.86,0.86,0.86,0.85,0.84,0.86,0.86,0.86,0.86,0.78,0.86,0.86,0.85,0.86,0.85,-1.12,0.86,0.86,0.85,0.86,0.86,0.86,0.86,0.84,0.86,-1.11,0.84,0.84,0.86,0.86,0.85,0.86,0.86,0.86,0.86,0.86,-1.04,0.85,0.86,0.85,0.79,0.86,0.85,0.85,0.83,-1.03,-1.15,0.86,0.86,0.72,0.85,0.86,0.86,0.86,-1.12,0.85,0.85,0.86,0.86,0.86,0.86,0.86,0.83,0.86,0.86,-1.04,0.86,0.86,0.86,0.85,0.85,0.86,0.86,0.86,0.86,0.86,0.86,0.86,0.86,0.86,-1.09,0.86,0.86,0.86,0.86,0.86,0.86,0.85,0.84,0.86,0.86,0.86,0.86,0.86,0.8,-1.12,0.86,-1.12,-1.01,-1.0,0.69,0.85,0.86,0.85,0.86,0.85,0.84,0.86,0.76,0.77,0.85,0.85,0.85,0.86,0.86,0.84,0.86,0.86,0.86,0.84,0.86,0.86,0.86,0.86,0.85,0.86,0.86,0.86,0.86,0.86,0.86,0.86,0.85,0.86,0.86,0.86,0.86,0.86,-1.11,0.86,0.86,0.86,0.86,0.86,0.86,0.86,0.84,0.86,0.86,0.86,0.86,0.86,0.86,0.86,0.86,0.74,0.86,0.85,0.86,0.86,0.86,0.85,0.86,0.86,0.86,0.86,0.86,0.83,-1.11,0.86,0.85,0.84,-1.14,0.86,0.86,0.86,0.83,0.86,0.86,0.85,0.86,0.86,-1.12,0.85,0.85,0.86,0.86,0.84,0.86,-1.0,0.86,0.86,0.86,0.84,0.86,0.86,0.86,0.85,0.86,0.86,0.86,0.75,0.86,0.86,0.86,0.85,0.86,0.86,0.86,0.83,0.86,0.86,0.86,0.85,0.86,0.86,0.86,-1.2,0.84,0.86,0.78,0.86,0.86,0.86,0.85,0.85,0.75,0.86,0.86,0.86,0.86,0.84,0.74,0.86,0.86,0.83,0.86,0.86,0.84,-1.12,0.86,0.83,0.81,0.86,0.86,0.86,0.86,-1.03,0.86,0.86,0.86,0.86,0.86,0.86,0.85,0.86,0.86,0.86,0.86,0.86,0.86,0.86,0.86,0.86,0.86,0.86,0.84,0.85,-1.07,0.86,0.86,-1.09,0.85,0.86,0.86,0.86,0.86,0.84,0.75,0.86,-1.07,0.86,0.86,0.86,-1.14,0.84,0.85,0.84,0.84,0.85,0.86,0.86,0.86,0.83,0.86,0.86,0.86,0.86,0.85,0.86,0.86,0.75,0.86,0.86,0.86,0.86,0.86,0.85,0.86,0.86,0.86,0.78,0.86,0.86,0.86,0.86,0.86,0.86,0.86,0.79,0.84,0.85,0.8,0.86,-1.12,0.86,0.85,0.86,0.86,0.86,0.86,0.86,0.86,-1.17,0.86,0.86,0.86,0.86,0.86,0.81,0.85,0.85,0.81,0.86,-1.1,0.86,0.78,-1.09,0.86,0.8,0.86,0.86,0.86,0.83,0.86,-1.04,0.85,0.85,0.85,0.86,0.86,0.86,0.86,0.86,0.86,0.84,0.86,0.86,0.86,0.86,0.86,0.86,-1.02,0.81,0.85,0.85,0.86,0.86,0.84,0.86,0.86,0.81,0.86,0.86,0.86,0.84,0.86,0.84,0.86,-1.04,0.86,0.86,0.86,0.86,0.86,0.8,0.86,0.86,0.86,-1.13,0.86,0.85,0.85,0.85,0.85,0.85,0.85,0.86,0.86,0.86,0.86,0.86,0.86,0.86,0.86,0.86,0.86,0.86,0.86,0.86,0.86,0.86,0.86,0.86,0.86,0.86,0.86,0.86,0.86,0.86,0.86,0.86,0.86,0.86,0.86,0.86,0.86,0.86,0.86,0.84,0.82,0.86,0.86,0.86,0.86,0.85,0.86,0.85,0.86,0.85,0.86,0.86,0.86,0.85,0.86,0.86,0.86,-1.11,0.86,0.83,0.86,0.86,0.85,0.86,0.86,-1.13,-1.01,0.86,0.86,0.86,0.73,0.85,0.86,0.86,0.86,0.85,0.86,0.82,0.86,0.86,0.86,0.86,0.86,0.86,0.84,0.86,-1.08,0.85,0.86,-1.05,0.85,0.86,0.85,0.86,0.84,0.86,0.86,0.86,0.86,-1.13,0.72,0.86,-1.15,0.86,-1.12,0.85,0.85,-1.12,0.7,0.85,0.84,0.86,0.86,0.86,0.86,0.84,0.86,0.84,0.86,0.86,0.86,0.84,0.86,0.86,0.86,0.86,0.86,0.84,0.86,0.86,0.86,0.72,0.86,0.86,0.86,0.86,0.86,0.86,-1.14,0.86,0.85,0.85,0.86,0.85,0.73,0.86,0.86,-1.13,0.85,0.86,0.86,0.86,0.86,0.86,0.86,0.85,0.86,0.86,-1.05,0.86,0.85,0.86,0.86,0.86,-1.13,0.84,0.86,0.86,-1.0,0.86,0.86,0.84,0.86,0.86,-1.13,0.86,-1.11,0.86,0.86,0.86,0.82,0.86,0.86,0.86,0.86,0.86,0.86,0.86,0.86,0.86,0.86,0.86,0.86,0.86,-1.09,0.85,0.86,0.86,0.85,0.83,0.86,0.86,0.86,0.86,0.85,0.85,0.86,0.86,0.86,0.86,0.86,0.84,0.86,0.85,0.86,0.86,-1.03,0.86,0.85,0.85,0.86,0.86,0.85,-1.04,0.86,0.86,0.86,0.86,0.86,0.86,0.86,0.85,0.86,0.85,0.85,0.84,0.85,0.85,-1.13,0.86,0.86,0.86,0.85,0.86,-1.03,-1.16,0.86,0.86,0.86,0.86,-1.03,0.86,0.84,0.83,0.86,0.86,0.86,0.85,0.86,0.86,0.84,0.86,0.86,0.86,0.86,0.84,0.86,0.86,0.86,0.86,0.85,0.86,0.86,0.86,0.86,0.86,0.86,0.86,0.86,0.82,0.86,0.86,0.86,0.85,0.85,0.86,-1.09,0.86,0.86,0.84,0.86,0.86,-1.04,0.85,0.86,0.86,0.86,0.86,0.86,0.86,0.86,0.86,0.86,-1.03,0.86,0.85,0.86,0.86,0.86,0.85,0.86,0.86,0.86,0.86,0.86,0.86,0.86,0.77,0.84,0.86,0.86,0.86,0.86,0.86,0.85,-1.04,0.84,0.86,0.86,0.86,0.86,0.86,0.86,0.86,0.84,0.86,-1.03,0.86,0.85,0.86,0.77,0.86,0.85,0.86,0.86,0.8,0.86,0.86,0.86,0.86,0.86,0.82,0.86,0.86,0.86,0.86,0.86,0.86,0.86,0.86,0.86,0.84,0.86,-1.0,0.86,0.86,0.86,0.86,0.69,0.86,0.85,0.86,0.86,0.86,0.84,0.86,0.86,0.86,0.86,0.71,0.86,0.86,0.84,0.85,0.83,0.86,0.86,0.85,0.86,0.85,0.86,0.86,0.86,0.86,0.81,0.86,0.86,0.86,0.74,0.86,0.81,0.86,-1.03,0.86,0.86,0.86,0.85,0.86,0.86,0.86,0.86,0.86,0.86,0.86,0.84,0.86,0.84,0.86,0.86,0.86,0.86,0.86,0.84,0.78,-1.02,0.81,0.86,0.86,0.83,-1.12,0.85,0.84,0.85,0.86,0.86,0.86,0.85,0.86,0.86,0.86,0.86,0.86,0.86,0.86,0.86,0.86,0.86,-1.01,0.86,0.86,0.86,0.86,0.86,-1.13,0.85,0.86,0.86,0.86,0.86,0.86,-1.09,0.83,0.84,0.86,0.85,0.86,0.86,0.86,0.83,0.86,0.86,0.86,0.86,0.86,0.85,0.85,0.83,0.86,0.86,0.86,0.83,0.86,-1.03,0.86,0.86,0.85,0.85,0.86,0.84,0.86,0.85,0.86,0.86,-1.06,0.86,0.84,0.84,-1.12,0.86,0.86,0.86,0.86,0.86,0.86,0.86,0.86,0.86,0.86,0.86,0.86,0.86,-1.07,0.86,0.86,0.85,0.86,0.85,0.86,0.85,-1.13,0.86,0.86,0.86,0.84,-1.02,0.84,0.86,0.85,0.86,0.86,0.86,0.86,0.78,0.86,0.86,0.86,0.86,-1.03,-1.1,0.86,0.84,0.86,0.86,0.86,0.85,0.84,0.86,-1.05,0.7,0.85,0.85,0.85,0.86,0.82,0.84,0.86,0.86,0.83,0.85,0.71,0.86,0.84,0.85,0.85
-1.02,0.52,-1.27,-1.04,0.75,-1.44,-1.14,-1.11,0.83,0.66,-1.02,-1.07,0.84,0.69,-1.09,0.81,-1.07,0.84,0.81,0.79,-1.19,0.83,-1.04,-1.11,0.83,-1.11,0.77,-1.06,0.79,0.86,0.8,-1.05,0.8,-1.28,-1.03,0.84,0.84,-1.11,0.84,0.66,0.86,-1.03,0.83,0.86,0.83,0.85,0.82,0.84,0.86,0.84,0.83,-1.02,0.85,0.86,0.83,0.81,0.86,0.86,0.86,0.86,0.86,0.86,0.85,0.86,-1.0,0.86,0.86,0.86,0.82,0.86,0.86,0.86,0.86,0.85,0.86,0.86,0.86,0.86,0.86,0.86,0.86,-1.02,0.86,0.86,0.86,0.86,-1.1,0.86,0.82,0.86,0.86,0.86,0.86,0.86,0.84,-1.13,0.85,0.86,0.86,0.85,-1.0,0.77,0.86,0.86,0.86,-1.13,0.86,0.84,0.86,0.86,0.86,0.86,0.86,0.86,0.86,0.83,0.86,-1.12,0.86,0.86,0.86,0.85,0.86,0.86,0.86,0.86,0.85,0.8,0.86,0.86,0.86,0.86,0.86,0.86,0.85,0.85,0.85,0.86,0.86,0.84,0.86,0.86,0.72,0.86,0.84,0.86,0.86,0.86,0.86,0.86,0.86,0.84,0.86,0.85,0.86,0.86,0.75,0.86,0.86,0.86,0.86,0.86,0.86,0.84,0.86,0.85,0.77,0.84,0.86,0.86,0.86,0.86,0.86,0.86,0.86,0.86,0.84,0.86,0.86,0.86,0.86,0.86,0.86,0.83,-1.03,-1.08,0.86,0.86,-1.12,0.84,0.86,0.86,0.84,0.86,0.86,0.86,0.86,0.86,0.86,0.86,0.86,0.86,0.86,0.86,0.86,0.86,-1.03,0.86,0.86,0.86,0.86,0.86,0.86,0.86,0.86,0.86,0.86,0.86,0.86,0.86,0.86,0.86,0.86,0.86,0.86,0.86,-1.05,0.86,0.86,0.86,0.86,0.86,0.86,0.86,0.86,0.86,0.82,0.86,0.85,0.86,0.86,0.86,0.86,0.86,0.86,0.86,0.86,0.86,0.86,0.86,0.85,0.86,0.86,0.85,0.84,0.86,0.86,0.86,0.86,0.86,0.86,0.68,0.86,0.85,0.81,0.86,0.86,0.85,0.86,0.86,0.76,0.85,0.86,0.8,0.86,0.86,-1.08,0.86,0.86,0.85,0.86,0.86,0.86,0.85,0.84,0.86,0.86,0.86,0.85,0.86,0.86,0.83,0.86,0.86,0.86,-1.15,0.86,0.86,0.86,0.85,0.86,0.85,0.86,0.86,0.86,0.86,0.86,0.84,0.86,0.86,0.86,0.86,0.86,0.85,0.86,0.86,0.86,-1.14,-1.14,0.86,0.86,-1.09,0.86,0.86,0.86,0.86,0.86,0.86,0.86,0.86,0.86,0.84,0.86,0.86,0.86,0.86,0.86,0.86,0.86,0.86,0.83,0.86,0.86,0.85,0.86,0.85,0.86,0.83,0.81,0.86,0.86,0.86,0.86,0.85,0.86,0.86,0.86,0.86,0.86,0.86,0.86,0.86,0.86,0.86,0.86,-1.13,0.76,0.86,0.86,0.86,0.85,-1.12,0.86,0.86,0.86,0.86,0.84,0.86,0.86,0.85,0.71,0.86,0.83,0.86,0.86,0.86,0.86,0.86,0.86,0.86,0.86,0.85,0.86,0.86,0.86,-1.07,0.86,0.86,0.86,0.86,0.86,0.86,0.86,0.85,0.84,0.86,-1.04,0.86,0.86,0.86,0.86,0.86,0.86,0.86,0.86,0.86,0.86,0.86,0.86,0.79,0.86,0.86,0.86,0.86,0.73,0.86,-1.1,0.82,0.86,0.86,0.86,0.86,0.86,0.86,-1.05,0.86,0.84,0.86,0.86,0.86,-1.04,0.85,0.86,0.86,0.85,0.86,0.84,-1.1,0.86,0.86,-1.1,0.86,0.86,0.86,0.86,0.83,0.86,0.86,0.86,0.86,0.85,0.86,0.86,0.86,0.86,-1.15,0.84,0.86,0.86,0.86,0.86,0.86,0.85,0.85,0.86,0.86,0.86,0.86,0.86,0.7,0.86,0.86,0.84,0.86,0.86,0.86,0.85,0.86,0.79,0.86,-1.09,0.85,0.86,0.86,0.86,0.86,0.86,0.86,0.86,0.86,0.86,0.86,0.86,0.86,0.86,0.86,-1.02,0.86,0.86,0.86,0.86,0.86,0.86,0.86,0.86,0.86,0.86,0.86,-1.01,0.86,0.86,-1.0,0.86,0.86,-1.0,0.86,0.85,0.86,0.86,0.86,0.86,-1.06,0.86,0.84,0.86,0.86,-1.13,0.86,0.86,0.86,0.86,0.86,0.83,0.86,0.86,-1.1,0.85,0.86,0.86,0.86,0.86,0.86,0.86,0.86,0.86,-1.12,0.86,0.85,0.85,0.86,0.86,0.86,0.86,0.86,0.86,0.86,0.85,0.86,0.86,0.86,0.84,-1.05,0.85,0.86,0.86,-1.09,0.86,0.86,0.86,0.86,0.86,-1.14,0.86,0.85,0.86,0.83,0.85,0.86,0.86,0.84,0.86,-1.03,0.85,0.86,0.86,0.85,0.86,0.86,0.81,0.86,0.84,0.86,0.86,-1.0,0.86,0.86,0.84,0.84,0.86,0.85,-1.23,0.86,0.86,0.86,0.86,0.86,0.86,0.86,0.84,0.84,0.86,0.86,0.86,0.86,0.86,0.86,0.84,-1.01,0.86,0.85,0.86,0.86,0.86,-1.01,0.85,0.86,0.86,0.85,0.86,-1.04,0.86,-1.12,0.86,0.86,0.86,-1.03,0.86,0.85,0.86,0.84,0.84,0.86,0.86,0.86,0.86,0.86,0.86,0.86,0.86,0.86,0.86,0.85,0.86,0.78,0.86,0.86,0.86,0.86,0.86,0.86,0.86,0.86,0.86,0.86,0.86,0.86,0.86,0.86,0.84,-1.13,0.86,0.86,0.84,0.86,0.86,0.84,0.86,0.86,0.86,0.86,0.86,0.86,0.86,0.86,0.86,0.85,0.86,0.86,0.86,0.86,0.86,0.86,0.84,0.86,0.86,0.85,0.86,-1.13,0.86,0.84,0.86,0.86,0.86,0.86,0.85,0.86,0.86,0.86,0.86,0.86,0.86,0.86,0.86,0.86,0.86,0.86,0.86,-1.09,0.86,0.86,0.86,0.86,0.86,0.86,0.86,0.86,0.86,0.86,0.86,0.86,0.86,0.86,0.86,0.86,0.86,0.86,0.86,0.86,0.86,0.86,0.86,0.86,0.86,0.86,0.84,0.86,0.86,0.84,0.86,0.86,0.86,0.86,0.86,0.86,0.86,0.86,0.86,0.86,0.86,-1.01,0.84,0.86,0.86,0.86,-1.09,0.85,0.86,0.86,0.86,0.85,0.86,0.86,0.86,0.85,0.86,0.86,0.86,0.86,0.86,-1.09,0.86,0.84,0.86,0.86,0.86,0.86,0.84,0.86,0.86,0.86,0.86,0.86,0.86,0.86,0.77,0.86,0.86,0.86,0.86,0.86,0.81,0.86,0.86,0.86,0.86,0.86,0.86,0.86,0.86,0.86,0.86,0.86,0.86,0.86,0.86,0.86,0.86,0.86,0.86,0.86,0.86,0.86,0.86,0.85,0.85,0.85,0.86,0.86,0.86,0.86,0.86,0.86,-1.15,0.86,0.86,0.86,0.86,0.86,0.86,0.86,0.86,0.86,-1.09,0.86,0.86,0.86,0.86,0.86,0.86,-1.13,0.84,0.86,0.86,0.86,0.86,0.86,0.84,0.84,0.85,0.86,0.86,0.84,0.86,0.86,0.85,0.86,0.86,0.86,0.86,0.86,0.86,0.76,0.79,0.86,0.86,0.86,0.86,0.71,0.86,0.84,0.86,0.86,0.86,0.86,0.86,0.83,0.86,0.86,0.86,-1.04,0.86,-1.06,0.86,0.86,0.86,0.84,0.86,0.86,0.86,0.86,0.85,0.86,0.86,0.86,0.86,0.86,0.86,0.86,0.86,0.85,0.86,-1.09,0.86,-1.01,-1.01,0.86,0.86,0.86,0.86,0.86,0.85,0.86,0.86,0.86,0.86,-1.01,0.86,0.86,0.86,0.86,0.86,0.84,0.86,0.86,0.86,0.86,0.86,0.86,0.86,0.86,0.86,0.83,0.83,0.86,0.86,0.86,0.86,0.85,0.85,0.86,0.86,0.86,0.76,0.86,0.81,0.86,0.86,0.86,0.86,0.86,0.86,0.86,0.86,0.86,0.86,0.86,0.85,0.86,0.86,0.86,0.86,0.86,0.86,0.86,0.85,0.86,0.86,0.86,0.86,0.86,0.85,0.86,0.85,0.86,0.86,0.85,0.86,0.86,0.86,-1.0,-1.0,0.86,0.84,0.86,0.86,0.86,0.86,0.86,-1.06,0.86,0.85,0.85,0.86,0.86,0.86,0.86,0.86,0.85,0.86,0.86,0.86,0.86,0.85,0.85,-1.07,0.84,0.86,0.85,0.86,0.85,0.86,0.86,0.86,0.86,0.86,0.86,-1.13,0.86,0.85,0.86,0.84,0.86,0.86,0.84,0.86,0.86,0.86,0.86,0.86,0.86,0.83,0.86,0.86,0.86,-1.02,0.86,0.86,0.84,0.85,0.86,0.86,0.85,0.86,0.86,0.86,0.86,0.86,0.86,-1.09,0.86,0.86,0.86,0.86,0.86,0.86,0.86,0.86,0.86,0.86,0.86,-1.07,-1.0,-1.12,-1.13,0.86,0.86,0.86,0.86,-1.03,-1.04,0.86,0.86,-1.04,0.85,0.85,0.8,0.86,0.86,0.84,0.86,0.86,0.86,0.86,0.84,0.86,0.84,0.86,0.86,-1.03,0.86,0.86,0.86,0.73,0.86,0.84,0.86,0.86,0.86,0.86,0.86,0.86,0.84,0.8,0.84,0.86,0.85,0.86,0.86,0.66,0.86,0.86,0.86,-1.06,0.86,0.86,0.86,0.85,0.86,0.84,0.83,0.86,0.86,0.85,0.86,0.86,0.85,0.86,0.86,-1.13,0.84,0.86,0.8,0.86,0.86,-1.13,0.86,0.75,0.86,0.81,0.86,0.84,0.86,0.85,0.86,0.86,0.86,0.86,0.82,0.86,0.86,0.86,0.86,0.86,0.86,0.86,0.86,0.84,0.86,0.86,0.86,0.86,0.86,0.86,0.86,0.86,0.86,0.86,0.86,0.86,0.85,0.86,0.86,0.86,0.86,-1.12,0.86,0.86,0.86,0.86,0.86,0.84,0.86,0.86,0.73,0.86,0.86,0.85,0.86,0.86,0.86,0.64,0.86,0.86,0.86,-1.12,0.85,0.86,0.86,0.85,0.84,0.86,0.85,0.86,0.86,0.86,0.86,0.86,0.86,0.86,0.86,0.86,0.86,0.86,0.86,0.77,0.86,0.85,0.84,0.86,-1.07,0.85,-1.05,0.86,-1.02,0.85,0.86,0.86,0.86,-1.06,0.86,0.86,0.86,0.86,0.86,0.73,0.84,0.86,0.71,0.7,0.86,0.86,0.86,0.86,-1.04,0.86,-1.04,-1.03,0.83,0.86,0.86,0.86,0.86,0.86,0.85,0.86,0.83,0.86,0.86,0.86,0.86,0.86,0.86,0.86,0.86,0.84,0.84,0.86,0.86,0.85,0.86,0.86,0.86,0.86,0.84,0.86,0.86,0.82,0.86,0.86,0.85,0.84,0.86,0.84,0.82,0.86,-1.04,0.86,0.86,0.86,0.86,0.86,0.86,0.86,0.84,0.86,0.86,0.86,0.84,0.76,0.86,0.86,0.86,0.86,0.86,0.86,0.85,0.86,0.86,0.86,0.84,0.85,0.86,-1.04,0.86,0.86,0.86,0.86,0.86,0.83,0.86,0.86,0.86,0.86,0.86,0.86,0.86,0.86,0.86,0.86,0.8,0.86,-1.05,0.82,-1.02,0.86,0.86,0.85,0.79,0.86,0.86,0.86,0.86,0.86,0.86,0.86,0.86,0.86,0.86,0.86,0.86,-1.08,0.86,0.85,0.85,0.86,0.86,0.85,0.86,0.86,-1.11,0.82,0.86,-1.12,0.86,0.85,0.81,0.86,0.86,0.86,-1.12,0.86,0.86,0.83,-1.14,0.86,0.86,0.86,-1.11,0.86,0.84,0.86,0.85,0.86,0.86,0.86,0.86,0.86,0.86,0.86,0.86,0.86,0.86,0.86,0.86,0.86,0.86,0.86,0.86,0.82,0.86,0.86,0.86,0.86,0.86,0.85,0.86,0.86,0.86,0.86,-1.12,0.86,0.86,0.86,0.85,0.85,0.86,0.86,-1.08,0.86,0.86,0.86,0.86,0.86,0.86,0.85,0.86,0.86,0.86,0.86,0.85,0.85,0.86,0.86,0.85,0.86,0.86,-1.09,0.83,0.86,0.86,0.86,0.86,0.86,-1.02,0.83,0.86,0.86,0.86,0.86,0.86,0.71,0.86,0.86,0.85,0.85,0.84,0.86,0.86,0.86,0.85,0.86,0.86,-1.1,0.86,0.83,0.86,0.86,0.85,0.86,0.75,0.86,-1.11,0.86,0.86,0.85,0.86,0.86,0.86,-1.09,-1.14,0.86,0.84,0.86,0.84,0.84,-1.05,0.85,0.83,0.86,0.86,0.86,0.86,0.86,0.86,0.84,0.86,0.85,0.85,0.86,0.86,0.86,0.86,0.75,0.86,0.86,0.86,0.86,-1.01,-1.14,0.84,0.84,0.86,0.84,0.86,0.86,0.83,0.86,-1.11,0.77,0.86,0.86,0.86,0.86,0.84,0.86,0.86,0.86,0.84,0.86,0.86,0.85,0.86,0.86,0.86,0.86,0.86,0.86,0.86,0.79,0.86,0.86,0.86,0.86,0.86,0.86,0.85,0.86,0.86,0.75,0.86,0.82,-1.04,0.86,0.83,0.86,-1.11,0.86,0.86,0.86,0.86,0.85,0.86,0.86,0.86,0.86,0.85,0.86,0.86,0.86,0.86,0.86,0.86,0.86,-1.14,0.86,0.85,0.82,0.86,0.86,0.84,0.86,0.86,0.85,0.86,0.86,-1.09,0.86,0.86,0.86,0.86,-1.02,0.85,0.86,0.86,0.86,0.86,0.86,0.86,0.86,-1.02,0.84,0.86,0.86,0.86,0.86,0.85,0.71,0.84,0.67,0.71,0.86,0.86,0.86,0.86,0.86,0.84,-1.13,-1.05,0.85,0.86,0.84,0.85,0.79,0.86,0.86,0.86,0.86,0.86,0.86,0.86,0.86,0.82,0.85,0.85,-1.05,0.86,0.86,0.84,0.86,0.85,0.84,0.85,0.84,0.85,0.85,0.84,-1.08,0.86,0.86,0.84,0.86,-1.12,0.86,0.86,-1.1,0.86,0.85,0.86,0.86,-1.04,0.86,0.86,0.86,0.86,0.86,0.86,0.86,0.86,0.86,0.86,0.86,0.86,0.86,-1.03,0.86,0.86,0.86,0.86,0.85,0.86,0.84,0.79,0.86,0.86,0.84,0.86,0.86,0.84,0.86,0.86,0.71,0.86,0.86,0.86,0.85,0.86,0.86,0.86,0.74,0.86,0.84,-1.08,0.86,0.86,0.85,0.86,0.85,-1.12,0.75,0.85,0.86,0.85,0.86,0.85,0.86,0.86,0.86,0.86,-1.06,0.85,0.86,0.86,0.86,0.86,0.86,0.86,0.86,0.86,0.86,0.86,0.85,0.84,0.86,0.84,0.86,0.86,0.86,0.86,0.86,0.86,0.84,0.86,0.86,0.86,0.86,0.86,0.86,0.86,0.86,0.86,0.86,0.86,0.86,0.86,0.86,0.86,0.86,0.83,0.86,-1.04,0.86,0.86,0.86,0.86,0.86,0.86,0.86,0.86,0.86,0.86,0.86,-1.11,0.84,0.84,0.86,0.85,0.85,0.86,0.86,0.86,0.86,0.85,0.85,0.79,0.85,0.81,0.86,0.86,0.85,0.86,0.86,0.85,0.86,0.86,0.86,-1.12,0.85,0.86,0.86,0.84,0.86,0.86,0.85,0.84,0.86,0.86,0.86,0.86,0.86,0.74,0.86,0.86,0.86,0.85,0.86,0.86,0.86,0.86,0.86,0.86,0.86,0.86,0.86,0.86,0.86,0.85,-1.05,0.84,0.86,0.86,0.86,0.86,0.86,-1.08,0.85,0.86,0.86,0.86,0.86,0.86,0.86,0.86,0.86,0.86,0.86,0.86,0.86,0.86,0.86,0.86,0.85,0.83,0.86,0.86,0.86,0.84,0.86,-1.12,-1.14,0.86,0.86,-1.01,-1.06,-1.02,0.86,0.86,-1.1,0.85,0.85,0.83,0.86,0.86,-1.11,0.85,0.85,0.86,0.85,0.83,0.86,0.86,0.84,0.86,0.86,0.84,0.86,0.86,0.86,0.85,-1.03,0.86,0.84,0.83,0.86,0.85,0.86,0.83,0.86,0.83,0.86,0.85,0.86,0.86,0.86,0.86,0.86,0.84,0.86,0.86,0.85,0.86,0.86,-1.1,0.86,0.86,0.79,0.86,0.85,0.85,0.86,0.86,0.86,0.85,0.86,0.84,0.86,0.86,0.86,0.85,0.86,0.86,0.86,0.72,0.86,0.86,0.86,0.86,0.86,0.86,0.84,0.86,0.81,0.86,0.86,0.86,0.86,0.85,0.74,0.86,0.86,-1.02,0.86,0.86,0.86,0.86,0.86,0.86,0.86,-1.11,-1.01,0.84,0.82,0.86,0.86,0.86,0.86,0.82,0.86,0.86,0.85,0.86,0.86,0.86,0.86,0.86,0.86,0.86,0.86,0.86,0.85,0.76,0.86,0.86,0.78,0.85,0.85,0.85,0.86,0.85,0.86,0.84,0.86,0.85,0.86,0.84,0.86,0.86,0.86,0.86,0.86,0.86,0.86,0.86,0.86,0.83,0.86,0.86,0.86,0.86,0.84,0.86,0.86,0.86,0.85,0.85,0.86,0.78,0.86,0.86,0.86,0.85,0.86,0.85,0.86,0.86,0.86,0.86,0.86,0.86,0.86,0.86,0.86,0.86,0.86,0.86,0.86,0.85,0.86,0.86,0.83,0.86,0.73,-1.25,0.85,0.85,0.85,0.86,0.86,0.86,0.86,0.86,0.86,0.86,-1.06,0.86,0.86,0.86,0.86,-1.12,0.81,0.86,0.86,0.85,0.86,0.86,0.86,0.86,0.86,0.86,0.86,0.86,0.86,0.84,-1.06,-1.12,0.85,0.86,0.86,0.86,0.85,0.86,0.84,0.86,-1.08,0.86,0.86,0.82,0.86,0.86,0.85,0.86,0.86,0.85,0.85,0.86,0.85,0.86,-1.04,0.86,0.86,0.86,0.86,0.86,0.76,0.86,0.86,0.86,0.86,0.86,0.86,0.86,0.86,0.86,0.86,0.86,0.86,0.86,0.86,0.86,0.86,0.86,0.84,0.86,0.86,0.86,0.84,0.85,0.86,0.86,0.76,0.86,0.84,0.84,0.86,0.74,0.86,0.86,0.86,0.86,0.86,0.86,0.84,0.86,0.86,0.86,0.86,0.84,0.85,0.86,-1.02,0.86,0.84,0.86,0.72,0.86,0.86,0.85,0.86,0.86,0.86,0.85,0.85,0.86,0.85,0.86,0.86,0.86,0.86,0.86,0.86,-1.0,0.86,0.86,0.84,0.86,0.86,0.86,0.73,0.85,0.86,0.86,0.86,0.86,0.86,-1.09,0.85,-1.14,-1.14,0.86,0.86,0.86,0.85,0.85,0.86,0.86,0.77,0.86,0.86,0.86,0.86,0.86,0.86,0.86,0.86,0.86,0.86,0.86,0.84,0.86,0.86,0.86,0.86,0.85,0.85,0.86,0.86,0.86,0.86,0.86,0.86,0.86,0.86,0.86,0.86,0.86,0.82,0.86,0.86,0.86,0.85,0.85,0.86,0.86,-1.12,0.86,0.86,0.85,0.86,0.86,0.86,0.86,0.84,0.86,0.86,0.86,0.86,0.86,-1.04,0.85,0.83,0.86,0.85,0.85,0.86,0.86,0.86,0.86,0.85,0.86,-1.05,0.86,0.84,0.86,0.86,0.86,0.86,0.86,0.86,0.79,0.86,0.86,0.86,0.86,0.86,-1.0,0.86,0.86,0.86,0.86,0.84,0.86,0.72,0.86,0.85,0.86,0.86,-1.13,0.86,0.86,0.86,0.81,0.86,0.86,0.86,0.86,0.86,0.86,0.54,0.86,0.85,0.86,0.76,-1.02,0.86,-1.04,0.85,0.86,0.86,0.86,0.86,0.86,0.85,0.82,0.86,0.86,0.86,0.86,0.86,0.86,0.86,0.86,0.86,0.82,0.86,0.86,0.86,0.86,0.86,0.85,0.85,0.86,-1.13,0.86,0.86,0.86,0.86,0.86,0.86,0.86,-1.02,0.86,0.86,0.86,-1.08,0.86,0.86,0.85,0.86,0.86,0.86,0.86,0.86,0.86,0.86,0.86,0.86,0.86,0.86,0.86,0.86,0.85,0.86,0.86,0.86,0.86,0.86,0.86,0.86,0.86,0.86,0.86,0.86,0.86,0.86,0.86,0.86,0.86,0.86,0.78,0.86,0.86,0.86,0.86,0.86,0.86,0.86,0.86,0.84,-1.09,0.84,0.86,0.71,0.85,0.86,0.85,0.86,0.86,0.86,0.86,0.86,0.86,0.86,0.86,0.86,0.86,0.77,0.86,0.86,0.86,0.84,0.86,0.86,0.86,0.86,0.86,0.85,0.86,0.86,-1.03,0.86,0.85,0.86,-1.14,0.84,0.86,0.86,0.84,0.84,0.86,0.85,0.86,0.86,0.86,0.86,0.85,0.86,0.86,0.86,-1.11,0.84,0.85,0.86,0.86,0.85,0.83,0.86,0.86,-1.12,-1.13,0.86,0.86,0.86,0.84,-1.11,0.85,0.85,0.84,0.86,0.77,0.86,0.86,0.77,0.86,0.86,0.82,0.86,0.86,0.84,0.86,0.86,0.86,0.86,0.86,0.85,0.84,0.86,0.83,0.86,0.86,0.84,0.86,0.84,0.86,0.85,0.86,-1.08,0.86,0.86,0.86,0.86,0.86,0.86,0.86,0.86,0.85,0.86,-1.0,0.86,0.86,0.85,0.86,0.81,0.86,0.86,0.86,0.86,0.86,0.86,0.85,0.73,0.86,0.86,0.76,0.85,0.86,0.84,0.86,0.86,0.86,0.86,0.86,0.84,0.86,0.86,0.86,0.86,0.86,0.86,0.86,0.86,0.86,0.85,0.84,0.86,0.86,0.86,0.86,0.86,-1.1,0.85,0.86,0.86,0.86,0.86,0.86,-1.03,0.82,-1.08,-1.04,0.86,0.85,0.85,0.86,0.86,0.86,0.83,0.86,0.86,0.86,0.83,0.86,0.75,0.86,-1.07,-1.05,0.84,0.86,0.84,0.84,0.85,0.86,0.86,0.86,0.86,0.86,0.85,0.86,0.86,0.84,0.86,0.86,0.86,0.86,0.85,0.86,0.86,0.85,0.84,0.86,0.86,0.86,0.85,0.85,0.85,0.86,0.86,0.85,0.79,0.86,0.86,0.86,0.86,0.86,0.86,0.84,0.86,0.8,0.86,0.86,0.86,0.85,0.86,0.86,-1.03,0.86,0.84,0.86,0.86,0.85,0.86,0.86,0.86,0.86,0.86,0.86,0.86,0.86,0.86,0.85,0.86,0.86,0.86,0.86,0.86,0.86,0.86,0.86,0.86,0.86,0.86,0.86,0.76,0.86,0.86,0.86,-1.02,0.86,0.86,0.86,0.86,0.86,0.86,0.86,0.86,0.86,0.86,0.86,0.86,0.86,0.85,0.86,0.86,0.86,0.86,0.86,0.86,0.85,0.84,0.86,0.86,0.85,0.86,0.86,0.85,0.86,0.86,0.86,0.86,0.86,0.86,0.86,0.86,0.86,0.86,0.86,0.86,0.86,0.84,0.86,0.85,0.86,0.86,0.86,0.84,0.86,0.86,0.86,0.86,0.86,0.86,0.86,0.86,0.86,0.86,-1.07,-1.02,0.86,0.85,0.86,0.86,0.86,0.86,0.84,0.86,0.86,0.86,0.85,0.86,0.85,0.86,0.86,0.86,0.86,0.86,0.78,0.86,0.82,0.86,0.86,0.86,0.86,0.86,0.82,0.86,0.8,0.81,0.86,0.86,0.86,0.85,0.76,0.85,0.72,0.86,0.86,0.86,-1.12,0.86,0.85,-1.12,0.84,0.85,-1.05,0.83,0.77,0.86,0.85,0.86,0.84,0.85,0.84,-1.04,0.86,0.86,0.86,0.75,-1.01,0.83,0.86,0.85,0.86,0.86,0.82,0.86,0.86,0.85,0.74,0.86,-1.03,0.84,0.86,0.86,0.84,0.86,0.85,0.86,0.86,0.85,-1.12,0.86,0.86,0.86,0.85,0.86,0.81,0.86,0.86,0.86,-1.06,0.86,0.84,0.86,0.86,0.86,0.86,0.86,0.86,0.85,0.86,0.86,0.85,0.86,0.86,0.84,0.79,0.86,0.78,0.86,0.81,0.86,0.86,0.86,0.86,0.86,0.86,0.85,0.86,0.86,0.79,0.86,0.86,0.86,0.86,0.86,0.83,0.86,0.86,0.86,0.84,0.72,0.86,0.86,-1.08,0.86,-1.2,0.86,0.85,-1.02,0.85,0.86,0.85,0.86,0.82,0.76,0.82,0.85,0.86,0.86,0.86,0.85,0.86,0.86,0.86,0.86,0.86,0.86,-1.01,-1.11,0.85,0.85,0.78,0.85,0.86,0.86,0.86,0.86,0.86,0.83,-1.0,-1.03,0.86,-1.01,0.8,0.84,0.85,-1.0,0.86,0.86,0.86,0.86,0.85,0.77,0.86,0.79,0.86,0.86,0.86,0.85,0.84,0.85,0.86,0.86,0.86,0.86,0.86,0.86,0.84,0.86,0.86,0.84,-1.03,0.86,-1.11,0.86,0.85,0.86,0.86,0.86,0.86,0.86,-1.13,0.84,0.86,0.86,0.86,0.86,0.85,0.86,0.84,0.85,0.86,0.86,0.86,0.86,0.85,0.84,0.86,0.86,0.86,0.86,0.86,0.85,0.86,0.86,0.86,0.86,0.86,0.86,0.86,0.86,0.86,0.86,0.86,0.86,0.86,0.86,0.86,0.86,0.86,0.85,-1.13,0.86,0.86,0.86,0.86,0.86,0.86,0.86,-1.13,0.86,0.86,0.81,0.86,0.85,0.86,0.86,0.86,0.86,0.86,0.86,0.86
0.84,-1.1,-1.05,0.84,0.82,0.8,-1.0,0.86,-1.1,0.64,-1.03,0.72,-1.1,0.67,-1.02,-1.03,-1.08,0.82,-1.41,0.81,-1.11,0.76,-1.05,0.72,0.86,-1.12,0.83,0.76,0.83,-1.27,0.77,0.86,0.72,0.81,0.79,0.77,0.74,0.83,0.86,0.79,0.84,-1.05,0.86,0.82,0.77,0.85,-1.23,0.84,0.86,-1.09,0.82,0.86,-1.03,0.86,0.86,0.83,0.84,0.86,-1.05,0.85,0.84,0.86,0.85,0.85,0.86,0.85,-1.02,0.86,0.86,0.86,0.86,-1.0,0.82,0.85,0.86,0.86,0.86,0.86,0.86,0.85,0.84,0.86,0.86,0.86,0.83,0.86,0.86,0.86,0.85,0.86,0.84,0.86,0.85,0.73,0.85,-1.02,0.79,0.86,0.86,0.85,0.85,0.86,0.86,0.86,0.84,0.86,0.86,0.86,0.86,0.86,0.84,0.86,0.84,0.86,0.86,0.86,0.86,0.86,0.86,0.85,0.86,0.86,0.86,0.86,0.86,0.86,0.85,0.86,0.75,-1.1,0.86,0.86,0.86,-1.03,0.86,0.84,0.86,0.86,0.86,0.86,0.86,0.86,0.85,0.86,0.84,0.86,0.86,0.86,0.85,0.86,0.86,0.86,0.86,0.86,0.86,0.86,0.78,0.86,0.86,0.86,0.86,0.86,0.86,0.86,0.86,0.84,-1.08,0.86,0.86,0.86,0.86,0.86,0.86,0.86,0.86,-1.12,0.86,0.86,0.85,0.86,0.76,0.86,0.85,0.86,-1.12,0.86,0.86,0.84,0.83,0.86,0.86,0.86,0.86,0.86,0.86,0.86,0.86,0.84,0.86,0.86,0.86,0.86,0.86,-1.13,0.86,0.84,0.85,0.86,0.78,0.86,0.86,0.86,0.86,0.86,-1.05,0.86,0.84,0.86,0.86,0.86,0.86,0.86,0.85,0.86,0.86,0.86,0.86,0.86,0.86,0.86,0.73,0.85,0.86,0.85,0.86,0.86,0.72,0.86,0.86,0.86,-1.17,0.86,0.86,0.86,0.86,-1.12,0.86,0.83,0.86,0.86,0.86,0.74,0.85,0.86,0.86,0.84,0.86,0.86,0.86,0.86,0.85,0.86,0.86,-1.06,0.86,0.85,0.8,0.86,-1.07,0.86,0.86,0.86,-1.06,0.82,-1.12,0.86,0.86,-1.14,0.86,0.86,0.86,0.86,0.86,0.85,0.84,-1.07,0.86,0.86,0.86,0.86,0.86,0.86,0.79,0.85,-1.11,0.86,0.85,0.86,0.86,0.86,-1.03,0.84,0.86,0.86,0.86,0.86,0.86,0.86,0.84,0.81,0.86,0.86,0.86,-1.12,0.82,0.86,0.86,0.84,0.86,0.86,0.86,0.86,0.86,0.86,0.86,-1.0,0.84,0.86,0.86,0.86,0.86,0.86,0.78,0.86,0.86,0.86,0.86,0.86,0.86,0.86,0.86,0.86,0.86,0.85,0.86,0.86,0.86,0.86,0.85,0.83,0.86,0.86,0.86,0.86,0.86,0.77,0.86,-1.13,0.86,0.86,0.86,0.86,0.86,0.85,0.85,0.85,0.86,0.85,0.86,0.86,0.86,0.85,0.85,0.86,0.86,0.86,0.82,0.86,0.86,0.86,0.86,0.86,0.85,0.86,0.86,0.86,0.86,0.86,0.86,0.86,0.86,0.86,0.86,0.86,0.86,0.86,0.86,0.86,0.86,0.85,0.86,0.86,0.86,0.86,0.86,0.86,0.86,0.86,0.86,0.85,0.86,0.86,0.86,0.86,0.86,0.86,0.86,0.86,0.86,-1.14,0.86,0.86,0.86,0.85,0.86,0.83,0.86,0.86,0.68,0.86,0.86,0.86,0.86,0.86,0.86,0.86,0.78,0.85,0.86,0.86,0.86,0.86,0.84,0.85,0.86,0.86,0.7,0.84,0.86,0.86,0.86,0.86,0.86,0.86,0.76,-1.01,0.86,0.86,0.85,0.83,0.86,0.86,0.86,0.86,0.86,0.86,0.78,0.86,0.86,0.86,0.86,-1.08,0.84,0.85,0.86,0.76,0.86,0.86,0.86,0.86,-1.09,0.86,0.86,0.86,0.81,0.86,0.86,0.86,-1.05,0.86,0.86,0.86,0.86,0.85,0.86,0.86,0.86,0.86,-1.12,0.86,0.85,0.84,0.86,0.86,0.86,0.86,0.86,0.86,0.86,0.86,0.86,0.84,0.86,0.86,0.86,0.86,0.85,0.86,0.86,0.86,0.86,0.86,0.86,0.85,0.86,0.86,0.84,0.85,0.86,0.86,0.82,0.85,0.86,0.74,0.86,0.86,0.83,0.86,0.85,-1.04,0.86,-1.02,0.86,0.86,0.86,0.86,0.85,0.86,0.86,0.86,0.86,0.85,0.86,0.86,0.86,0.86,0.86,-1.12,0.84,0.86,0.85,0.86,0.86,0.86,0.81,0.86,0.85,0.83,0.86,0.86,-1.08,0.86,0.75,0.85,0.86,0.7,-1.11,-1.07,0.84,0.86,-1.0,0.86,0.84,0.84,0.86,0.86,-1.13,0.79,0.86,0.86,0.86,0.86,-1.06,0.86,0.85,0.86,0.86,0.86,0.85,0.86,0.86,0.86,0.86,0.86,0.86,0.86,0.86,0.86,0.86,0.86,0.86,0.84,-1.09,0.86,-1.01,0.85,0.85,0.86,0.86,0.86,0.86,0.86,0.85,0.86,0.74,-1.14,-1.07,0.86,0.85,0.82,0.86,0.86,0.86,0.71,0.86,0.86,0.86,0.85,0.84,0.86,0.86,0.86,0.85,0.77,0.86,-1.07,0.86,0.86,0.84,0.84,0.86,0.86,-1.11,0.86,0.86,0.86,0.85,0.84,0.84,0.86,0.86,0.86,0.86,0.84,0.86,0.8,-1.04,0.86,0.86,0.86,0.86,0.86,0.86,0.86,0.86,0.86,0.86,0.86,0.86,0.85,0.86,0.85,0.86,0.86,0.86,0.86,0.86,0.85,0.86,0.86,0.86,0.86,0.86,0.86,0.86,0.86,0.86,0.86,0.85,0.86,0.84,0.86,0.86,0.86,-1.13,0.86,0.86,0.86,0.86,0.86,0.86,0.86,0.86,0.72,0.86,0.86,0.84,0.85,0.86,0.86,0.86,0.86,0.82,0.76,0.86,0.86,0.83,0.86,0.86,0.86,0.84,0.85,0.86,0.84,0.86,0.84,-1.18,0.86,0.86,0.84,0.86,0.86,0.86,0.86,0.86,0.86,0.86,0.86,0.86,0.86,0.86,0.86,0.86,0.86,0.86,0.86,0.86,0.85,0.86,0.86,0.86,0.7,0.86,0.86,0.86,0.86,0.78,0.86,-1.03,0.85,-1.02,0.85,0.82,0.86,0.86,0.86,0.86,0.86,0.85,0.85,0.86,0.86,0.85,0.77,0.86,0.86,0.86,0.86,0.85,0.86,0.86,0.78,0.86,0.84,0.86,0.86,0.86,0.86,0.86,0.86,0.86,0.86,0.86,0.86,0.86,0.85,0.86,0.86,0.86,0.86,0.85,0.86,0.86,-1.0,0.81,0.85,0.86,0.86,0.86,0.86,0.86,0.86,0.86,0.86,0.86,0.86,0.86,0.86,0.86,0.86,0.85,0.86,0.86,0.86,0.85,0.86,0.84,0.86,0.84,0.84,0.86,-1.09,0.86,0.86,0.86,0.86,0.86,0.86,0.86,0.86,0.86,0.86,0.86,0.86,0.86,0.86,0.78,-1.02,0.86,0.86,0.86,0.86,0.86,0.86,0.86,0.85,0.84,0.85,-1.05,0.84,0.85,0.86,0.86,0.86,0.86,0.86,0.86,0.86,0.86,0.86,0.86,0.84,0.86,0.86,0.86,0.84,0.86,0.85,0.68,0.86,0.85,0.86,-1.03,0.86,0.86,0.85,0.86,0.86,0.86,-1.08,0.85,0.86,0.86,0.85,0.86,0.86,0.86,0.83,0.86,0.86,0.86,0.85,0.86,-1.04,0.86,0.86,0.86,0.86,0.86,0.86,0.85,0.81,0.86,0.76,-1.13,0.86,-1.08,0.85,0.86,0.86,0.86,0.84,0.86,0.86,0.86,0.85,-1.03,0.86,0.86,0.86,0.86,0.85,0.85,0.81,0.86,0.86,0.86,0.86,0.86,0.86,0.85,0.86,-1.01,0.85,0.86,0.86,0.86,0.86,0.86,0.86,0.83,0.86,0.86,0.75,0.85,0.86,0.86,0.86,0.86,0.86,0.86,0.84,-1.04,0.86,0.86,0.86,0.86,0.86,0.85,0.85,0.86,0.86,0.86,0.86,0.86,0.84,0.86,0.86,0.86,0.86,0.86,0.86,0.86,0.86,-1.07,0.82,0.86,0.84,0.85,0.86,0.86,0.86,0.86,0.71,0.83,0.86,0.86,0.85,0.86,0.86,0.86,0.86,0.86,0.84,0.86,0.86,0.86,0.86,0.86,-1.12,-1.12,0.86,0.86,0.86,0.86,-1.05,0.86,-1.15,-1.13,0.86,0.86,0.86,-1.02,0.84,0.86,0.86,0.86,0.86,0.86,0.86,0.86,0.86,0.86,0.74,0.86,0.84,0.86,0.86,0.86,0.86,0.86,0.85,0.84,0.83,0.86,0.86,0.86,0.86,0.86,0.86,0.86,0.83,0.86,0.75,0.86,0.86,0.74,0.85,0.86,0.86,0.86,0.86,0.86,0.83,0.84,0.86,0.86,0.86,0.86,0.84,0.86,0.86,0.86,0.83,0.85,0.85,0.86,0.86,0.86,0.86,-1.13,0.86,-1.08,0.71,0.86,0.86,0.86,0.84,0.86,0.86,0.86,0.86,0.86,0.84,0.86,0.84,0.86,0.86,0.85,0.86,-1.03,0.86,0.86,0.86,-1.06,0.86,0.86,0.86,0.81,0.86,0.86,0.86,-1.1,0.86,0.86,0.86,0.84,0.78,0.86,0.86,0.83,0.86,0.86,0.86,0.86,0.86,-1.11,0.86,0.86,0.86,0.86,0.86,0.85,0.86,0.83,0.75,0.86,0.85,0.85,0.84,0.86,0.86,0.86,0.86,0.86,0.86,0.86,0.86,0.86,0.86,0.86,-1.03,0.84,-1.14,0.86,0.86,0.86,0.86,0.86,0.86,0.86,-1.15,0.86,0.86,0.86,0.86,0.86,0.74,-1.13,0.86,0.86,0.84,0.86,-1.0,0.86,0.86,-1.02,0.86,0.86,0.86,0.86,-1.09,0.86,0.86,0.84,-1.02,0.85,0.85,0.85,0.86,0.84,0.85,0.86,0.85,0.86,0.86,0.86,0.86,0.86,0.86,0.86,0.84,0.86,0.86,-1.0,0.74,0.86,0.85,0.86,0.86,0.86,0.86,0.86,0.86,0.86,0.86,0.86,0.85,0.86,-1.08,0.7,-1.02,0.86,0.7,0.86,0.86,0.86,0.71,-1.14,0.86,0.85,0.86,0.85,0.86,0.84,0.86,0.86,0.72,0.86,-1.03,0.85,0.86,0.86,0.86,0.86,0.86,0.85,0.86,-1.07,-1.13,0.86,-1.13,-1.0,0.84,-1.02,0.85,0.83,0.84,0.86,0.84,0.86,0.85,0.86,0.86,0.86,0.86,-1.03,0.86,0.69,0.85,0.86,0.86,-1.01,0.86,0.86,0.86,-1.03,0.85,0.86,0.86,0.86,0.86,0.86,-1.11,0.84,0.86,0.86,0.86,0.7,0.77,0.86,0.86,0.86,0.86,0.85,0.86,0.86,0.86,0.86,0.86,0.85,-1.11,0.85,-1.06,-1.06,0.86,0.86,-1.01,0.82,0.85,0.85,0.86,0.85,0.86,0.86,-1.09,0.81,0.7,0.86,0.86,0.86,0.84,0.86,0.86,0.86,0.86,0.86,0.86,0.86,0.86,0.86,0.86,0.86,0.85,0.83,0.86,0.86,0.85,0.86,0.86,0.86,0.84,0.86,0.86,0.85,0.86,0.86,-1.12,0.84,0.86,0.86,0.86,0.86,0.86,0.84,0.86,0.86,0.86,-1.07,0.86,0.85,0.84,0.86,0.86,0.86,-1.01,0.86,0.86,0.86,0.86,0.86,0.86,0.86,0.86,0.86,0.86,0.86,0.86,0.86,0.86,-1.0,0.85,0.86,-1.12,0.85,0.86,0.86,0.86,0.64,0.86,0.86,0.86,0.86,0.86,0.82,0.86,0.86,0.86,0.86,0.86,0.86,0.85,0.86,0.86,0.86,0.86,0.86,0.86,0.84,0.86,0.85,0.82,0.86,0.84,0.86,0.86,0.77,0.84,0.86,0.86,0.86,0.86,0.86,0.86,0.86,0.86,0.86,0.86,0.85,0.85,0.86,0.86,0.86,0.86,0.86,0.86,0.86,0.86,0.84,0.81,0.86,0.86,0.85,0.86,0.85,0.86,0.86,0.85,0.86,0.86,0.86,0.86,0.86,0.86,0.86,0.86,0.86,0.86,0.86,0.85,0.86,0.86,0.85,0.86,0.86,0.84,0.86,0.79,0.86,0.66,0.86,0.86,0.84,0.86,0.84,0.86,0.86,0.86,0.86,0.86,0.86,0.86,0.86,0.86,-1.0,0.86,0.86,0.86,0.86,0.86,0.86,0.84,0.86,0.86,0.84,0.86,0.86,0.84,0.86,-1.14,0.85,0.81,0.85,0.86,0.86,0.86,0.86,0.86,0.85,0.85,-1.07,0.84,0.86,0.86,0.86,0.86,0.86,0.86,0.85,0.86,0.86,0.86,0.85,0.8,0.86,0.86,0.82,-1.12,0.86,0.86,0.86,0.86,0.86,0.83,0.86,0.86,0.86,-1.13,0.86,0.86,0.86,0.86,0.86,0.86,0.86,0.86,0.86,0.86,0.85,0.86,0.86,0.71,-1.1,0.85,0.86,0.86,0.86,0.86,0.85,-1.0,0.8,0.86,0.86,0.86,0.86,0.86,0.86,0.86,0.85,0.84,0.86,0.72,0.82,0.86,0.86,0.86,0.86,0.85,0.86,0.84,0.86,0.86,0.86,0.86,0.86,0.86,0.85,0.86,0.86,0.86,0.85,0.84,0.86,0.86,0.86,0.85,0.86,0.86,0.84,0.86,0.86,0.86,0.86,0.86,0.86,0.86,0.86,-1.06,0.86,0.86,-1.02,0.86,0.86,0.86,0.86,0.86,0.86,0.85,0.86,0.86,0.85,0.86,0.86,0.84,-1.02,0.86,0.86,0.86,0.86,0.86,0.86,0.86,0.84,0.86,0.86,-1.04,0.86,0.86,0.86,0.7,0.86,0.85,0.85,0.84,-1.14,0.85,0.84,0.86,0.86,0.86,0.86,0.85,0.86,0.86,0.86,0.86,0.82,0.85,0.86,0.82,0.84,0.86,0.86,0.86,0.86,0.86,0.86,0.86,-1.04,0.84,0.82,0.86,0.84,0.85,0.86,0.84,0.86,0.86,-1.13,0.85,0.86,0.86,0.86,0.86,0.86,0.86,0.86,0.78,0.86,-1.07,0.78,0.86,0.84,0.84,0.86,0.86,0.86,0.86,0.86,0.85,0.86,0.75,0.86,-1.02,-1.03,0.86,0.83,0.86,0.85,0.84,0.86,0.86,0.85,0.86,0.86,0.84,0.86,0.86,0.86,-1.11,0.85,0.83,0.86,0.86,0.86,0.85,0.86,0.86,0.86,0.84,-1.08,-1.02,0.86,0.84,-1.05,0.86,0.86,-1.0,0.86,0.86,0.86,0.86,0.86,0.86,0.86,0.86,0.86,0.85,0.86,0.86,0.84,0.86,0.86,0.86,0.86,-1.15,0.86,0.86,0.86,-1.03,0.86,-1.09,0.86,0.86,0.86,0.84,0.86,0.86,0.86,0.86,0.86,0.86,0.77,0.85,0.86,0.84,0.86,0.86,0.86,0.86,0.86,0.86,0.86,0.86,0.86,0.86,0.86,0.86,-1.1,0.86,0.86,0.86,0.86,0.86,0.85,0.86,0.86,0.86,0.86,0.86,0.86,0.86,0.86,0.86,0.86,0.85,0.86,0.86,0.86,0.85,0.84,-1.29,0.86,0.86,0.86,0.85,0.85,0.86,0.83,-1.04,0.86,0.86,0.86,0.85,0.86,0.86,0.84,0.86,0.86,0.86,0.86,0.86,0.86,0.85,0.84,0.86,0.86,0.86,0.86,0.86,0.86,0.86,0.86,0.86,0.86,0.86,0.83,0.86,0.86,0.85,0.86,0.86,-1.01,0.86,0.86,0.86,-1.02,0.86,-1.05,0.86,0.85,0.86,0.86,0.86,0.86,0.86,0.85,0.85,0.85,0.86,0.86,0.86,0.72,0.86,0.86,0.86,0.86,0.86,0.84,0.86,0.86,-1.06,0.85,0.83,0.86,0.86,0.86,-1.09,0.86,0.86,0.86,0.86,0.86,0.86,-1.04,0.86,0.86,0.86,0.86,0.86,0.86,0.85,0.86,0.84,-1.11,0.82,0.85,0.86,0.6,0.85,0.84,0.86,0.84,0.8,0.77,0.86,0.86,0.86,0.86,0.86,0.85,0.86,0.86,0.86,0.86,0.86,0.86,0.86,-1.02,0.84,0.85,0.86,-1.04,0.85,0.76,0.86,0.83,0.85,0.86,0.86,0.86,0.86,-1.02,0.85,0.86,0.86,0.86,0.85,0.86,0.86,0.86,0.84,0.86,0.84,0.86,0.86,0.86,0.86,0.86,0.86,0.86,0.84,-1.01,0.86,0.86,0.83,0.83,0.86,0.86,0.85,0.85,-1.07,0.86,0.86,0.86,0.86,0.86,0.86,0.85,0.86,0.77,0.85,0.86,0.86,0.86,0.84,0.86,0.83,0.85,0.86,0.86,0.85,0.86,0.86,0.86,0.86,0.86,0.86,0.85,0.85,0.86,0.86,0.74,0.86,0.8,0.86,0.72,0.84,0.84,0.86,0.84,0.86,0.86,0.72,0.86,0.86,-1.29,0.86,0.86,0.85,0.86,0.86,0.85,0.86,0.86,0.85,0.86,0.86,0.86,0.86,0.86,0.86,0.86,0.86,0.86,0.86,0.86,0.86,0.85,0.86,0.85,0.86,0.85,0.86,0.86,0.86,0.86,0.86,0.85,0.86,-1.12,0.86,0.86,0.86,0.86,0.84,0.86,0.85,0.86,0.86,0.86,0.86,0.86,0.86,0.73,-1.01,0.86,0.85,0.84,0.84,0.86,0.86,0.86,0.86,0.81,-1.13,0.85,0.86,0.86,0.86,0.86,0.86,0.86,0.74,0.85,0.86,-1.03,0.86,0.86,0.84,0.84,0.86,0.86,0.86,0.86,0.86,0.85,0.86,0.85,0.86,0.86,0.83,0.86,0.85,0.86,0.86,0.86,0.86,0.85,0.86,0.77,0.86,0.86,0.86,0.86,0.86,0.86,0.86,0.86,0.86,0.86,0.86,0.82,0.86,0.86,0.86,0.73,0.86,0.85,0.86,0.86,0.85,0.86,0.86,0.86,0.85,0.86,0.79,0.86,0.85,0.82,-1.0,0.86,0.86,0.84,0.85,0.84,0.86,0.86,-1.03,0.86,0.78,0.83,0.86,-1.03,0.86,0.84,0.84,0.86,0.86,0.86,0.85,0.86,0.86,0.86,0.86,0.86,0.86,0.86,-1.05,-1.06,0.84,0.84,-1.0,0.86,0.86,0.86,0.86,0.81,-1.17,0.72,0.85,0.86,-1.01,0.86,0.86,0.86,0.86,-1.13,0.86,0.86,0.86,0.86,0.86,0.86,0.86,0.86,0.83,0.86,0.86,0.86,0.86,0.86,0.85,0.86,0.86,0.86,0.86,0.86,-1.12,0.86,0.86,0.86,0.86,0.86,0.85,0.86,-1.03,0.82,0.86,0.84,0.86,0.86,0.86,0.85,0.86,-1.13,0.86,0.86,0.86,0.85,0.86,-1.06,0.86,0.86,0.86,0.86,0.86,0.86,0.86,0.86,0.85,0.86,0.86,0.86,0.86,0.86,0.86,0.74,0.85,-1.0,0.84,0.74,0.85,0.86,0.86,0.86,0.86,0.86,0.86,-1.02,0.85,0.85,0.84,0.86,0.86,0.74,0.86,0.86,-1.03,0.86,0.86,0.86,0.86,0.86,0.86,-1.08,0.86,-1.07,0.7,0.86,-1.15,0.85,0.72,-1.11,0.86,0.85,0.85,0.86,0.84,0.86,0.86,0.86,0.86,0.86,0.86,0.86,0.85,0.86,-1.11,0.86,0.82,0.83,0.86,0.85,0.86,0.84,0.83,0.86,0.86,0.86,0.86,-1.08,0.85,0.86,0.86,0.86,0.84,-1.03,0.86,0.86,0.86,0.86,0.86,0.86,0.86,0.86,0.86,0.85,0.86,0.86,0.86,0.86,0.84,0.86,0.86,0.86,0.86,0.86,0.82,0.86,0.86,0.86,-1.13,0.86,0.86,0.85,0.86,0.86,0.86,0.86,0.85,0.85,-1.08,-1.14,0.86,0.86,0.85,0.86,0.86,0.86,0.86,0.86,0.86,0.86,0.86,0.85,0.86,0.86,0.86,0.85,0.86,0.86,0.86,-1.02,0.85,0.86,0.85,0.86,0.86,0.86,0.86,0.85,0.86,0.86,0.86,0.86,0.86,0.85,0.86,0.86,0.86,0.86,0.86,0.86,0.85,0.86,0.84,0.86,0.86,0.86,0.85,0.86,0.86,-1.12,0.86,0.84,0.84,0.85,0.85,-1.09,0.84,-1.13,0.85,-1.1,0.86,0.71,0.85,0.85,0.86,0.85,0.86,0.86,-1.03,0.86,0.86,0.86,0.85,0.86,0.86,0.86,0.86,0.86,0.86,0.86,0.86,0.86,0.86,0.86,0.86,0.86,0.86,0.69,0.86,0.86,0.86,0.86,0.86,0.86,0.86,0.86,0.82,0.86,0.84,0.85,0.84,0.86,0.86,0.85,0.86,0.86,0.86,0.85,0.86,0.86,0.86,0.86,0.86,0.86,0.84,0.86,-1.14,0.84,-1.05,0.86,0.85,0.78,0.86,0.86,0.86,0.86,0.86,0.86,0.84,0.86,-1.12,0.86,0.86,0.86,0.86,0.86,0.85,0.86,-1.14,0.86,0.86,-1.01,0.86,0.86,0.85,0.86,0.86,0.86,0.86,0.86,0.86,0.85,-1.06,0.86,0.85,0.85,0.64,0.85,0.86,0.85,0.83,0.83,0.84,-1.13,0.86,0.86,0.85,-1.01,-1.05,0.86,0.83,0.84,0.86,0.86,0.86,0.86,-1.09,0.85,0.86,0.86,0.86,0.84,0.84,0.86,0.85,0.86,0.86,0.86,0.84,0.86,0.86,0.83,0.86,0.86,0.86,0.86,0.86,0.86,0.86,0.86,0.8,0.86,0.86,0.86,0.86,0.85,0.86,0.85,0.86,0.86,0.86,0.86,-1.22,0.85,0.86,0.84,0.86,-1.04,0.84,0.86,0.86,0.86,0.86,0.86,-1.06,0.86,0.86,0.86,0.86,0.73,0.86,0.86,0.86,-1.03,0.85,0.86,0.86,0.86,0.86,0.86,0.86,0.86,0.86,0.86,0.86,0.86,0.85,0.84,-1.14,0.86,0.86,0.86,0.86,0.86,0.84,0.84,0.86,0.84,0.86,0.86,0.85,0.86,0.86,0.84,0.85,0.86,0.86,0.86,0.86,0.86,0.86,0.86,0.84,0.85,-1.0,0.75,0.86,0.86,0.86,0.85,0.86,0.86,0.86,0.86,0.86,0.86,0.86,0.84,0.86,0.85,0.86,-1.13,0.85,0.86,0.86,0.86,0.86,0.86,0.86,0.86,0.85,0.86,0.85,0.85,0.86,0.86,0.86,0.85,0.86,0.86,0.86,0.86,0.86,0.83,0.86,0.86,0.86,0.86,0.86,0.86,0.86,0.86,0.86,0.86,0.86,0.86,0.86,0.84,0.86,0.85,0.86,0.86,0.86,-1.03,0.86,0.86,0.85,0.86,0.86,-1.0,0.86,0.86,0.86,0.86,0.86,0.86,0.86,0.86,0.86,0.86,0.85,0.85,0.86,-1.07,-1.06,0.86,0.86,0.86,0.85,0.86,0.86,-1.05,0.85,0.83,0.85,-1.05,0.86,0.86,0.84,0.86,0.85,0.86,0.86,0.86,-1.13,0.86,0.86,-1.09,0.86,0.86,0.86,0.86,0.86,0.86,0.86,0.86,-1.13,0.85,0.86,0.86,0.86,0.86,0.86,0.86,0.86,0.84,0.86,-1.09,0.83,0.85,0.86,0.85,0.86,0.86,0.86,0.86,0.84,0.86,0.86,0.84,0.82,0.86,-1.09,0.82,0.86,0.86,0.86,0.85,0.86,0.86,0.86,0.86,0.85,0.86,-1.1,0.86,0.86,0.86,0.84,0.86,0.84,0.86,0.86,0.86,0.86,-1.09,0.85,0.86,-1.03,0.85,-1.09,0.86,0.84,0.86,0.86,0.86,-1.04,0.85,0.85,0.85,0.86,0.86,0.84,0.83,0.85,0.85,0.85,-1.13,0.86,0.86,0.86,-1.13,0.84,0.84,0.83,-1.09,0.85,-1.13,0.8,0.85,0.86,0.86,0.86,0.86,0.86,0.86,0.86,0.86,0.85,0.83,0.83,0.85,0.86,0.84,0.86,0.86,0.86,0.86,0.86,0.86,0.85,0.86,0.86,0.86,0.84,0.81,0.86,-1.03,-1.17,0.84,0.86,0.85,0.86,0.85,0.86,0.85,0.86,0.84,-1.13,0.84,0.86,-1.03,0.86,0.86,0.86,0.86,0.86,0.86,0.86,0.86,0.81,0.85,-1.12,0.85,0.86,0.86,0.86,0.85,0.86,0.86,0.84,0.86,0.86,0.86,0.86,0.86,0.86,0.86,0.86,0.86,0.8,0.77,0.86,0.86,0.85,0.83,0.86,0.84,0.86,0.85,0.86,-1.13,0.8,0.85,0.86,0.85,0.86,0.84,0.86,0.86,0.86,0.85,0.86,0.86,0.86,0.86,0.86,0.84,0.86,0.86,-1.07,0.85,0.85,0.85,0.84,0.86,0.86,0.86,0.86,0.86,0.86,-1.12,0.83,0.8,0.85,0.86,0.83,0.86,0.84,0.86,0.86,0.85,0.86,0.86,0.86,0.86,0.84,0.86,0.86,0.86,0.86,0.86,0.86,0.71,0.71,0.86,0.85,0.83,0.84,0.86,0.86,0.86,0.83,0.85,0.86,0.86,0.86,0.86,0.86,0.86,0.86,0.84,0.86,0.86,0.86,0.86,0.86,0.85,0.86,0.86,0.86,0.86,0.86,0.86,0.86
-1.14,-1.04,-1.5,-1.11,0.79,0.71,-1.03,0.84,-1.1,-1.06,0.84,0.85,0.84,0.76,-1.0,-1.06,-1.26,0.84,0.81,0.81,0.85,0.81,0.79,-1.05,0.85,-1.02,-1.16,0.84,0.86,-1.08,0.86,-1.1,0.77,0.85,0.84,0.78,0.8,0.86,0.78,0.84,-1.17,-1.06,0.85,0.8,0.84,0.86,-1.03,0.82,0.86,0.86,0.86,0.86,0.86,0.86,0.86,0.84,0.84,0.82,0.84,0.86,-1.03,-1.03,0.86,0.85,0.86,0.86,0.86,0.86,0.81,0.86,0.8,0.86,0.86,0.86,0.86,0.86,0.86,0.86,0.86,0.86,0.86,0.86,0.86,0.86,0.86,0.85,0.85,0.86,0.86,0.86,0.79,-1.06,0.86,0.84,0.86,0.86,-1.02,0.85,0.86,0.86,0.86,0.86,0.86,-1.13,0.86,0.86,0.86,0.86,0.84,0.86,0.86,0.86,0.86,-1.05,0.75,0.86,0.86,-1.14,0.86,0.74,0.71,0.86,0.86,0.86,-1.02,0.86,0.86,0.86,0.86,0.86,0.86,0.84,0.85,0.86,0.86,0.85,0.86,0.86,0.86,0.86,0.86,0.86,0.85,0.86,0.86,0.86,0.86,0.86,0.86,0.86,0.86,0.86,0.86,0.85,0.86,0.86,0.83,0.86,0.83,0.86,0.86,0.86,0.86,0.83,0.86,0.86,0.84,0.86,0.86,0.86,-1.09,0.82,0.86,0.85,0.85,0.86,-1.15,-1.07,0.86,0.86,0.79,0.86,0.86,-1.12,0.86,0.86,0.86,0.8,0.86,0.84,0.86,0.86,0.86,0.86,0.86,-1.08,-1.13,0.86,0.86,0.86,0.86,0.86,0.83,0.86,0.83,0.85,0.86,0.86,0.86,0.85,0.86,0.86,0.85,0.75,-1.08,0.82,0.86,0.86,0.84,0.86,0.86,0.74,0.85,0.86,0.86,0.86,0.86,0.86,0.86,0.86,0.86,0.86,0.86,0.86,0.86,0.83,0.86,0.86,0.86,0.86,0.86,0.86,0.86,0.86,0.86,-1.02,0.85,0.84,0.86,0.86,0.86,0.86,0.84,0.86,0.85,0.86,0.86,0.86,0.86,0.86,0.86,-1.13,0.86,0.85,0.86,0.86,0.86,0.86,-1.13,0.86,0.86,0.86,0.86,0.86,0.86,0.86,0.86,0.86,0.85,0.86,0.86,0.86,0.86,0.86,0.86,0.86,0.77,0.86,0.86,0.86,0.86,0.86,0.86,0.86,0.85,0.86,0.86,0.86,0.86,0.86,0.86,0.86,0.86,-1.0,0.84,-1.15,0.86,0.75,0.86,0.86,0.86,0.85,0.86,0.86,0.84,0.84,0.86,0.86,0.86,0.86,0.86,0.84,0.86,0.86,-1.05,0.86,0.76,-1.06,0.86,0.84,0.86,-1.03,0.86,0.86,0.86,0.86,0.86,0.79,0.86,0.86,0.86,0.86,0.85,0.86,0.81,0.84,0.86,0.86,0.86,0.86,0.77,0.86,0.86,0.8,0.85,0.86,0.71,0.86,0.86,0.86,0.86,0.85,-1.0,0.71,0.85,0.84,0.86,0.86,0.86,0.86,0.84,0.86,0.86,-1.07,-1.03,0.84,0.86,0.85,0.84,0.86,0.86,0.86,0.78,0.86,0.86,0.86,0.86,0.86,0.86,0.86,0.86,0.86,0.85,0.86,0.74,0.86,0.86,0.86,0.86,0.86,0.86,0.86,0.86,0.86,0.86,0.85,0.86,0.86,0.86,0.86,0.86,0.86,-1.02,0.86,0.86,0.86,0.86,0.86,0.86,0.85,0.86,0.86,0.84,0.86,0.86,0.85,-1.12,0.86,0.86,0.85,0.86,0.86,0.86,0.86,0.86,0.85,-1.0,0.84,0.72,0.85,0.85,0.79,0.86,0.86,0.84,0.84,0.86,0.86,0.84,0.84,0.86,0.86,0.86,0.86,0.86,0.86,0.86,-1.03,0.86,0.84,0.86,0.86,0.86,0.86,0.86,0.86,0.86,-1.03,0.86,0.86,-1.07,0.86,-1.07,0.82,0.83,0.86,0.86,0.84,-1.09,0.84,0.86,0.86,0.85,0.86,0.86,0.86,0.85,0.84,0.86,0.86,0.85,0.86,0.86,0.86,0.86,0.86,0.86,0.86,0.86,0.86,0.86,0.85,0.86,0.86,0.86,0.86,0.86,0.86,0.86,0.86,0.86,0.86,0.86,0.86,0.86,0.86,0.86,0.86,0.86,0.86,0.86,0.8,0.86,0.86,0.86,0.86,0.86,0.86,0.86,0.79,0.86,0.86,0.86,0.86,0.86,0.86,0.86,0.84,0.86,0.86,0.85,0.85,0.86,0.86,0.86,0.86,0.86,0.86,-1.05,0.84,0.86,0.86,0.86,0.86,0.86,0.86,0.85,0.86,0.86,0.86,0.86,0.86,0.86,0.86,0.86,0.85,-1.07,0.86,0.86,0.86,0.86,-1.12,0.79,0.86,0.86,0.85,0.86,0.86,0.86,-1.03,0.85,-1.03,0.86,0.86,0.82,0.86,-1.02,0.86,0.86,0.86,0.85,0.78,0.86,0.86,0.86,0.85,0.86,0.86,0.86,0.86,0.86,0.86,-1.08,0.85,0.86,0.86,0.86,0.83,0.86,0.86,0.77,-1.07,0.86,0.86,0.86,0.86,-1.1,0.86,0.83,0.86,0.86,0.86,0.84,0.84,0.86,-1.13,0.86,0.84,0.85,0.86,0.86,0.85,0.86,0.86,0.86,0.86,0.86,0.86,0.86,0.86,0.86,0.86,0.86,0.86,0.85,0.85,0.85,0.86,0.85,0.86,0.85,0.86,0.86,0.85,0.86,0.82,0.86,0.86,0.86,0.86,0.86,0.86,0.86,0.86,-1.09,0.86,0.86,0.85,0.85,-1.03,0.86,0.86,0.86,0.86,0.86,0.86,0.86,0.86,0.86,0.86,0.86,0.86,0.85,0.86,0.86,0.86,0.86,0.86,0.86,0.86,0.86,0.86,0.86,0.86,-1.11,0.86,0.86,0.86,0.85,0.86,0.86,0.86,0.86,0.86,0.83,0.84,-1.13,0.86,0.86,0.86,-1.13,0.86,0.85,0.86,0.86,0.86,0.86,0.86,0.86,0.85,0.86,0.8,0.86,0.82,-1.02,-1.12,0.86,0.86,0.85,0.86,0.86,0.81,0.86,0.85,0.86,0.86,0.86,-1.03,0.86,0.86,0.86,0.86,0.86,-1.13,-1.0,-1.12,0.74,0.85,0.86,-1.05,0.86,0.84,0.86,-1.03,-1.1,0.86,0.86,-1.03,0.86,0.86,0.86,0.86,0.86,0.85,0.86,0.86,0.86,0.83,0.86,0.86,0.86,0.86,0.86,0.86,0.85,0.86,0.86,0.86,0.84,0.84,0.86,0.73,0.86,0.86,-1.13,0.86,0.86,0.86,0.86,0.85,0.86,0.79,-1.01,0.86,0.83,0.85,0.86,0.86,0.86,0.86,0.86,0.86,0.86,0.86,0.86,0.86,0.86,-1.11,0.86,0.84,0.83,0.86,0.85,0.86,0.86,0.86,0.86,0.85,-1.03,0.86,0.86,0.86,0.86,0.86,0.86,0.86,0.86,0.86,0.75,0.86,0.86,0.86,0.86,0.86,0.84,0.84,0.86,0.86,-1.09,0.86,0.86,0.86,0.86,0.86,0.86,0.86,0.86,0.85,0.86,0.86,0.71,0.86,0.86,0.86,-1.07,0.83,0.86,0.86,0.84,0.86,0.85,0.86,0.86,0.86,0.86,0.86,0.86,0.84,0.86,0.86,0.86,-1.14,0.86,0.86,0.86,0.86,0.85,0.86,0.86,0.84,0.84,0.86,0.86,0.86,0.85,0.85,0.85,0.86,0.85,0.86,0.86,0.86,0.86,0.86,0.86,0.86,0.86,0.86,-1.08,0.86,-1.12,0.78,0.86,0.86,0.86,0.86,0.86,0.86,0.79,0.85,0.86,0.86,0.86,0.86,0.78,0.86,0.84,-1.14,0.82,0.86,0.84,0.86,0.86,0.86,0.85,0.86,0.86,0.86,0.86,0.86,0.86,0.86,0.82,0.85,-1.09,0.86,0.86,0.86,0.86,0.86,0.86,0.86,0.86,0.86,0.86,0.86,0.86,0.86,-1.01,0.85,0.86,0.86,0.86,0.83,0.86,-1.04,0.86,-1.08,0.86,0.86,0.86,0.86,0.86,0.84,0.86,0.86,0.85,0.86,0.86,0.86,0.86,-1.02,0.86,0.86,0.86,0.86,0.86,0.86,0.86,0.86,0.86,0.85,0.86,0.86,0.86,0.86,0.86,0.86,0.86,0.86,0.86,0.86,-1.13,0.86,0.86,0.86,0.86,-1.0,0.86,-1.01,0.86,0.86,0.86,0.86,0.86,0.86,0.84,0.86,0.84,0.86,0.86,0.86,0.86,0.86,0.75,0.86,0.86,0.86,0.86,0.86,0.86,0.86,0.86,0.86,0.84,0.86,0.86,0.79,0.84,0.86,0.86,0.86,0.86,0.85,0.86,0.86,0.79,0.86,0.84,0.85,0.85,0.86,0.86,0.86,0.86,0.86,0.86,0.86,0.86,0.86,0.86,0.86,0.86,0.86,0.84,0.74,0.86,0.86,0.86,-1.03,0.86,0.85,0.85,-1.02,0.69,0.86,0.86,0.77,0.86,0.86,0.86,-1.03,0.86,0.83,-1.13,0.76,0.86,0.86,0.85,0.86,0.85,0.83,0.86,0.86,0.86,0.86,0.86,0.85,0.86,0.86,0.86,0.85,0.86,-1.05,0.84,0.85,-1.08,0.86,0.75,0.84,0.86,0.86,0.86,0.86,0.86,0.86,0.86,0.86,0.86,0.86,0.85,0.86,0.85,0.86,0.86,0.86,0.86,0.86,0.83,0.86,0.86,0.86,0.86,0.86,0.86,0.86,0.86,0.86,0.82,0.8,0.86,0.84,0.86,0.86,0.86,0.86,0.86,0.86,0.86,0.86,0.82,0.86,0.86,0.86,0.86,0.85,0.84,0.86,0.86,0.85,-1.12,-1.07,0.86,0.86,0.86,0.86,0.86,0.86,0.86,-1.01,-1.12,0.84,-1.05,0.86,0.86,0.86,0.78,0.86,0.85,0.84,0.86,0.86,0.86,0.86,0.86,0.86,0.86,0.86,0.86,0.85,0.86,0.86,0.86,0.86,0.86,0.86,0.86,0.84,0.86,0.86,0.86,0.84,0.85,0.86,0.57,0.86,0.86,0.86,0.86,0.84,0.86,0.86,0.85,0.84,0.84,0.86,0.86,0.86,0.86,0.85,0.86,0.85,0.85,0.86,0.86,-1.03,0.86,0.86,0.86,0.86,0.82,0.86,0.86,0.86,0.85,0.86,0.86,0.83,0.85,0.86,0.86,0.86,0.86,0.86,0.86,0.86,0.85,0.86,-1.18,0.86,0.79,0.78,0.86,0.85,0.86,0.86,0.86,0.84,0.86,0.86,0.86,0.86,0.86,0.85,0.86,0.86,0.86,0.86,0.86,0.86,-1.06,0.86,-1.02,0.86,0.86,0.86,0.83,0.86,0.86,0.86,0.86,0.86,0.86,0.86,0.86,0.86,0.86,0.85,0.86,0.86,0.86,0.85,0.86,0.84,0.86,0.86,0.86,0.86,0.86,0.86,0.86,0.86,0.86,0.86,-1.03,0.86,0.86,0.86,0.86,0.84,-1.05,-1.13,0.86,0.86,0.86,0.86,0.86,0.84,0.86,0.86,0.86,0.86,0.86,0.85,0.86,0.86,0.84,-1.03,0.86,0.86,-1.0,0.86,0.86,0.86,0.86,0.86,0.84,0.85,0.85,0.85,0.86,0.86,0.86,0.86,0.86,0.86,0.85,0.86,-1.14,0.86,-1.12,0.86,0.86,0.84,0.86,0.85,0.86,0.83,0.82,0.86,0.86,0.86,-1.09,-1.12,0.86,0.86,0.86,0.86,0.86,0.84,0.86,0.86,0.86,0.86,-1.02,0.8,0.85,0.86,0.86,0.86,0.86,0.86,0.84,0.86,0.86,0.86,0.86,0.86,0.86,-1.13,0.86,0.86,0.85,0.85,0.86,0.86,0.86,0.86,0.86,0.86,0.86,0.74,0.86,0.84,0.86,0.86,0.86,-1.1,0.82,0.86,0.86,0.86,0.86,0.85,0.86,0.86,0.86,0.86,0.86,0.86,0.84,0.86,0.86,0.86,0.86,0.86,0.86,0.86,0.86,0.86,0.76,0.86,0.86,-1.13,0.86,0.85,0.86,0.86,0.86,0.86,0.86,0.86,0.86,0.86,0.86,0.86,-1.04,0.85,0.86,0.86,0.86,0.86,0.86,0.86,0.78,0.86,0.86,0.85,0.85,0.86,0.86,0.85,0.86,0.72,0.85,0.86,0.86,0.86,0.86,0.72,0.86,0.86,0.74,0.86,-1.13,0.84,0.86,0.78,0.86,0.86,0.86,0.86,0.86,0.86,0.86,0.85,0.86,0.86,0.84,0.86,0.86,0.86,0.86,0.84,0.86,0.86,0.86,0.86,0.84,0.86,0.85,0.86,0.86,0.79,0.86,0.86,0.86,0.86,0.86,0.85,0.86,0.86,0.86,-1.1,-1.02,0.75,0.86,0.86,-1.04,0.86,0.74,0.86,0.73,0.86,0.86,0.86,0.75,0.86,0.86,0.86,0.86,0.86,0.86,0.86,0.86,0.86,0.73,0.86,0.86,0.82,0.86,0.86,0.86,0.86,0.84,0.84,0.86,0.84,0.86,0.85,0.86,0.86,0.85,0.69,0.86,0.86,0.86,0.86,0.86,0.84,0.86,-1.13,0.84,0.86,0.86,0.86,0.86,0.86,-1.08,0.86,0.84,0.85,0.85,0.86,0.86,0.84,-1.02,0.83,0.84,0.86,0.86,0.84,0.86,0.86,0.86,-1.09,0.86,0.86,0.86,0.86,0.86,0.86,0.86,0.86,0.86,0.85,0.86,0.84,0.86,0.86,0.86,-1.01,0.85,0.86,0.86,0.86,0.86,0.86,0.73,0.86,0.82,0.86,0.86,0.86,-1.14,-1.01,0.86,0.86,0.86,0.86,0.86,0.86,0.86,0.86,0.86,0.86,0.86,0.75,0.85,0.86,0.86,0.84,0.82,0.86,0.84,0.86,0.84,0.86,0.86,0.86,0.86,0.86,-1.13,0.86,0.86,0.86,0.86,-1.12,0.85,-1.0,0.86,-1.06,0.86,0.86,-1.06,0.85,0.85,0.86,0.86,0.86,0.86,0.86,0.86,0.86,0.86,0.86,0.86,0.86,0.86,0.86,0.86,0.84,0.86,0.84,0.86,0.86,0.86,0.86,0.84,0.86,0.85,0.86,0.86,0.85,0.86,0.86,0.84,0.77,0.76,0.86,0.86,0.86,0.77,0.75,0.86,0.86,0.8,0.86,0.86,0.86,0.86,0.86,0.86,0.86,0.85,0.86,0.86,0.84,0.83,0.86,0.86,0.83,0.86,0.86,0.86,0.84,0.85,0.86,0.86,0.85,0.86,0.86,0.86,0.86,0.85,-1.12,0.85,-1.01,0.84,-1.05,0.84,0.86,-1.02,0.86,0.86,0.86,-1.03,0.86,0.86,0.86,0.85,0.86,0.86,0.86,0.86,0.85,0.86,0.86,0.85,0.86,0.86,0.86,0.86,0.86,0.86,0.85,0.86,0.86,0.86,0.86,0.84,0.78,0.86,-1.04,0.85,0.86,-1.09,0.84,0.86,0.85,0.86,0.86,0.86,0.86,0.86,0.86,-1.14,0.86,0.86,0.86,0.86,0.86,0.82,0.81,0.86,0.86,-1.09,0.86,0.86,0.85,0.85,0.86,-1.11,0.85,0.86,0.86,-1.09,0.86,0.86,0.86,0.86,0.86,0.85,0.86,0.86,0.86,0.84,0.86,0.86,0.86,0.86,0.85,-1.02,0.84,0.84,0.85,0.86,0.82,0.83,0.86,0.86,0.85,0.86,0.86,0.85,0.86,0.86,0.86,0.86,0.86,0.86,0.86,0.84,0.84,0.86,0.86,0.86,0.77,0.84,0.86,0.86,0.86,0.86,0.86,0.86,0.86,0.86,-1.06,0.84,0.86,0.86,0.86,0.85,0.86,0.86,0.86,0.86,0.84,0.86,0.83,0.86,-1.01,0.85,0.85,0.86,0.85,0.86,0.86,0.86,0.86,0.86,0.86,0.86,0.86,0.86,0.81,0.86,0.85,0.86,0.85,0.86,0.85,0.86,0.86,0.84,0.86,0.86,0.85,0.81,0.86,0.86,0.86,0.86,0.86,-1.02,0.86,-1.02,0.86,0.85,0.86,0.86,0.84,0.84,0.86,-1.12,0.84,0.86,0.86,0.86,0.86,-1.13,0.86,0.85,0.86,0.85,0.86,0.86,0.86,0.86,0.86,0.86,0.86,0.86,0.86,0.86,0.84,0.86,0.85,0.83,0.86,0.86,0.85,0.64,0.86,0.83,0.86,0.86,0.85,0.86,0.86,0.86,0.86,0.86,-1.2,0.85,0.86,0.85,0.84,0.83,0.85,0.86,0.83,0.85,0.86,0.86,0.86,0.86,0.85,0.86,0.86,0.85,-1.02,0.86,0.86,-1.09,0.85,0.85,0.86,0.86,0.86,0.83,0.85,0.86,0.85,0.86,0.86,-1.13,0.86,0.86,0.86,0.86,0.85,0.86,-1.0,0.86,0.86,0.86,0.85,0.86,0.86,0.85,0.84,0.86,0.85,0.85,0.86,0.86,0.66,0.71,0.85,0.84,0.85,0.86,0.86,0.86,-1.05,0.85,0.86,-1.02,0.86,0.86,0.85,0.71,0.86,0.85,0.85,0.86,0.85,0.84,0.86,0.84,0.86,0.86,0.86,0.84,0.86,0.86,0.86,0.85,0.86,0.86,0.86,0.86,0.86,0.86,0.86,0.84,0.85,0.86,0.86,0.85,0.86,-1.07,0.86,0.86,0.86,0.86,0.86,0.85,0.86,0.86,0.86,0.86,0.86,0.85,0.86,0.85,0.86,0.86,0.86,0.86,0.85,0.86,0.86,0.86,0.83,0.86,0.86,0.86,0.86,0.73,-1.09,0.86,0.86,0.86,0.86,0.85,0.86,0.86,0.86,0.86,0.86,-1.05,0.85,0.86,0.86,0.72,-1.02,0.86,0.86,0.85,0.86,0.86,0.86,0.86,0.86,0.86,0.86,0.86,0.86,0.86,0.86,0.85,0.86,0.84,0.86,0.86,0.86,0.86,0.86,-1.13,0.86,0.86,0.86,0.84,0.86,-1.02,0.86,0.86,0.86,0.86,0.86,-1.11,-1.07,0.86,-1.19,0.84,0.86,0.86,0.86,0.86,0.83,0.86,0.86,0.86,0.84,0.86,0.76,0.85,0.85,0.85,0.8,0.86,0.86,0.86,0.86,0.86,0.86,0.86,0.86,0.86,0.86,0.86,0.86,0.86,0.86,0.86,0.84,0.86,0.86,0.84,0.86,0.85,0.86,-1.03,0.86,0.84,0.86,0.86,0.86,0.86,0.86,0.86,0.84,0.86,0.86,0.85,0.86,0.86,0.86,0.82,0.86,0.86,-1.09,0.86,0.86,0.86,0.86,0.86,0.85,0.86,0.84,0.86,0.86,0.86,0.86,0.85,0.85,0.86,0.74,0.86,0.86,0.86,0.8,0.86,0.86,0.86,0.86,-1.12,0.86,0.86,0.84,0.86,0.86,0.86,0.86,0.86,0.83,0.85,-1.15,0.86,0.85,0.86,0.86,0.86,0.86,0.77,0.83,0.86,0.86,0.85,0.86,0.74,0.86,0.86,0.84,0.77,0.71,0.84,0.86,-1.1,0.86,-1.06,0.86,0.85,0.86,0.85,0.7,0.85,-1.11,0.84,0.83,0.85,0.86,0.85,0.86,-1.03,-1.13,0.86,0.83,0.85,0.86,0.86,0.86,0.85,0.86,0.86,0.86,0.86,0.85,0.86,-1.01,0.85,0.86,0.86,0.86,0.86,0.84,0.85,0.71,0.86,0.84,0.84,0.86,0.86,0.86,-1.01,0.86,-1.02,0.84,-1.0,0.86,0.86,0.86,-1.03,-1.03,0.86,0.85,0.86,0.86,0.86,0.85,0.86,0.86,0.86,0.86,0.86,0.83,0.8,0.84,-1.02,0.86,0.86,-1.01,0.85,0.86,0.86,-1.1,0.84,0.85,0.86,0.86,0.85,0.84,0.86,0.86,0.86,0.86,0.84,0.86,0.86,0.86,0.86,0.86,0.85,0.86,0.86,0.85,0.86,0.86,0.86,0.86,0.86,0.86,0.86,0.86,0.86,0.85,-1.15,0.86,0.86,0.86,0.86,0.86,0.86,0.71,0.86,0.86,0.84,0.86,0.86,0.85,0.86,0.86,0.86,0.86,0.86,0.86,0.86,0.86,0.86,0.85,0.86,0.86,0.86,0.86,0.86,0.84,-1.0,0.86,0.85,0.86,0.86,0.86,0.86,0.85,0.84,0.86,0.86,0.86,0.86,0.86,0.77,0.85,0.86,0.8,0.86,0.83,0.86,0.86,0.86,0.86,0.86,0.86,0.86,0.86,0.84,0.86,0.86,0.75,0.85,0.86,0.86,0.86,0.86,0.86,0.86,0.86,0.86,0.86,0.86,0.86,0.86,0.86,0.86,0.85,0.86,0.86,0.86,0.86,0.86,-1.12,-1.13,0.84,0.85,0.86,0.86,0.85,0.86,0.86,-1.11,0.84,0.82,0.85,0.86,0.86,0.86,0.86,-1.0,-1.03,0.85,0.86,0.86,0.84,0.86,0.86,0.86,0.85,0.86,0.86,0.86,0.85,0.86,0.86,0.86,0.85,0.86,0.86,0.86,0.86,0.85,0.86,0.86,0.86,0.86,0.86,0.86,0.86,0.86,0.83,0.86,0.86,0.78,0.86,0.86,0.86,-1.11,0.86,0.86,0.86,0.85,0.86,0.86,0.86,0.81,0.86,0.86,0.72,0.86,0.86,0.79,-1.0,0.85,0.86,0.86,0.86,-1.12,0.86,0.86,0.86,0.86,0.86,0.86,0.86,0.86,0.86,0.86,0.83,0.83,0.85,0.86,0.86,0.86,0.86,0.86,0.86,0.85,0.86,0.86,0.86,0.84,0.86,-1.15,0.86,0.86,0.86,0.86,0.86,0.86,0.86,0.84,0.66,0.82,0.85,0.86,0.86,0.83,0.77,0.84,0.86,0.86,0.86,0.86,0.86,0.86,0.86,0.86,0.86,0.86,0.86,0.84,0.86,0.86,0.86,0.86,0.86,0.86,0.84,0.86,0.86,0.86,0.84,0.86,0.86,-1.03,0.86,0.86,0.85,0.86,0.86,0.86,0.86,0.84,0.86,0.86,0.86,0.83,0.86,0.85,0.86,0.86,0.85,0.86,0.85,0.86,0.86,0.85,0.86,0.84,0.86,0.86,0.86,0.86,0.86,0.86,0.86,0.86,0.86,0.86,0.86,0.86,0.85,0.86,-1.09,0.86,0.85,0.86,0.85,0.86,0.84,0.86,0.86,0.86,0.86,0.86,-1.07,0.86,0.85,0.86,0.86,0.86,0.86,0.86,0.86,0.86,0.86,0.86,0.86,0.86,0.86,0.86,0.86,0.86,0.86,0.86,0.86,0.86,0.85,0.86,0.86,0.86,0.86,0.86,0.86,0.86,-1.08,0.85,0.86,0.85,0.86,0.86,0.86,0.86,0.86,0.83,0.86,0.86,0.86,0.85,0.86,0.86,0.86,-1.09,-1.02,0.85,0.86,0.86,-1.05,0.85,0.84,0.76,0.86,0.86,0.84,0.85,0.86,0.86,0.82,0.86,0.84,0.86,0.86,0.79,0.86,0.86,-1.04,0.86,0.86,0.86,0.84,0.86,0.86,0.86,0.86,-1.07,0.86,0.83,0.86,0.86,0.86,0.86,0.86,0.86,0.86,0.86,0.86,0.85,0.85,0.86,0.86,0.86,0.86,0.86,0.86,0.86,0.84,0.86,0.86,0.72,0.86,0.86,0.86,0.86,0.86,0.86,0.86,0.85,0.84,-1.14,0.86,0.86,0.86,0.85,0.86,0.84,0.86,0.84,0.86,0.86,-1.12,0.86,0.85,0.86,0.86,0.86,0.86,0.86,0.85,0.86,0.86,0.86,0.86,0.86,0.86,0.86,0.83,0.85,0.86,0.86,0.86,0.84,-1.01,0.86,0.86,0.86,0.86,0.86,0.86,-1.04,0.86,0.86,0.86,0.86,0.86,0.86,0.86,0.86,0.86,0.86,0.86,0.86,0.86,0.86,0.85,0.86,0.86,0.86,0.85,0.68,0.86,0.86,0.86,0.86,0.86,0.85,0.86,0.84,0.86,0.85,0.83,0.86,0.86,-1.02,0.85,0.86,-1.12,0.85,0.85,0.83,0.86,0.85,0.86,0.86,0.86,0.86,0.85,0.86,0.86,0.85,0.86,0.85,0.86,0.86,0.86,0.86,0.86,0.85,0.86,0.86,0.86,0.86,0.86,0.86,0.86,0.86,0.86,0.86,0.86,0.86,-1.0,0.86,0.86,0.86,0.86,0.86,0.86,0.86,0.86,0.86,0.86,0.85,0.84,0.7,-1.03,0.85,0.86,0.86,0.86,0.85,0.86,0.86,0.86,0.86,0.85,0.86,0.86,0.86,0.86,0.86,0.84,0.86,0.85,0.86,0.86,0.85,0.86,0.86,0.86,-1.02,0.86,0.85,0.83,0.86,0.85,0.73,0.86,0.85,0.86,0.86,0.86,0.86,0.86,0.86,0.7,0.86,0.86,0.85,0.86,0.86,0.86,0.86,0.83,0.86,0.86,0.85,0.86,0.86,0.86,0.83,0.86,0.86,0.86,0.86,0.86,0.86,0.86,0.86,0.86,0.69,0.86,-1.12,0.84,0.84,0.85,0.86,-1.13,0.85,0.85,0.86,0.85,0.86,0.86,0.86,0.86,0.86,0.85,0.86,0.86,0.86,-1.01,0.86,0.86,0.84,0.86,0.86,0.86,0.86,0.86,0.86,0.84,0.85,0.86,0.86,0.86,0.86,0.74,0.86,0.86,0.86,0.86,0.86,0.86,0.86,-1.02,0.86,0.76,0.86,0.86,-1.01,0.86,0.86,0.86,0.86,0.86,0.86,0.85,0.83,0.86,0.85,0.86,0.86,0.78,0.86,0.86,0.86,0.86,0.86,0.86,0.86,0.86,0.86,0.86,0.86,0.86,0.86,0.86,0.86,0.86,0.86,0.86
-1.04,0.64,-1.1,-1.06,0.59,-1.13,-1.0,-1.19,-1.12,0.64,0.83,-1.03,0.85,-1.05,0.81,0.76,-1.13,0.68,-1.08,0.83,0.81,0.85,0.83,0.86,-1.01,0.86,0.83,0.75,0.81,0.86,-1.04,0.81,0.84,0.85,0.79,0.79,0.61,0.86,0.84,0.85,0.82,0.84,0.84,0.84,0.83,0.79,-1.05,0.85,0.86,0.86,0.84,0.86,0.64,0.86,0.8,0.86,0.86,0.86,0.86,0.86,0.85,0.86,0.86,0.86,0.86,0.86,0.86,0.86,0.86,0.85,0.85,0.86,0.86,0.81,0.86,0.86,0.86,0.86,-1.1,0.86,0.86,0.84,0.86,0.86,0.86,0.86,0.86,0.86,0.85,0.85,0.86,0.86,0.85,0.86,0.86,0.86,0.84,0.84,0.84,0.86,0.86,0.85,0.86,0.86,0.86,0.86,0.86,0.86,0.86,0.84,0.86,0.86,0.79,0.85,-1.04,0.86,0.77,0.84,0.86,0.86,-1.02,0.86,0.85,0.86,0.86,0.86,0.86,0.84,0.86,0.86,0.86,0.86,0.85,0.85,0.86,0.86,-1.03,-1.19,0.86,0.86,0.81,0.86,0.86,-1.0,0.86,-1.05,0.84,0.86,0.86,0.86,0.85,0.84,0.86,0.84,0.86,0.86,0.86,0.86,0.85,0.86,0.86,0.86,0.85,0.86,0.86,0.85,0.86,0.85,0.86,0.86,0.86,0.86,0.86,0.86,0.86,0.86,0.77,0.86,0.86,0.86,0.86,0.86,0.85,0.86,0.86,0.83,0.86,0.86,0.86,0.86,0.86,0.84,0.86,-1.03,0.86,0.86,0.72,0.86,0.86,0.86,0.72,0.86,0.86,0.84,0.86,0.86,0.81,0.86,0.7,0.86,-1.12,0.86,0.85,0.86,0.86,0.86,0.86,0.86,-1.06,-1.06,0.84,0.86,0.86,0.84,0.86,0.86,-1.01,0.86,0.86,-1.12,0.86,0.86,0.86,0.86,0.84,0.86,0.81,0.86,0.86,0.86,0.86,0.86,0.86,0.86,0.86,0.86,0.86,0.84,0.84,-1.1,-1.1,0.83,-1.01,0.85,0.86,0.86,0.86,0.86,0.86,0.86,0.71,0.75,0.86,0.86,0.86,-1.11,0.86,0.86,0.86,0.86,0.86,0.86,0.86,0.86,0.84,0.85,0.86,0.86,0.86,0.86,0.85,0.85,0.86,0.86,0.86,0.84,0.86,0.86,0.85,0.86,0.86,0.86,0.86,0.86,0.86,-1.05,0.86,0.86,0.86,0.86,0.86,0.85,0.86,0.86,0.85,0.84,0.86,0.69,0.86,0.85,0.86,0.86,0.86,0.86,0.84,0.86,0.86,0.86,0.86,0.86,0.85,0.86,0.85,0.86,0.84,0.86,0.86,0.86,0.86,0.86,0.86,0.86,0.86,0.86,0.86,0.85,-1.07,0.86,0.86,-1.12,0.85,0.86,0.76,0.85,0.86,0.86,0.86,0.86,0.86,-1.02,0.86,0.86,0.86,0.86,-1.02,0.86,0.86,0.86,0.84,0.8,0.85,0.86,0.86,0.86,0.85,0.86,0.86,0.86,0.86,0.86,0.86,0.86,0.86,0.85,0.84,0.86,0.86,0.85,0.86,0.86,0.85,0.86,0.84,0.86,0.86,0.86,0.83,0.86,0.86,0.86,-1.07,0.86,0.86,0.86,0.84,0.86,0.86,0.86,0.83,0.86,0.86,0.86,0.86,0.86,0.83,0.86,0.86,0.86,0.86,0.84,0.86,0.86,0.86,0.8,0.86,0.84,0.86,0.86,0.86,0.86,0.86,0.86,-1.01,0.86,-1.13,0.86,0.86,0.85,0.86,0.86,0.86,0.86,0.86,0.75,0.86,-1.07,0.85,0.85,0.86,0.86,-1.11,0.86,0.86,0.86,0.86,0.86,0.84,0.84,0.86,0.86,0.86,0.86,0.86,0.86,0.75,0.86,0.86,0.86,0.86,0.84,0.86,0.81,0.86,0.86,0.86,0.86,0.86,0.85,-1.07,0.86,0.86,0.86,0.86,0.85,0.86,0.86,0.86,0.86,0.85,0.86,0.86,0.86,0.86,0.86,0.86,-1.02,0.86,0.86,0.85,-1.01,0.86,0.86,0.86,0.81,0.84,0.86,0.86,0.86,0.86,0.86,0.86,0.75,0.86,0.84,0.86,0.86,0.84,0.86,0.81,0.86,0.86,-1.07,0.86,0.86,0.86,0.86,-1.07,0.86,0.86,0.84,0.85,0.86,-1.04,0.86,0.86,0.84,0.86,0.86,0.86,0.86,0.86,-1.1,0.86,0.86,0.86,0.86,0.86,0.86,0.86,0.86,0.83,0.85,0.84,0.85,0.86,0.86,0.84,0.86,0.86,0.84,0.86,0.86,-1.12,0.86,0.86,0.86,-1.16,0.86,0.72,0.84,0.86,0.86,0.86,0.86,0.86,0.86,0.86,-1.05,0.86,0.86,-1.09,0.86,0.86,0.86,0.86,0.86,0.86,0.86,0.86,0.86,0.86,0.83,0.83,0.86,0.86,0.86,0.86,0.86,0.86,0.86,0.73,0.84,0.86,0.86,0.85,0.86,0.86,0.86,0.86,0.86,0.86,0.86,0.86,0.61,0.86,0.86,0.81,0.86,0.86,0.86,0.86,0.86,0.86,0.84,0.86,0.86,0.86,0.86,0.86,0.86,0.85,0.86,0.86,0.86,0.86,0.86,0.86,-1.03,0.83,0.86,0.86,0.86,0.86,0.85,0.86,0.86,0.86,0.86,0.86,-1.03,0.86,-1.13,-1.12,0.86,0.86,0.85,0.86,0.86,0.84,0.85,0.86,0.86,0.86,0.86,-1.03,0.86,0.85,0.86,0.86,0.86,0.86,0.86,0.86,-1.18,0.86,0.86,0.86,0.86,0.86,0.86,0.86,-1.07,0.86,0.84,0.86,0.86,0.86,0.72,-1.06,0.86,0.86,0.85,0.86,0.86,0.86,0.86,0.86,0.86,0.86,0.86,-1.03,0.86,0.86,0.85,0.86,0.86,0.86,0.85,0.86,0.86,0.86,0.86,0.65,-1.09,0.85,0.86,0.86,-1.06,0.86,0.84,0.86,0.86,0.86,0.86,0.86,0.83,0.86,0.86,0.86,0.86,0.86,0.86,0.86,0.86,0.86,0.86,0.86,0.86,0.86,0.85,0.86,0.84,0.86,0.86,0.85,0.86,0.86,0.86,0.86,0.86,-1.0,0.86,0.86,0.86,0.86,0.86,0.83,0.86,0.86,0.86,0.86,0.73,0.86,0.86,0.86,0.86,0.86,0.86,0.86,0.86,0.86,0.86,0.86,0.86,0.86,0.85,0.85,-1.05,0.86,0.86,0.86,0.86,0.86,0.86,-1.03,0.86,0.86,0.86,0.86,0.86,0.86,0.86,0.84,0.86,0.86,0.86,0.86,0.84,0.86,0.86,0.86,-1.15,0.86,0.86,0.86,0.86,0.86,0.85,0.83,0.83,0.86,0.84,0.86,0.86,0.84,0.86,-1.12,0.84,0.86,0.86,0.86,0.85,0.86,0.84,0.85,0.85,0.86,0.84,0.86,0.84,0.84,0.86,0.86,0.86,0.86,-1.0,0.86,0.86,0.86,0.85,0.85,0.85,0.86,0.85,0.85,0.77,0.86,0.86,0.86,0.85,0.86,0.86,0.86,0.86,0.86,0.86,0.86,0.75,-1.11,0.86,-1.08,-1.12,0.86,0.86,0.86,0.86,0.86,0.86,-1.08,0.86,0.86,0.86,0.86,0.86,0.86,0.86,-1.08,0.86,0.86,0.86,0.86,0.82,0.86,0.86,0.84,0.86,0.61,0.86,0.84,0.71,0.86,0.86,0.86,0.86,0.86,-1.05,0.86,0.86,0.84,0.86,0.86,0.86,0.86,0.84,0.86,-1.1,0.84,0.86,0.86,0.86,0.86,0.85,0.85,0.86,0.86,0.86,0.83,0.86,0.83,0.86,-1.12,0.86,0.86,0.86,0.86,0.86,0.86,0.86,0.86,0.86,-1.02,0.86,0.86,0.86,0.86,0.86,0.85,0.86,0.86,0.86,0.86,0.86,0.86,0.86,0.86,0.86,0.86,0.86,0.86,0.86,0.86,0.85,0.85,0.85,0.86,0.86,0.86,0.84,0.86,0.86,0.86,0.86,-1.11,0.86,0.84,0.86,0.86,0.84,0.86,0.86,-1.12,0.85,0.86,0.86,0.74,0.86,0.86,0.86,0.86,0.69,0.86,0.82,0.86,0.84,0.86,0.86,0.84,0.86,0.86,-1.07,0.83,0.86,0.86,0.83,0.86,0.84,0.86,-1.04,0.86,-1.0,0.86,-1.06,0.86,0.86,0.85,0.86,0.86,0.86,0.86,0.84,0.86,0.86,0.84,0.86,0.85,0.86,0.86,0.86,-1.12,0.86,0.86,0.73,0.86,0.85,0.86,0.86,0.86,0.86,0.85,0.86,0.86,0.85,0.86,0.85,0.86,0.85,0.73,0.86,0.86,0.85,0.86,0.86,0.71,0.86,0.86,0.86,0.85,0.86,0.86,0.86,-1.01,0.85,0.86,0.86,0.86,0.85,0.85,0.86,0.86,0.86,0.86,0.86,0.86,0.86,0.86,0.86,0.84,-1.05,0.85,0.86,0.86,0.86,0.86,0.86,0.86,0.86,0.86,0.86,0.83,0.86,-1.05,0.86,0.86,-1.14,0.71,0.86,0.86,0.86,0.84,0.86,0.86,0.85,0.86,0.86,0.86,-1.16,0.86,0.86,0.86,0.86,-1.1,0.84,0.86,0.86,0.86,0.86,0.82,0.84,0.85,0.84,0.86,0.86,0.86,0.86,-1.03,0.84,0.86,0.86,0.85,0.85,0.85,0.84,0.86,0.86,-1.1,0.86,0.86,0.84,0.86,0.84,0.85,0.86,0.86,0.86,0.86,0.86,0.86,0.86,0.86,0.86,0.86,0.86,0.86,0.86,0.86,0.86,0.86,0.74,0.85,-1.0,0.86,0.86,0.86,0.86,0.86,0.85,0.76,0.86,0.86,0.85,0.86,0.85,0.86,0.86,0.86,0.86,0.86,0.86,0.86,0.86,0.86,0.86,0.86,0.86,0.86,0.86,0.86,0.86,0.84,0.86,0.86,0.79,0.86,-1.13,0.84,-1.03,0.84,0.86,0.86,0.85,0.83,0.86,0.86,0.86,0.86,0.86,0.86,0.86,0.86,0.86,0.85,0.86,0.86,0.86,0.86,0.86,0.86,0.86,0.86,0.86,0.86,0.86,0.86,0.86,0.86,0.86,-1.0,0.86,0.86,0.86,0.86,0.86,0.86,-1.06,0.86,0.84,0.86,0.86,0.86,0.86,0.86,0.86,0.86,0.86,0.86,0.86,0.85,0.86,0.86,0.86,0.86,0.86,0.86,0.86,0.86,0.86,0.86,0.86,0.86,0.86,0.86,0.86,0.86,0.86,0.85,0.86,0.86,0.8,0.86,0.85,0.86,0.86,0.86,0.86,0.86,0.86,-1.13,0.71,-1.13,0.86,0.86,0.85,0.86,0.86,0.86,0.85,0.86,0.84,0.86,-1.06,0.86,0.86,0.86,0.85,0.86,0.86,0.86,0.85,0.86,-1.02,0.86,0.85,0.86,0.86,0.86,0.86,0.86,0.86,0.86,0.56,0.86,0.86,-1.04,0.86,0.86,0.86,0.86,0.86,0.86,0.86,0.83,0.86,0.86,0.85,0.86,0.86,0.84,0.86,-1.04,0.86,0.86,0.86,0.86,0.86,0.84,0.83,0.85,0.83,-1.11,0.86,0.86,0.86,0.86,0.86,0.86,0.86,0.86,0.86,0.86,0.83,0.84,0.86,0.86,0.85,0.86,-1.0,0.86,0.84,-1.05,0.85,0.86,0.86,0.86,0.86,0.86,-1.04,0.86,-1.02,0.86,0.86,0.69,0.86,0.85,0.86,0.86,0.74,0.84,0.86,0.8,0.84,0.75,0.85,0.84,0.86,0.86,0.85,0.86,0.86,0.86,0.86,-1.04,0.85,0.86,0.86,0.86,0.86,0.86,0.85,0.86,0.84,0.86,0.86,0.85,0.86,0.86,0.86,0.85,0.86,0.85,-1.11,0.84,0.86,0.86,0.86,0.85,0.86,0.86,0.72,0.86,0.86,-1.03,0.86,0.86,0.86,0.85,0.86,0.86,0.82,0.86,0.86,-1.12,0.84,0.85,0.86,0.86,0.86,0.86,0.86,0.73,0.86,0.86,0.86,0.86,0.86,0.85,0.86,0.86,0.86,0.85,0.86,0.86,0.86,0.86,0.86,0.86,0.86,-1.04,0.86,0.86,0.86,0.86,0.86,0.86,0.86,0.86,0.86,0.86,0.86,0.86,-1.13,0.85,0.86,0.77,0.86,0.86,0.86,0.81,0.86,0.84,0.71,0.86,0.86,0.86,0.86,0.86,0.78,0.86,0.86,0.86,0.86,0.86,0.86,0.86,0.86,0.86,-1.04,-1.03,0.86,0.86,0.84,0.84,0.86,0.86,0.83,0.86,-1.0,0.86,0.86,0.86,0.86,0.86,0.83,0.86,0.86,0.84,0.85,0.86,0.84,0.86,0.86,-1.14,0.86,0.86,0.86,0.85,0.85,0.85,0.86,0.72,0.86,0.86,0.86,0.86,0.84,0.86,0.86,0.86,0.73,0.86,-1.07,0.86,0.86,0.86,0.86,0.85,0.86,0.86,0.86,0.86,0.86,-1.09,0.86,0.86,0.86,0.86,-1.16,0.84,0.86,0.86,0.86,0.86,0.86,0.85,0.86,0.85,-1.14,0.85,0.86,0.86,0.86,0.86,0.85,0.85,0.86,0.86,-1.01,0.84,0.86,0.86,0.86,0.86,0.86,0.86,0.86,0.86,0.86,0.85,0.85,0.86,0.85,0.86,0.86,0.86,0.72,0.86,0.86,0.86,0.86,0.84,0.86,0.85,0.86,0.86,0.86,0.86,0.84,0.86,0.85,0.86,0.86,0.86,0.85,-1.15,0.85,0.85,0.86,0.86,0.86,0.86,0.85,0.86,0.86,0.86,0.86,-1.12,0.86,-1.07,0.86,0.86,0.86,0.86,0.86,0.86,0.86,0.86,0.86,0.86,0.85,0.86,0.86,0.86,0.86,0.86,0.86,0.84,0.86,0.86,0.86,0.86,0.86,0.86,-1.13,0.85,0.86,0.85,0.86,-1.03,-1.06,-1.06,0.86,0.86,0.81,0.86,0.85,0.85,0.86,0.86,0.86,0.86,0.86,0.84,0.86,0.86,0.86,0.86,-1.09,0.86,0.86,-1.14,0.86,0.85,0.86,0.86,0.86,0.86,0.86,0.81,0.86,0.86,0.86,0.86,0.86,0.86,0.86,0.86,0.86,0.84,0.86,0.85,0.84,0.86,0.86,0.86,0.86,0.86,0.86,0.86,0.86,-1.0,-1.06,-1.05,0.83,0.84,0.86,0.85,0.86,0.86,0.86,0.86,0.86,0.86,-1.08,0.86,0.85,0.86,0.86,0.86,0.86,0.86,0.86,0.84,-1.15,0.86,0.85,0.86,-1.12,0.86,0.84,0.85,-1.15,0.85,0.86,0.86,0.86,0.85,0.86,0.86,0.86,-1.07,0.86,-1.13,0.86,-1.06,0.85,0.85,0.86,0.86,0.86,0.86,0.86,0.86,0.83,0.86,0.86,0.86,0.86,0.86,0.86,0.86,-1.04,0.86,0.77,0.86,0.85,0.86,0.86,0.86,0.86,0.86,0.86,0.86,-1.07,0.86,0.86,0.86,0.86,0.86,0.86,0.86,0.84,0.86,0.86,0.86,0.86,0.86,-1.03,0.86,0.86,0.86,0.85,0.85,0.86,0.86,0.86,0.86,0.86,0.86,0.86,0.86,0.84,0.86,0.86,0.86,0.81,0.86,0.86,0.85,0.85,0.86,0.86,0.86,0.86,0.86,0.86,0.86,0.86,0.86,0.79,0.86,0.86,0.86,0.86,0.86,0.86,0.86,0.79,0.86,0.86,0.86,0.86,0.86,0.86,0.86,0.86,0.86,0.86,0.86,0.86,0.86,0.85,0.86,0.86,0.86,0.86,0.86,0.86,0.86,-1.12,0.85,0.69,0.86,0.83,0.85,0.86,0.86,-1.04,0.86,0.86,0.86,0.86,0.85,0.86,0.86,0.86,0.85,0.86,0.86,0.84,0.86,0.84,0.86,0.86,0.86,0.85,0.82,0.86,0.76,0.86,0.86,0.86,0.86,0.86,0.86,0.86,0.86,0.84,0.86,0.86,-1.11,0.86,0.86,0.86,0.86,0.86,0.86,0.86,0.86,0.86,0.85,-1.11,0.85,0.86,0.85,-1.12,0.86,0.86,0.86,0.86,0.86,0.85,0.86,0.86,0.86,0.86,-1.07,0.85,0.86,0.86,0.86,0.84,0.86,-1.14,0.86,0.78,0.86,0.86,0.86,-1.1,0.84,0.86,-1.12,0.86,-1.18,0.86,-1.12,0.85,0.85,0.86,0.86,0.85,0.82,0.86,0.86,0.85,0.86,-1.02,0.84,0.86,0.8,0.85,0.86,0.86,0.86,0.78,0.86,0.83,-1.01,0.85,0.86,0.86,-1.05,0.86,0.85,-1.12,0.86,0.85,0.86,0.86,0.86,0.84,0.86,0.86,0.83,0.85,0.86,0.82,0.85,0.86,0.86,0.86,0.86,0.86,0.85,0.85,0.86,0.86,0.86,-1.02,0.86,0.86,0.86,0.84,0.82,0.83,0.86,0.84,0.86,0.86,0.82,0.86,0.86,-1.03,0.86,0.86,0.86,0.86,-1.1,0.8,0.85,0.86,0.86,0.85,0.86,0.86,0.84,0.81,0.86,0.86,0.86,0.86,0.85,0.86,0.86,0.86,0.86,0.86,0.86,0.86,0.86,0.86,0.84,-1.08,0.86,0.79,0.86,0.86,0.86,0.86,0.86,0.86,0.84,0.86,0.86,0.86,0.86,0.86,0.86,0.86,0.85,0.86,0.86,0.86,0.86,0.86,-1.08,0.84,0.86,-1.03,0.84,0.86,0.86,0.86,0.86,0.86,0.85,0.86,0.86,0.84,0.86,0.85,0.86,0.86,0.82,0.86,-1.1,0.83,0.86,0.85,0.85,0.86,0.86,0.86,0.86,0.86,0.86,0.86,0.86,0.85,0.86,0.86,0.84,0.86,0.71,0.86,0.86,0.86,0.86,0.86,0.86,0.86,0.84,0.84,0.86,0.86,0.83,0.86,0.86,0.86,0.86,0.86,0.86,0.84,0.86,0.86,0.86,0.86,0.69,0.79,0.85,0.84,0.86,0.86,0.83,-1.01,0.86,0.86,0.86,0.86,0.86,0.86,0.84,0.86,0.86,0.86,0.86,0.83,0.86,0.84,0.86,0.83,0.85,0.86,0.86,0.86,0.84,-1.17,-1.02,0.73,0.86,0.86,0.86,0.86,0.86,0.86,0.86,0.85,0.86,0.86,0.86,0.86,-1.13,0.85,0.86,0.86,0.86,0.86,-1.0,0.86,0.86,0.85,0.86,0.85,0.84,0.85,0.86,0.86,0.85,0.85,0.86,0.85,0.86,0.86,0.86,0.86,0.84,0.84,0.86,0.86,0.86,0.86,0.85,0.86,0.86,0.86,0.86,0.86,0.86,0.85,0.86,0.86,0.86,0.86,0.85,-1.13,0.86,0.76,0.86,-1.13,0.86,0.83,0.71,-1.13,0.85,0.86,0.86,0.86,0.86,0.86,0.86,0.85,0.86,0.86,0.86,0.82,0.86,0.84,0.86,0.86,0.86,0.86,0.86,0.86,0.86,0.86,-1.04,-1.02,0.86,-1.07,0.86,0.86,0.86,0.86,0.86,0.86,0.86,0.86,0.85,0.86,0.86,0.86,0.84,0.86,0.85,0.86,0.86,0.86,0.86,0.86,0.86,0.86,0.85,0.86,0.86,0.85,0.86,0.86,0.86,0.86,0.86,0.86,0.86,0.84,0.86,0.86,0.86,0.86,0.84,0.84,0.86,-1.03,0.86,0.86,0.86,0.84,0.86,0.85,0.86,-1.05,0.85,0.85,0.86,0.86,0.84,-1.01,0.84,0.84,0.86,0.86,0.86,0.84,0.86,0.86,0.86,0.86,-1.03,0.71,0.85,0.86,0.85,0.86,0.86,0.86,0.86,0.86,0.85,0.86,0.86,0.85,0.81,0.86,0.86,0.62,0.86,0.86,0.86,0.86,-1.01,-1.08,0.84,0.86,0.85,0.85,0.86,0.86,0.85,0.86,0.86,0.86,0.86,0.86,0.86,0.86,0.86,0.84,0.86,0.79,0.86,0.86,0.86,0.86,0.86,-1.05,0.86,-1.06,0.72,-1.1,0.85,0.86,0.86,0.86,0.86,0.84,0.82,0.85,0.71,0.86,0.83,0.81,0.86,-1.1,-1.03,0.77,0.85,0.86,0.86,0.86,0.86,0.86,0.86,0.86,0.86,0.85,0.85,0.86,0.84,0.84,0.86,0.85,0.86,0.86,0.86,0.86,0.86,0.86,0.76,0.86,0.86,0.86,0.86,0.86,0.86,0.82,0.86,0.86,0.86,0.86,0.85,0.86,0.86,0.86,0.86,0.86,0.86,0.86,0.83,0.86,0.86,0.86,0.86,0.85,0.86,0.85,0.85,0.86,0.86,0.85,-1.14,-1.15,0.86,0.86,0.86,0.86,0.86,0.86,0.85,0.85,0.85,0.86,0.86,0.84,0.86,0.85,0.85,0.86,0.86,0.86,0.86,0.86,0.86,0.86,0.86,0.85,0.86,0.85,0.84,0.86,0.86,-1.04,-1.05,0.71,0.86,0.85,0.86,0.86,0.86,0.86,0.77,0.86,0.68,-1.04,0.86,-1.14,0.86,0.86,0.82,0.86,0.86,0.86,0.86,0.86,0.86,0.86,0.86,0.86,-1.02,0.86,0.86,0.86,-1.1,0.85,0.86,0.86,0.79,0.86,0.84,0.83,0.86,0.86,0.86,0.86,0.86,0.86,0.86,0.86,0.86,0.86,0.86,0.86,0.86,-1.06,0.86,0.86,0.86,0.86,0.86,-1.0,0.86,0.86,0.86,0.83,0.86,0.86,0.86,0.86,0.86,-1.12,0.86,0.86,0.85,0.86,0.86,0.86,0.86,0.86,0.86,0.86,0.86,0.86,0.85,0.86,0.85,0.86,0.86,0.86,0.86,0.86,0.85,-1.03,0.85,0.86,0.86,0.86,0.78,-1.07,0.86,0.85,0.85,0.86,0.85,0.86,0.86,0.84,0.86,0.86,-1.05,0.86,0.84,0.85,0.86,0.85,0.86,0.86,0.86,0.86,0.86,0.85,0.86,0.86,0.86,0.86,0.86,0.85,0.85,0.86,0.86,0.85,0.86,0.86,0.78,0.86,0.86,0.86,0.86,0.86,0.84,0.86,0.84,0.86,0.86,0.84,0.85,0.86,0.86,0.84,0.86,0.86,0.86,0.86,0.86,0.86,0.84,0.85,0.86,0.86,0.78,0.86,0.86,-1.06,0.86,0.83,0.86,0.86,0.85,-1.09,0.85,0.86,0.86,0.86,0.86,0.86,0.86,0.85,0.86,0.86,0.86,0.86,0.85,0.86,0.86,0.86,0.77,0.84,-1.12,0.85,0.86,0.86,0.86,0.86,0.86,0.86,0.84,0.86,0.86,0.86,0.86,-1.0,0.86,0.85,-1.03,0.86,0.85,0.86,0.86,0.86,0.86,0.86,0.84,0.84,0.86,0.84,0.86,0.86,0.86,0.86,0.86,0.85,0.84,0.84,0.86,0.86,0.86,0.86,0.86,0.86,0.84,0.86,0.86,0.86,0.86,0.86,0.83,0.86,0.86,0.86,0.86,0.86,0.86,0.86,0.85,0.86,0.86,0.86,-1.04,-1.04,0.85,0.71,0.86,0.86,0.86,0.86,0.85,0.86,0.85,0.86,0.86,0.86,-1.02,0.85,0.86,0.86,0.86,0.86,0.86,-1.02,0.86,0.86,-1.11,0.86,0.85,0.86,0.86,0.86,0.86,0.86,0.86,0.86,-1.13,0.86,0.86,0.86,0.86,0.86,0.86,0.86,0.86,0.86,0.86,0.86,0.86,0.86,0.86,-1.03,0.86,-1.03,0.86,0.86,0.85,0.86,0.86,0.86,0.86,0.86,0.86,0.85,0.86,0.84,0.86,0.86,0.85,0.86,0.86,0.86,0.81,0.86,0.73,0.86,0.86,0.86,0.86,0.85,0.84,0.86,0.86,0.86,0.85,0.86,0.86,0.86,0.86,0.86,0.86,0.86,0.86,0.86,0.86,0.86,0.86,0.86,0.85,0.86,0.86,0.86,0.86,-1.13,0.86,0.86,0.86,0.86,0.84,0.86,0.85,0.84,0.84,-1.12,0.84,0.86,0.86,0.86,-1.11,0.85,0.86,0.86,0.85,0.86,0.76,0.84,0.86,0.86,0.85,0.84,0.85,0.86,0.85,-1.13,0.85,0.81,0.82,0.86,0.86,0.86,0.86,0.86,0.86,0.84,0.86,0.86,0.85,0.86,0.86,0.86,0.86,0.86,0.86,0.86,0.86,-1.11,0.86,0.86,0.86,0.86,0.86,0.84,0.86,-1.16,0.86,0.86,0.86,0.86,0.85,0.86,0.86,0.86,-1.07,0.86,0.69,0.85,0.86,0.86,0.86,0.86,0.86,0.85,0.86,0.86,0.84,0.86,0.86,0.78,0.86,0.86,0.85,0.86,-1.08,0.86,0.85,0.86,0.86,0.86,0.86,0.86,0.86,0.85,0.84,0.86,0.86,0.86,0.82,0.86,0.85,0.86,0.86,0.86,0.86,0.86,0.86,0.86,0.8,0.86,0.86,0.86,0.82,0.86,0.86,0.86,0.86,0.86,0.86,0.86,0.86,0.86,0.85,0.86,0.86,0.85,0.86,0.85,0.86,0.85,0.86,0.86,0.86,0.86,0.86,0.86,0.86,0.86,0.86,0.86,0.86,0.86,0.86,0.86,0.86,0.86,0.86,0.86,0.86,0.86,0.86,0.86,0.86,0.86,0.86,0.86,0.83,0.86,0.86,0.86,0.86,0.85,0.84,0.86,0.86,0.84,-1.13,0.86,0.86,0.86,0.86,0.86,0.86,0.86,0.85,0.86,0.86,0.86,0.85,0.86,0.86,0.85,-1.01,0.86,0.86,0.84,0.86,0.86,0.86,0.86,0.86,0.84,0.85,0.86,0.86,0.86,0.86,0.86,0.86,0.79,0.86,0.86
-1.12,-1.16,-1.38,0.83,0.83,-1.04,0.7,-1.3,-1.03,0.8,-1.16,0.7,-1.2,0.84,0.76,0.8,0.72,-1.0,0.77,-1.06,0.71,-1.34,0.69,0.82,0.84,0.86,-1.11,0.83,0.78,0.86,0.79,-1.05,-1.0,0.83,-1.08,-1.07,0.85,0.84,0.85,0.86,0.81,0.84,0.86,-1.17,0.76,0.86,0.86,0.86,0.85,0.86,0.84,0.86,0.86,0.8,0.82,0.86,0.86,0.86,0.86,0.86,0.83,-1.03,0.86,0.85,0.84,0.86,0.86,0.86,0.86,0.86,0.86,0.86,0.86,0.86,0.86,0.86,0.85,0.83,0.86,0.83,0.86,0.86,0.86,0.84,0.86,0.86,0.85,0.86,0.84,0.86,0.86,0.85,0.86,0.86,0.86,0.85,0.85,0.86,0.84,0.86,0.86,0.86,0.86,0.86,0.86,0.86,0.86,0.86,0.86,0.86,0.85,0.86,0.86,0.86,0.82,0.85,-1.1,0.86,0.86,0.7,0.86,0.86,0.86,0.86,0.86,0.86,0.86,-1.05,0.84,0.86,0.85,0.85,0.86,0.86,0.86,0.84,0.86,0.86,0.85,0.86,0.86,-1.02,0.86,0.86,0.84,-1.16,0.86,0.86,0.86,0.86,-1.15,0.86,0.86,0.86,0.85,0.86,0.86,0.86,0.86,0.86,0.86,0.84,0.86,0.86,0.86,0.86,0.86,0.86,0.86,0.86,0.86,0.86,-1.09,0.86,0.86,0.86,0.84,0.86,0.86,0.86,0.84,0.86,0.86,0.76,0.86,0.86,0.86,0.86,0.86,0.86,0.86,0.83,0.86,0.84,0.85,0.86,0.86,0.86,0.86,0.86,0.86,0.86,0.84,0.86,0.86,0.86,0.86,0.85,0.86,0.85,0.75,0.86,0.86,-1.12,0.86,0.83,0.86,0.86,0.84,-1.08,0.86,0.83,0.86,0.86,0.86,0.86,0.86,0.86,0.85,0.86,0.86,0.86,0.86,0.86,0.84,0.86,0.86,0.86,0.86,-1.15,-1.02,0.86,0.86,0.85,0.86,0.86,0.86,0.83,0.86,0.86,0.86,0.86,-1.11,0.86,0.86,0.86,-1.07,0.86,0.85,0.81,0.86,0.84,0.85,0.83,0.86,0.86,-1.11,-1.01,0.86,0.86,0.86,0.85,0.86,0.86,0.86,0.86,0.86,0.86,0.86,0.86,0.86,0.86,0.86,0.86,0.86,0.86,0.86,-1.11,0.86,0.85,0.85,0.86,0.86,0.86,0.86,-1.02,0.86,0.71,0.86,0.86,0.86,0.86,0.86,0.86,0.86,0.86,0.86,0.86,0.86,0.86,0.86,0.86,0.86,0.77,0.86,0.71,0.86,0.86,0.86,0.86,0.86,0.86,0.86,0.86,0.86,0.86,0.86,-1.08,0.86,0.86,0.85,-1.08,0.86,0.86,0.86,-1.02,0.86,0.85,0.86,0.86,0.79,0.86,0.86,0.86,0.86,0.84,0.86,0.76,0.86,0.86,0.86,0.82,0.86,0.86,0.86,0.86,0.86,0.7,0.86,0.77,0.85,0.86,0.86,0.86,0.86,0.86,0.86,0.84,0.86,0.86,0.85,0.86,0.86,0.86,0.86,0.8,0.86,0.86,0.86,0.86,0.86,0.86,-1.12,0.85,0.86,-1.08,0.86,0.86,0.76,0.86,0.86,0.86,0.86,-1.11,0.78,0.86,0.86,0.86,0.86,0.86,-1.08,0.86,0.86,0.8,0.86,0.86,0.86,0.83,0.86,0.86,0.86,0.84,0.86,0.86,0.86,0.86,0.86,-1.02,0.86,0.86,0.86,0.86,0.86,0.86,0.86,0.86,0.85,0.86,0.86,0.86,-1.04,0.84,0.86,0.86,0.86,0.86,0.86,0.86,-1.12,0.86,0.86,0.86,-1.28,0.86,0.86,0.86,0.86,0.74,-1.03,0.86,0.64,0.86,0.86,0.86,-1.07,0.86,0.86,0.86,0.86,-1.12,0.86,0.86,0.86,0.86,0.86,0.86,0.86,0.86,0.86,0.76,0.86,0.86,0.86,0.86,0.86,0.86,0.86,0.86,0.86,0.86,-1.2,0.86,0.86,0.84,0.86,0.86,0.86,0.86,0.86,0.86,0.85,0.86,-1.05,0.84,0.86,0.86,0.86,0.86,0.86,0.86,0.86,0.86,0.84,0.86,0.86,0.86,0.86,0.86,0.82,0.86,0.86,0.86,-1.07,-1.08,0.86,0.86,0.86,0.86,0.86,0.85,0.86,0.86,0.86,0.82,0.86,0.86,0.86,0.86,0.86,-1.12,0.86,0.86,0.86,0.86,0.86,0.86,0.86,0.86,0.86,0.85,0.86,0.78,0.84,0.86,0.86,0.86,0.84,0.86,0.86,0.86,0.86,-1.03,0.86,0.86,0.86,0.86,0.85,0.86,0.73,0.86,0.86,0.86,0.86,0.84,0.86,0.86,0.86,0.85,0.86,0.85,0.85,0.86,-1.08,0.85,0.86,0.86,0.86,0.86,0.86,0.86,0.86,0.84,0.86,0.86,0.86,0.78,0.86,0.86,0.86,0.86,0.86,0.85,-1.13,0.85,0.85,0.86,0.73,0.86,0.85,0.85,0.86,0.86,0.86,0.84,0.86,0.86,0.84,0.85,0.86,0.86,0.86,0.86,0.86,0.86,0.86,0.85,0.85,0.85,0.86,0.82,0.86,0.86,0.86,0.86,0.86,0.85,0.86,0.86,0.86,0.86,0.86,-1.0,0.86,0.86,0.86,0.86,0.86,0.86,0.86,0.84,0.85,0.86,0.84,0.86,0.86,0.86,0.86,0.85,0.86,0.86,0.85,0.86,0.86,0.86,0.84,0.86,0.86,0.86,0.86,0.86,0.76,0.86,0.86,0.86,0.85,0.86,0.86,0.85,0.86,0.86,0.86,0.85,0.85,0.86,0.86,0.86,0.86,0.86,0.86,0.86,0.86,0.73,0.84,0.86,0.86,0.86,-1.03,0.86,0.86,0.86,0.86,0.86,0.86,0.86,0.84,0.86,0.86,0.86,0.86,0.86,0.86,0.86,0.84,0.86,0.85,0.75,0.86,0.84,0.86,0.86,0.86,-1.13,0.84,0.85,0.86,0.86,0.86,0.86,0.85,0.86,-1.19,0.86,0.78,0.85,0.86,0.86,0.86,0.86,0.86,0.86,0.86,0.84,0.85,0.86,0.86,0.86,0.84,0.86,0.86,0.86,0.86,0.86,0.86,0.86,0.86,0.86,0.86,0.86,0.86,0.86,0.86,0.86,0.86,-1.02,0.86,0.86,0.86,0.86,0.85,0.86,0.86,0.86,0.86,0.86,0.86,0.86,0.86,0.86,0.86,0.86,0.85,0.79,0.86,0.86,0.86,0.86,0.86,0.84,0.86,0.86,0.86,0.86,0.86,0.86,0.86,0.86,0.86,0.86,0.86,0.83,0.86,0.86,0.86,0.86,0.86,0.86,0.86,0.86,0.86,0.84,0.84,0.84,0.86,0.86,0.86,0.86,0.85,0.86,0.84,-1.0,0.86,0.86,0.86,0.86,-1.05,0.85,0.86,0.86,0.86,0.86,0.85,0.86,-1.08,0.86,0.86,0.86,0.85,0.86,0.85,0.86,0.86,0.86,0.86,0.86,0.86,0.86,0.86,0.85,0.8,0.86,0.86,0.85,0.86,0.86,0.84,0.86,-1.15,0.86,0.84,-1.01,0.86,-1.0,0.86,0.86,0.86,0.86,0.85,0.86,0.86,0.86,0.86,0.86,0.85,0.86,0.86,0.84,0.86,0.86,0.86,0.86,0.86,0.86,0.86,0.84,0.86,0.85,0.85,0.86,0.85,0.86,0.85,0.86,0.86,0.86,0.86,0.8,0.86,0.86,0.86,0.86,0.86,0.86,0.86,0.86,0.86,0.86,0.86,0.85,0.85,0.85,0.86,0.85,0.86,0.86,0.86,0.86,0.86,0.77,-1.12,0.86,-1.0,0.86,0.85,0.86,0.86,0.86,0.86,0.86,0.86,0.85,0.86,-1.06,0.86,0.75,0.86,0.86,0.86,0.86,-1.04,-1.01,0.86,0.85,0.86,-1.07,0.86,0.86,0.86,0.86,0.86,0.86,0.86,0.86,0.86,0.85,0.86,0.86,0.86,0.85,0.86,0.86,0.86,0.86,0.86,-1.02,0.85,0.86,0.86,0.72,0.86,-1.13,0.86,0.86,0.85,0.86,0.86,0.86,0.86,0.82,0.72,0.86,0.86,0.86,0.86,0.86,0.86,0.86,0.84,0.85,0.86,0.86,0.86,0.86,0.86,0.86,0.85,0.86,0.86,-1.01,0.86,0.86,0.86,0.86,0.84,0.86,0.86,0.86,0.84,0.85,0.86,0.86,0.86,0.86,0.86,0.86,0.86,0.86,0.86,0.86,0.84,0.86,0.86,0.85,0.85,0.86,0.84,0.86,0.86,0.86,0.86,0.86,0.86,0.86,0.86,0.86,0.86,0.86,0.83,0.86,0.85,0.86,0.86,0.86,0.86,0.86,-1.01,0.86,0.86,0.85,0.83,0.86,0.83,0.84,-1.1,0.86,0.86,0.84,0.85,0.86,0.86,0.86,0.86,0.86,0.86,0.86,0.86,0.82,-1.09,0.84,0.86,0.85,0.86,0.83,0.86,-1.1,0.86,0.85,0.86,0.86,0.85,0.86,0.86,0.86,0.86,0.86,0.86,0.84,0.84,0.86,0.86,0.86,0.86,0.86,0.86,-1.18,0.86,0.83,0.85,0.86,0.86,0.86,0.86,0.86,0.86,0.86,0.86,0.86,0.86,0.85,0.85,-1.1,0.86,0.86,0.86,-1.03,0.86,0.86,0.86,0.86,0.86,0.86,0.86,0.85,0.86,0.86,0.72,0.86,0.86,0.86,0.86,0.86,0.84,0.85,0.86,0.86,0.86,0.84,0.86,0.86,0.86,0.78,0.86,0.86,0.86,0.86,0.85,0.86,0.85,0.86,0.86,0.86,0.86,0.86,0.83,0.72,-1.03,0.86,0.86,0.86,0.86,0.86,0.84,0.85,0.84,0.86,0.84,0.86,-1.09,0.86,0.86,0.86,0.86,0.86,-1.13,0.86,0.84,0.86,-1.02,0.86,0.86,0.86,0.86,-1.05,0.84,0.86,0.86,0.86,0.85,0.86,0.86,0.86,0.85,0.86,0.86,0.84,0.86,0.85,0.85,0.86,0.86,0.84,0.84,0.86,0.86,0.86,0.85,0.84,0.85,0.85,0.84,0.86,0.86,0.86,0.86,0.86,0.8,0.81,0.81,0.72,0.85,0.86,0.86,0.86,0.86,0.86,0.86,0.86,0.86,0.85,0.86,0.86,0.86,0.86,0.86,0.86,0.86,0.86,0.86,0.86,0.86,0.72,0.86,0.74,0.86,0.86,0.84,0.86,0.86,0.79,0.86,0.86,0.86,-1.14,0.69,0.86,0.85,0.86,0.86,0.86,0.86,0.86,0.86,0.86,0.86,0.86,0.86,0.86,-1.0,0.86,0.86,0.86,0.86,0.86,0.85,0.86,0.86,0.86,0.86,0.85,0.86,0.86,0.86,-1.09,0.86,0.86,0.86,0.86,0.86,0.85,0.86,0.86,0.86,0.85,0.86,0.86,0.86,0.86,0.86,0.86,0.86,0.86,0.86,0.73,0.86,0.86,0.86,0.86,0.86,0.85,0.86,0.86,0.86,0.86,-1.01,0.85,0.86,0.86,0.85,0.84,0.86,0.86,0.86,0.86,0.86,0.86,-1.03,0.85,0.86,0.86,0.86,-1.01,0.86,0.85,0.86,0.86,0.86,0.85,0.86,-1.01,0.84,0.86,0.86,0.86,0.86,0.86,0.86,0.86,0.86,0.86,0.86,0.86,0.86,0.86,0.86,0.86,0.85,0.86,0.86,0.86,0.85,0.86,0.86,0.86,0.86,0.86,0.8,0.85,0.86,0.85,0.86,0.86,0.86,0.86,0.86,0.85,0.86,0.86,0.86,0.86,-1.13,-1.01,0.85,0.86,0.75,0.86,0.86,0.86,0.85,0.86,0.86,0.84,-1.08,0.86,0.86,0.79,0.84,0.86,0.86,0.86,0.86,0.86,0.86,0.86,0.86,0.86,0.86,0.85,0.84,0.86,0.86,0.86,-1.11,0.85,0.86,0.84,0.86,0.86,0.86,0.86,0.86,0.85,0.86,0.86,0.86,0.84,0.85,0.86,0.86,0.86,0.83,0.85,0.86,0.86,0.69,0.85,0.86,0.86,0.86,-1.04,0.86,0.85,0.85,0.86,0.86,0.86,0.8,0.78,0.85,0.86,0.86,0.86,0.86,0.86,0.86,0.86,0.86,0.85,0.86,0.84,0.86,0.86,0.86,0.86,0.86,0.86,0.85,0.86,0.86,-1.03,0.84,0.86,0.86,0.86,0.86,0.86,0.86,0.86,0.86,0.86,0.86,0.86,0.86,0.86,-1.1,0.86,0.86,0.86,0.86,0.86,0.86,0.86,0.86,0.86,-1.07,0.86,0.86,0.84,0.86,0.84,0.78,0.85,0.86,-1.02,0.86,0.86,0.86,0.82,0.86,0.86,0.86,0.86,0.8,0.84,0.86,0.86,0.86,0.86,-1.04,0.86,0.86,-1.14,0.86,-1.1,0.84,0.85,0.86,0.86,0.86,0.84,0.86,0.86,0.86,0.85,0.86,-1.13,0.86,0.85,0.86,0.83,0.86,0.86,0.86,0.83,0.85,0.86,0.8,0.86,0.85,0.86,0.86,0.86,0.86,0.86,0.86,0.85,0.86,0.86,0.86,0.84,0.86,0.85,0.86,0.86,0.84,0.86,0.86,0.86,0.86,0.82,0.86,0.86,-1.1,0.85,0.86,0.86,0.86,0.86,0.86,0.86,0.84,0.86,0.86,0.86,0.86,0.86,0.86,0.86,-1.13,-1.07,0.85,0.86,0.86,0.86,0.86,0.86,0.86,0.86,0.85,0.84,-1.08,0.85,0.86,0.86,0.79,0.83,0.86,0.86,0.86,0.86,0.86,0.84,0.86,0.86,0.86,0.8,0.86,0.86,-1.07,0.86,0.86,0.86,-1.05,0.86,0.85,-1.12,0.86,-1.11,0.86,0.86,0.86,0.85,0.85,0.86,0.86,0.86,0.86,0.86,0.86,0.86,0.86,0.86,0.85,0.86,0.86,0.86,0.7,0.86,0.86,0.81,0.86,-1.1,0.86,0.86,0.86,0.86,0.86,0.86,0.71,0.86,0.84,0.75,0.86,0.86,0.86,0.85,0.86,0.86,0.86,0.83,0.85,0.86,0.86,0.86,0.83,0.86,0.86,0.72,0.86,0.86,0.78,0.85,0.86,-1.06,0.86,0.86,0.84,0.86,0.86,0.86,0.86,0.86,0.86,0.86,0.86,0.86,0.86,0.86,0.86,0.86,0.86,0.86,0.84,0.86,0.86,0.86,0.86,0.86,0.86,0.85,0.68,0.86,0.86,0.86,0.83,0.86,0.78,0.86,0.86,0.71,0.86,-1.1,0.86,0.86,0.86,0.86,0.85,0.86,0.86,0.84,0.86,0.86,0.86,0.86,0.86,0.85,0.86,0.86,0.86,-1.12,-1.08,0.86,0.75,-1.12,0.86,0.86,0.86,0.86,-1.03,0.85,-1.04,0.86,0.85,0.86,0.86,0.85,0.78,0.86,0.84,0.86,0.86,0.85,0.86,0.86,0.86,0.86,0.86,-1.03,0.84,0.86,0.86,0.84,-1.1,0.85,0.86,0.84,0.86,0.86,0.86,0.85,0.86,0.86,0.85,0.86,0.86,0.86,0.86,0.86,0.86,0.86,0.86,0.86,0.86,0.86,0.84,0.86,0.86,0.83,0.85,0.86,0.86,0.86,0.86,0.86,0.84,0.86,0.86,0.86,0.86,0.69,0.86,0.86,0.86,0.86,0.86,0.86,0.86,0.86,0.86,0.86,0.86,0.84,0.86,0.85,0.86,0.86,0.86,0.86,0.86,0.86,0.86,0.84,0.86,0.86,0.86,0.86,0.86,0.86,0.86,0.8,-1.12,0.84,0.73,0.86,-1.0,0.86,0.86,0.84,0.85,0.86,0.86,0.86,0.8,0.85,0.86,0.86,0.86,0.86,0.85,0.86,0.86,-1.13,0.85,0.86,0.84,0.86,0.86,0.86,0.86,0.86,0.86,0.83,0.86,0.69,0.86,0.86,0.86,0.84,-1.14,0.85,0.86,0.86,0.86,0.86,0.85,0.86,0.86,0.86,0.86,0.86,0.86,0.86,0.86,0.86,0.86,0.86,0.84,0.86,0.73,0.86,0.86,0.86,0.86,0.86,0.86,0.85,-1.13,0.84,0.85,0.86,0.86,0.86,0.86,0.85,0.85,0.86,0.86,0.86,0.86,0.86,0.86,0.86,0.86,0.85,0.86,0.86,0.86,0.85,0.86,0.86,0.86,0.86,0.84,0.86,0.86,0.84,0.86,0.86,0.83,0.85,0.86,0.86,0.86,0.86,0.86,0.84,0.86,0.83,0.86,0.86,0.86,0.86,0.86,0.86,0.86,0.86,0.83,0.86,0.86,0.86,0.86,0.86,0.84,0.86,0.86,0.86,-1.11,-1.02,0.82,0.83,0.86,0.86,0.86,-1.07,0.86,0.86,0.86,0.86,0.86,0.74,0.86,0.86,0.86,0.86,0.86,0.86,0.84,0.86,-1.02,0.86,0.86,0.86,0.86,0.85,0.85,0.86,-1.03,0.86,-1.11,0.86,0.86,0.86,0.85,0.86,0.86,0.84,0.86,0.86,0.85,0.86,0.86,0.86,0.86,0.86,0.85,0.86,0.85,0.86,0.86,-1.08,0.67,0.86,0.85,0.86,0.86,0.86,-1.1,0.86,0.86,0.86,0.82,0.86,0.86,0.86,0.86,0.86,0.86,0.86,-1.01,0.85,0.85,0.86,0.86,0.86,0.86,0.86,0.86,0.86,0.81,0.86,0.86,0.86,0.86,0.86,0.86,-1.22,0.86,0.86,0.86,0.86,0.86,0.86,0.85,0.86,0.86,-1.12,0.86,0.86,0.86,0.86,-1.11,-1.14,0.83,0.86,0.86,0.86,0.86,0.86,0.86,0.86,0.86,0.86,0.86,0.86,0.86,0.74,0.86,0.86,0.86,0.86,0.86,0.86,0.86,0.86,0.86,-1.12,0.86,0.86,0.83,0.86,0.86,0.86,0.86,0.85,0.84,0.86,0.86,0.86,0.86,0.85,0.86,0.86,0.86,0.85,0.86,0.86,0.86,0.86,0.86,0.86,0.86,0.85,0.86,0.86,0.86,0.86,-1.12,0.86,0.86,0.86,0.86,0.86,0.86,-1.02,0.86,0.86,0.86,0.86,-1.05,0.86,0.85,0.86,0.86,0.84,0.86,0.86,-1.01,0.84,0.84,0.86,0.86,0.86,0.86,0.86,0.86,0.85,0.86,0.86,0.86,0.86,-1.13,0.86,0.86,0.84,0.84,0.86,0.86,0.86,0.86,0.86,0.83,0.86,0.86,0.86,0.84,0.85,0.86,0.86,0.77,0.85,0.86,0.86,0.86,0.86,0.86,-1.03,0.85,0.85,0.86,0.86,0.86,0.86,0.86,0.84,0.85,-1.11,0.84,0.85,0.86,-1.07,0.86,0.86,0.86,0.86,0.86,0.86,0.86,0.86,0.86,0.84,0.86,0.84,0.86,0.86,0.86,0.86,0.86,0.86,0.86,0.86,0.86,0.84,0.85,0.86,0.86,0.86,0.83,0.86,0.86,0.84,0.86,0.86,0.8,-1.08,0.86,0.86,0.86,0.86,0.86,0.86,0.86,0.86,0.86,0.85,0.86,0.84,0.86,0.86,0.86,0.86,0.86,0.84,0.86,0.86,0.84,0.86,0.86,0.84,0.86,0.84,0.86,0.86,-1.08,0.73,0.86,0.86,0.86,-1.04,0.85,-1.02,0.86,-1.14,0.86,0.78,0.86,0.86,0.86,0.86,0.7,-1.13,0.84,0.85,-1.06,0.86,-1.12,0.86,0.86,0.86,0.86,0.86,0.84,0.86,0.86,0.86,0.86,-1.03,-1.12,0.84,0.86,0.86,0.86,0.86,0.86,0.84,0.72,0.86,0.86,-1.11,0.85,0.86,0.86,0.86,0.86,0.86,0.86,0.85,-1.11,-1.13,0.86,0.86,0.86,0.86,0.86,0.86,0.86,0.86,0.86,0.86,0.86,0.84,0.86,0.86,0.85,-1.03,0.86,0.86,0.85,0.86,0.86,0.86,0.83,0.85,0.86,0.86,0.86,0.86,0.86,0.86,0.86,0.86,0.86,0.86,0.86,0.64,0.86,0.86,0.86,0.86,0.86,0.85,0.86,0.86,-1.02,0.85,0.81,0.86,0.86,0.86,0.82,0.85,0.86,0.86,0.86,0.85,0.83,0.86,0.86,0.85,0.76,0.75,0.86,0.86,0.86,0.85,0.86,0.86,0.86,0.84,0.86,0.86,0.86,0.86,0.86,0.86,0.86,0.86,0.84,-1.05,0.86,0.86,0.86,0.86,0.86,0.85,0.86,0.86,0.83,0.86,0.86,0.86,0.86,0.86,0.86,0.86,0.86,0.86,0.86,0.86,0.86,0.86,0.86,0.86,0.86,0.85,0.86,0.86,-1.04,0.86,0.86,0.86,0.86,-1.09,0.86,0.86,0.86,0.86,0.85,0.86,0.76,0.86,0.84,0.85,0.86,0.85,0.86,0.85,0.86,0.86,0.86,0.86,0.86,0.86,0.86,0.86,0.86,0.86,0.84,0.86,0.85,0.86,0.86,0.86,0.86,0.83,0.86,0.85,0.86,0.86,0.86,0.86,0.85,0.86,0.86,0.86,0.86,0.86,0.86,0.86,0.86,0.84,0.86,0.83,0.86,0.86,0.86,0.82,0.86,0.86,0.86,-1.13,0.84,0.86,0.86,0.86,0.85,0.86,0.86,0.86,0.86,0.85,0.86,0.86,0.86,0.86,0.85,0.78,0.85,0.86,0.84,-1.16,0.86,0.85,0.86,0.86,0.86,0.86,0.86,-1.03,0.86,0.86,0.86,0.86,-1.1,0.84,0.86,0.79,0.86,0.83,0.86,0.8,-1.03,0.83,0.86,0.86,0.86,0.86,0.86,0.86,0.86,0.85,0.86,0.86,0.86,0.86,0.86,0.86,0.86,0.86,0.86,0.86,0.86,0.83,0.86,0.86,0.86,0.86,0.86,0.86,0.85,0.86,0.86,-1.02,0.86,0.86,0.86,0.86,0.86,0.86,0.86,0.86,0.86,0.86,0.85,0.86,0.86,0.86,0.83,0.86,0.86,0.86,0.86,0.84,0.86,0.85,0.86,0.86,0.86,0.86,0.86,0.85,0.86,0.86,0.86,0.86,0.84,0.85,0.86,0.84,0.86,0.86,-1.03,0.85,0.86,0.86,-1.11,0.85,0.86,0.86,0.86,0.86,0.86,0.82,0.86,-1.1,0.86,-1.0,0.86,-1.03,0.86,0.86,0.86,0.86,0.86,-1.1,0.85,0.85,0.86,0.86,0.86,0.86,0.79,0.85,0.75,0.85,0.85,0.83,0.85,0.86,-1.13,0.86,0.85,0.86,0.85,0.86,0.86,0.86,0.86,0.86,0.86,0.86,-1.03,0.83,0.84,0.86,0.86,0.85,0.84,0.86,0.84,-1.02,0.85,0.86,0.85,0.85,0.79,0.86,0.85,-1.11,0.86,0.85,0.83,0.86,0.84,0.86,0.86,0.85,0.86,0.86,0.86,0.86,0.86,0.86,-1.01,0.85,0.83,0.81,0.86,0.86,0.86,0.86,0.86,0.86,0.86,0.86,0.86,0.84,0.86,0.7,0.86,0.84,0.86,0.86,0.86,0.86,-1.11,0.85,0.84,0.86,0.86,0.86,0.86,0.86,-1.1,0.86,0.83,0.86,0.85,0.86,0.86,0.86,0.85,0.83,0.68,0.85,0.86,0.79,0.85,0.86,0.84,0.78,0.81,0.86,0.86,0.86,0.86,0.86,0.86,0.86,-1.12,0.86,0.84,0.84,0.86,0.84,0.86,0.86,-1.03,0.86,-1.02,0.84,0.86,0.86,0.86,0.86,0.86,0.86,0.86,0.86,0.86,0.86,0.86,0.86,-1.02,0.86,0.86,0.86,-1.02,0.85,0.86,0.86,0.85,0.86,0.85,0.86,0.84,0.86,0.86,0.86,0.86,0.84,0.85,0.84,0.86,0.86,0.86,0.85,0.69,0.86,0.86,0.86,0.86,0.86,0.81,0.86,0.86,0.86,0.86,0.86,0.86,0.85,-1.11,0.86,-1.15,0.86,0.86,0.86,0.83,0.86,0.84,0.86,0.86,0.86,0.86,0.86,0.74,0.86,0.86,0.84,-1.04,0.86,0.85,-1.03,0.86,0.85,0.86,0.86,0.86,0.86,0.86,0.86,0.86,0.86,0.86,0.86,0.86,0.86,0.86,0.86,0.86,0.86,0.86,0.86,0.86,0.86,0.86,-1.03,0.86,0.86,-1.07,0.85,0.86,0.86,0.86,0.86,0.86,0.85,0.86,0.85,0.86,0.86,0.86,0.84,0.85,0.86,0.86,0.86,0.86,0.84,0.85,0.86,0.86,0.86,0.86,0.86,0.86,0.86,0.86,0.86,0.86,0.86,0.84,0.86,0.78,-1.1,0.85,0.85,0.86,0.85,0.86,0.86,-1.05,0.86,0.86,-1.03,0.84,0.86,0.86,0.86,0.86,0.85,0.86,0.86,0.86,0.86,0.86,0.86,0.86,0.86,0.86,-1.13,0.85,0.86,0.86,0.86,0.86,0.86,0.86,0.86,0.86,0.84,0.85,0.85,0.86,0.86,0.86,0.86,0.86,0.86,0.86,0.86,0.86,0.86,0.85,0.86,0.85,0.86,0.86,0.86,0.86,0.86,0.84,0.86,0.86,0.84,0.86,0.86,0.86,0.85,0.86,0.86,0.86,0.85,0.86,0.86,0.84,0.86,0.86,0.86,0.86,0.86,0.86,0.85,0.86,0.86,0.86,0.78,0.86,0.86,0.86,0.86,0.86,0.86,0.86,0.86,0.86,0.86,0.86,0.86,0.86,0.83,0.84,0.86,0.84,0.86,0.86,0.86,0.86,0.85,0.86,0.86,0.86,0.86,-1.0,-1.08,0.85,0.86,0.86,0.85,0.86,0.86,0.86,0.86,0.85,0.83,0.86,0.86,0.84,0.86,0.86,0.86,0.85,0.86
0.84,-1.02,0.86,-1.1,0.73,-1.11,0.83,-1.03,-1.01,0.86,-1.23,-1.17,0.63,0.75,0.82,-1.17,-1.11,0.83,0.8,-1.19,-1.04,-1.02,0.68,0.82,-1.1,-1.03,0.59,-1.13,-1.1,0.84,0.84,0.83,0.79,-1.07,0.79,0.83,0.86,0.85,-1.07,0.76,-1.13,-1.03,-1.02,0.75,-1.02,0.86,0.86,0.85,0.75,0.83,0.82,0.86,0.78,0.78,0.84,0.86,0.86,0.86,0.85,-1.14,0.81,0.86,0.86,-1.12,0.84,0.86,0.81,0.86,0.86,0.86,0.86,0.86,0.86,-1.02,0.86,0.86,0.86,0.86,0.86,0.86,0.84,0.85,-1.13,0.86,0.84,0.86,0.84,0.86,-1.16,0.86,0.86,0.85,0.86,0.86,0.86,0.86,0.86,0.85,0.86,0.79,0.86,0.86,0.86,0.71,-1.03,0.86,0.86,0.86,0.86,0.86,0.86,0.86,0.76,0.86,0.86,0.85,0.86,0.86,0.86,0.86,0.76,0.86,0.86,0.85,0.85,0.86,0.86,0.84,0.86,0.86,0.86,0.85,0.84,0.86,0.86,0.86,0.86,0.86,0.86,0.86,0.86,0.85,-1.14,-1.12,0.86,0.86,0.85,0.86,-1.04,0.86,0.86,0.86,0.86,0.86,-1.03,0.86,0.86,0.86,0.86,0.85,0.84,0.76,0.86,0.86,0.86,0.86,0.85,0.86,0.86,-1.0,0.86,0.85,0.85,0.84,0.86,0.75,0.86,0.86,0.86,0.86,0.86,0.86,0.86,0.85,0.73,0.86,0.86,0.84,-1.06,0.86,0.81,0.86,0.79,0.86,0.86,0.86,0.84,0.85,0.85,0.86,0.84,0.75,0.86,0.86,0.85,0.85,0.86,0.86,0.86,0.86,0.73,0.86,0.85,-1.13,0.85,0.86,-1.08,0.86,0.86,0.86,0.86,0.86,0.86,0.86,0.72,0.85,0.86,0.86,-1.0,0.86,-1.02,0.84,0.84,0.86,0.86,0.86,0.86,0.86,-1.13,0.86,0.86,0.73,0.86,0.86,0.86,0.86,0.86,0.86,0.86,0.86,0.86,0.86,0.86,0.86,0.86,0.86,-1.1,0.86,0.82,0.86,0.85,-1.0,0.86,0.86,0.86,0.85,0.85,0.86,0.82,0.86,0.86,0.86,0.86,0.86,0.83,0.85,0.86,0.86,0.86,0.86,0.86,0.78,0.85,0.86,-1.12,0.86,0.86,0.86,0.86,0.86,0.86,0.74,0.75,0.86,0.86,0.85,0.86,0.86,0.85,0.75,0.86,0.8,0.86,-1.1,0.86,0.86,0.86,0.84,0.86,0.85,0.86,0.85,0.86,0.86,0.86,0.86,0.86,0.86,0.86,0.85,0.86,0.83,0.85,0.84,0.86,-1.05,0.85,0.86,0.86,0.86,0.86,0.86,0.86,0.86,0.86,0.86,0.86,0.86,0.85,0.86,0.86,0.86,0.86,0.86,0.86,-1.13,0.86,0.86,0.86,0.86,0.86,0.85,0.86,0.86,0.86,0.75,0.86,0.86,0.86,0.86,0.84,0.83,0.86,0.86,-1.14,0.86,0.85,0.84,0.86,0.86,0.86,0.86,0.84,0.86,0.86,0.85,-1.16,-1.13,0.86,0.86,0.84,0.71,0.86,0.86,0.86,0.86,0.86,0.86,0.86,0.86,0.86,0.85,0.86,0.86,0.86,0.86,-1.16,0.86,-1.1,0.85,0.86,-1.1,-1.03,0.86,0.86,0.86,0.86,0.68,0.86,0.86,-1.11,0.86,0.86,0.85,0.86,0.86,0.86,0.86,0.86,0.86,-1.07,0.85,0.86,0.86,0.86,0.84,0.86,0.86,0.86,0.85,0.86,0.86,-1.02,0.86,0.86,0.86,0.86,0.86,0.86,0.86,-1.0,0.86,0.86,0.82,0.86,0.84,0.86,0.86,0.86,0.86,0.84,0.86,0.86,0.86,0.85,0.86,0.86,0.86,0.86,0.86,0.86,0.86,0.86,0.86,0.86,0.86,0.83,0.86,0.86,0.86,0.85,0.86,0.86,0.86,0.78,-1.04,0.86,0.86,0.85,0.86,0.86,-1.01,0.84,0.86,0.86,0.86,0.86,0.86,0.86,0.83,0.75,0.83,0.85,0.86,0.84,0.86,0.86,0.86,0.86,0.8,0.86,0.84,0.73,0.86,0.86,0.86,0.86,0.86,0.86,0.86,0.86,0.86,0.86,0.86,0.86,0.68,0.84,0.84,0.86,0.85,0.85,0.85,0.86,0.86,0.86,0.86,0.84,0.85,-1.08,0.85,-1.07,0.86,0.85,0.84,0.86,-1.05,0.84,0.86,0.86,0.86,0.86,0.85,0.86,0.86,0.86,0.86,-1.03,0.71,0.86,0.86,0.86,-1.12,0.84,0.86,0.84,0.86,0.86,0.86,-1.03,0.86,0.85,0.85,0.86,0.86,0.86,0.86,0.86,0.86,0.85,0.86,0.86,0.86,0.85,0.86,0.86,0.86,0.85,0.85,-1.04,0.86,0.86,0.86,0.86,0.86,0.86,0.73,0.85,0.86,0.85,0.86,0.86,0.86,0.86,0.86,0.86,0.86,0.86,0.86,0.86,0.86,0.86,0.86,0.86,0.86,0.86,0.85,0.86,0.86,0.86,0.86,0.83,-1.1,0.85,0.86,0.86,0.84,0.86,0.86,0.84,0.84,0.86,0.71,0.83,0.86,-1.01,0.86,0.86,0.85,-1.09,0.86,0.86,0.86,0.85,0.84,0.86,0.86,0.86,0.86,0.85,0.86,0.86,0.86,0.82,0.86,0.86,0.86,0.86,0.86,0.86,0.84,0.84,-1.07,0.86,0.86,0.86,0.86,0.86,0.86,0.86,0.86,0.86,0.86,0.86,0.84,0.86,0.86,0.71,0.86,0.86,0.86,0.86,0.86,0.86,0.86,0.86,0.86,0.86,-1.0,0.86,0.86,0.86,0.86,0.86,0.86,0.86,0.86,0.77,0.86,0.86,0.86,-1.12,0.86,0.85,0.86,0.86,0.86,0.86,0.86,0.86,0.86,0.86,0.86,0.86,0.86,0.86,0.86,0.86,0.86,0.86,0.86,0.86,0.86,0.85,0.86,0.86,0.85,0.86,0.86,0.86,0.84,0.84,-1.1,0.86,-1.1,0.86,0.75,0.83,-1.05,0.86,0.86,0.86,-1.01,0.86,0.86,0.86,0.84,0.86,0.86,0.86,0.86,0.86,0.86,0.86,-1.1,0.86,0.86,0.86,0.86,0.86,0.86,0.86,0.86,0.85,0.86,0.86,0.84,0.86,-1.01,-1.02,0.85,0.86,0.86,-1.12,0.84,0.86,0.86,0.86,0.86,0.86,0.86,0.86,0.86,0.86,0.85,0.86,0.85,0.86,0.86,0.85,0.86,0.86,0.86,0.86,0.86,0.86,0.85,0.86,0.86,0.86,0.84,0.86,0.86,0.86,0.73,0.86,0.86,0.86,0.86,0.86,0.84,0.76,0.86,0.86,0.86,0.86,0.86,0.86,0.85,0.86,0.86,0.86,-1.02,0.86,0.86,0.86,0.86,0.86,0.77,0.86,0.7,0.86,0.86,0.86,0.86,0.86,-1.12,0.86,0.84,0.86,-1.08,0.85,-1.05,0.85,0.86,0.86,0.86,0.7,0.86,0.85,0.85,0.86,0.86,0.86,0.86,0.86,0.86,0.86,0.86,0.86,0.86,0.86,0.86,0.86,0.86,0.86,0.86,-1.05,0.85,0.86,0.86,0.86,0.78,0.86,0.85,0.86,0.86,0.86,0.86,0.86,0.86,0.85,0.86,-1.0,0.86,0.86,0.86,0.86,0.86,0.86,0.85,0.86,0.86,-1.03,0.84,0.86,0.86,0.82,0.86,0.86,-1.09,0.86,0.84,0.86,0.85,0.84,0.84,0.85,0.84,0.85,0.84,0.86,0.86,0.86,-1.11,0.82,0.86,0.86,0.86,0.85,0.86,0.86,0.86,0.86,0.86,0.86,0.86,0.86,0.85,0.86,-1.05,0.85,0.86,0.86,0.86,0.86,0.86,0.86,0.85,0.74,0.86,0.86,0.86,0.85,0.86,0.86,0.84,-1.02,0.82,0.86,0.86,0.86,0.86,0.86,0.86,0.86,0.85,0.86,0.69,0.86,0.86,0.86,0.86,0.86,-1.01,0.83,0.86,0.86,0.86,0.86,0.86,0.84,0.85,0.74,0.86,0.86,0.86,0.85,0.86,0.86,0.86,0.86,0.86,0.86,0.86,0.86,0.77,0.86,0.86,0.81,-1.02,0.86,0.84,0.86,0.86,0.86,0.85,0.86,0.85,0.86,0.85,0.86,0.86,0.86,0.8,0.85,0.86,0.86,0.84,0.86,0.86,0.86,0.86,-1.1,0.84,-1.04,0.86,0.86,0.86,0.86,0.86,0.86,0.85,0.86,0.86,0.86,0.86,0.86,0.86,0.86,0.86,0.86,0.86,0.86,0.86,0.86,-1.14,0.86,0.86,-1.04,0.86,0.86,0.86,0.86,0.86,0.86,0.86,0.85,0.86,0.74,0.86,0.86,0.86,0.86,0.74,0.82,0.86,0.86,0.86,0.86,0.86,0.86,0.86,0.86,0.81,0.86,0.86,-1.02,0.84,0.86,0.85,0.86,0.86,0.77,0.86,0.86,0.78,0.86,0.86,0.85,0.74,0.86,0.86,0.86,0.84,0.86,0.86,0.86,0.86,0.84,0.84,0.86,0.83,0.86,0.86,0.86,0.86,0.84,0.86,0.86,0.86,0.86,0.86,0.86,0.86,0.86,0.69,0.86,0.86,0.86,0.86,0.86,0.86,0.86,0.86,0.85,0.86,-1.11,0.85,0.86,0.86,0.86,0.85,0.86,0.83,0.86,0.86,0.86,-1.08,0.86,0.86,0.86,0.86,0.77,0.86,0.86,0.86,0.84,0.86,0.86,0.86,0.86,-1.06,0.69,0.86,0.85,0.85,0.85,0.86,0.85,0.86,0.86,0.86,0.86,0.86,0.86,0.86,0.85,0.86,0.84,0.84,0.74,0.85,0.86,0.83,0.86,0.84,0.85,0.86,0.86,0.86,0.86,0.86,0.86,0.83,0.86,-1.02,0.86,0.86,0.86,0.86,0.86,0.86,0.86,0.78,0.86,0.86,0.86,0.86,0.86,0.86,0.86,0.86,0.86,0.86,0.85,0.86,0.86,0.86,0.86,0.74,0.86,0.73,-1.04,0.86,0.86,0.86,0.86,0.86,0.84,0.84,0.86,0.86,0.86,0.86,0.86,0.85,0.86,0.86,0.86,0.86,0.86,0.86,0.86,0.86,0.86,0.86,0.83,0.86,0.85,0.86,0.86,0.86,0.86,0.86,0.86,0.86,-1.14,0.84,0.86,0.86,0.86,0.86,0.86,0.86,0.86,0.86,0.86,0.86,-1.08,0.86,0.86,0.86,0.86,0.86,0.86,0.86,0.86,0.86,0.86,0.86,0.86,0.86,0.86,0.86,0.86,0.86,0.86,0.86,0.85,0.86,0.86,0.86,0.86,0.86,0.85,0.86,0.85,0.86,0.82,0.86,0.86,0.86,0.85,0.86,0.86,0.86,0.86,0.86,0.86,-1.05,0.86,0.86,0.85,0.86,0.86,0.86,0.86,0.86,0.85,0.86,0.86,0.86,0.86,0.86,0.85,0.86,-1.05,-1.06,0.85,0.86,0.86,-1.03,0.85,-1.0,0.86,0.86,0.85,0.86,0.86,0.84,0.86,0.84,0.86,0.85,0.86,0.86,0.86,0.86,0.86,0.85,-1.13,0.86,0.84,0.86,0.76,0.86,0.86,0.85,0.86,0.86,0.84,0.86,0.86,0.86,0.86,0.86,0.86,-1.13,0.86,0.86,0.86,0.86,0.86,0.78,0.86,-1.03,0.86,0.86,0.85,0.86,-1.02,0.86,0.86,0.86,0.7,0.85,0.86,0.86,0.86,0.86,0.86,-1.02,0.86,0.86,0.85,0.86,0.85,0.86,0.83,0.86,0.86,0.86,0.86,-1.03,0.86,0.85,0.85,0.86,0.86,0.86,0.75,0.85,0.86,0.86,0.86,-1.12,0.84,0.86,0.86,0.84,0.86,0.86,0.86,0.86,0.85,0.86,0.86,0.86,0.86,0.86,0.85,0.86,0.84,0.85,0.86,0.86,0.85,0.86,0.86,0.85,0.86,0.85,0.86,0.86,-1.09,0.85,0.85,0.85,-1.02,0.86,0.71,0.86,0.86,0.84,0.84,-1.03,0.86,0.85,0.85,0.86,0.86,0.86,0.86,0.86,0.86,0.85,0.86,0.83,0.85,0.86,0.86,0.85,0.86,0.86,0.86,0.84,0.86,0.86,0.86,0.86,0.84,0.86,0.86,0.84,0.86,0.84,0.86,0.85,0.86,0.86,0.86,0.86,0.86,0.86,-1.13,0.86,0.86,0.86,0.73,-1.02,0.86,0.86,0.86,0.86,0.86,0.86,0.86,-1.18,0.83,0.8,0.86,0.86,-1.11,0.86,0.7,0.86,0.86,0.86,0.86,0.86,0.86,0.86,-1.06,0.85,0.86,0.85,0.86,-1.0,0.86,0.86,0.86,0.85,0.86,0.86,0.86,0.86,0.84,0.86,0.86,0.84,0.85,-1.14,0.86,0.83,0.86,0.86,0.86,0.86,0.86,0.84,0.86,0.86,0.86,0.86,0.86,0.86,0.86,0.86,-1.0,0.86,0.86,0.86,0.86,-1.02,0.86,0.86,0.85,0.86,0.83,0.86,0.86,0.86,0.84,0.86,0.86,0.86,-1.07,0.85,0.72,0.86,0.86,0.86,-1.06,0.86,0.86,0.86,0.85,0.86,0.86,0.86,0.74,0.86,0.84,0.86,0.86,0.86,0.86,0.86,0.86,0.86,0.85,0.86,0.84,0.86,-1.17,0.85,0.86,0.86,-1.12,0.86,0.86,0.86,0.86,0.86,0.84,0.86,0.74,0.86,-1.03,0.86,0.86,-1.02,0.86,0.86,0.86,0.85,0.85,0.86,0.86,0.86,0.85,0.86,0.86,0.84,0.86,0.85,0.86,0.86,0.86,0.86,0.86,0.84,0.86,0.86,0.86,0.86,0.83,0.82,0.7,0.85,0.86,0.85,-1.06,0.85,0.86,0.86,0.86,0.86,0.85,0.86,0.86,0.86,0.86,0.85,0.86,0.86,0.79,0.86,0.83,0.86,0.86,0.86,0.85,0.86,0.85,0.86,-1.09,0.85,0.86,0.86,0.86,0.86,0.86,0.85,0.85,-1.07,0.86,-1.0,0.86,0.86,0.86,0.86,0.86,0.86,0.86,0.86,0.85,0.86,0.86,0.86,0.86,0.84,0.86,0.86,0.86,0.86,0.86,0.86,0.86,0.83,0.86,-1.04,0.84,0.86,0.86,0.86,0.81,0.86,0.86,0.86,0.86,0.86,0.86,0.86,-1.05,0.86,0.84,0.77,0.73,0.85,0.86,0.85,-1.12,0.86,0.86,0.86,0.84,-1.15,0.82,0.86,0.86,-1.12,0.86,0.85,0.86,0.84,0.86,0.86,0.86,0.86,0.86,0.86,0.85,0.86,0.86,0.86,-1.06,0.86,-1.13,-1.1,0.85,0.85,0.86,0.86,0.75,0.86,0.86,0.86,0.86,0.82,0.86,0.86,0.86,0.86,0.86,0.86,0.86,0.86,0.84,0.86,0.86,0.86,0.86,0.86,0.86,0.86,0.86,0.86,0.86,0.86,-1.02,0.86,0.86,0.86,0.86,0.86,0.85,0.86,0.86,0.86,0.86,0.86,0.86,0.86,0.86,0.86,0.86,0.85,0.86,0.86,0.86,0.85,0.86,0.86,0.86,-1.09,0.86,0.86,0.86,0.86,0.85,0.86,-1.0,0.76,0.84,0.86,0.86,0.86,0.83,0.86,0.86,0.86,0.85,0.86,0.86,0.86,0.86,-1.0,0.86,0.86,0.86,0.85,0.86,0.86,-1.03,0.86,0.85,0.84,0.86,0.86,0.86,0.86,0.86,0.85,0.86,0.86,0.83,0.86,0.86,0.86,0.86,0.86,0.86,-1.14,0.85,0.86,0.86,0.86,0.86,0.86,0.86,0.86,0.86,-1.12,0.86,0.86,0.86,0.86,0.86,0.82,0.86,0.86,-1.03,0.85,0.86,0.86,0.86,0.86,0.85,0.86,0.86,0.86,0.86,0.85,0.86,0.84,0.86,0.86,0.86,0.85,-1.06,0.86,0.74,0.84,0.86,0.86,0.86,0.86,0.84,0.86,0.86,0.86,0.86,0.84,0.86,0.86,0.71,0.86,0.84,0.86,0.86,0.73,0.86,0.86,0.86,0.86,0.86,0.86,0.85,0.86,0.86,0.86,0.72,0.86,0.86,-1.06,0.86,0.86,0.86,0.86,0.85,0.86,0.84,0.86,0.86,0.86,0.86,0.86,0.86,0.86,0.86,0.86,0.84,-1.15,0.86,0.86,-1.12,0.8,0.86,0.86,0.85,0.86,0.86,0.86,0.86,0.86,0.86,0.86,0.86,0.86,0.86,0.86,0.86,0.86,0.85,0.86,0.86,0.86,-1.14,0.85,0.86,0.86,0.85,0.86,0.86,0.86,0.86,0.84,0.86,0.86,0.86,0.86,0.86,0.86,0.85,0.85,0.86,0.86,0.86,0.86,0.86,0.86,0.86,0.86,-1.09,0.86,0.86,0.86,0.86,0.86,0.86,0.85,0.85,0.86,0.86,0.86,0.86,0.86,0.86,0.86,0.86,0.86,0.86,-1.04,0.86,0.86,0.86,0.83,0.86,0.81,0.86,0.84,0.86,0.86,0.86,0.86,0.85,0.86,0.86,0.86,0.82,0.86,0.86,0.85,0.86,0.86,0.86,0.86,-1.02,-1.07,0.78,0.86,0.86,0.86,0.74,0.86,0.86,0.86,0.86,0.86,0.86,0.86,0.86,0.86,0.86,0.86,0.86,0.86,-1.03,0.83,0.72,0.86,0.8,0.86,0.86,0.86,0.86,0.86,0.86,0.86,0.85,0.86,0.86,0.84,0.86,0.86,0.72,0.63,0.86,0.86,0.86,0.86,0.86,0.85,0.85,0.86,-1.02,0.85,0.86,0.83,-1.1,0.8,0.83,0.84,0.86,0.85,0.85,0.86,0.85,0.86,0.86,0.82,0.86,-1.1,0.86,0.86,0.86,0.86,0.86,0.84,0.86,0.85,0.86,0.83,0.86,0.86,0.86,0.86,0.86,0.86,0.86,0.76,0.86,0.86,-1.0,0.86,0.85,0.86,0.86,-1.09,0.86,0.85,0.85,0.86,0.86,0.86,0.86,0.86,0.85,0.86,0.86,0.86,0.86,0.86,0.86,0.86,0.85,0.86,0.86,0.86,0.84,-1.02,0.86,0.86,0.86,0.86,0.86,0.86,0.86,0.86,0.86,0.86,0.86,0.73,0.85,0.86,-1.13,0.84,0.86,0.86,0.86,0.86,0.86,0.84,0.86,-1.12,0.84,0.86,0.85,0.86,0.86,0.86,0.86,0.86,0.86,0.86,0.86,0.86,0.86,0.86,0.86,0.85,-1.12,0.85,0.86,0.86,0.84,0.86,0.82,0.86,0.84,0.86,0.86,0.85,0.86,-1.13,-1.14,0.86,0.86,0.86,0.86,-1.14,0.85,0.86,0.86,-1.07,-1.02,0.86,0.86,0.86,0.86,0.86,0.86,0.84,0.86,0.86,0.86,0.86,0.86,0.86,0.86,0.76,0.85,0.86,0.86,0.86,0.86,0.86,0.85,0.85,0.86,0.86,0.86,0.86,0.86,0.86,0.86,0.86,0.86,0.86,0.85,0.86,0.86,0.75,0.84,0.86,0.86,0.86,0.85,0.86,0.86,0.86,0.86,0.86,0.86,-1.05,0.84,0.83,0.86,0.83,0.86,0.85,0.86,0.86,0.86,0.86,0.84,0.86,0.84,0.86,0.86,0.86,0.86,0.86,0.83,0.84,0.86,0.86,0.86,0.86,0.73,0.84,0.86,0.86,0.86,0.86,0.86,0.81,0.86,0.86,0.86,0.85,0.86,0.85,0.86,0.86,0.86,0.86,0.86,0.84,0.86,0.84,0.86,0.86,-1.03,0.84,0.86,0.86,0.86,0.85,0.86,0.86,0.86,0.85,0.84,0.85,0.86,-1.03,0.86,0.83,0.86,0.86,0.86,0.86,0.86,0.86,0.86,0.86,-1.08,0.85,0.85,0.86,-1.12,0.86,0.84,0.86,0.86,0.86,0.86,0.86,0.86,0.85,0.86,0.86,0.86,0.86,0.86,0.86,0.84,0.84,0.85,0.85,0.85,0.61,0.85,0.86,0.86,0.86,0.86,0.86,0.86,0.86,0.86,0.86,0.86,0.86,0.86,0.86,0.85,0.86,0.86,0.84,0.86,0.8,0.86,0.86,0.86,0.86,0.86,0.86,0.86,0.85,0.86,0.86,0.73,0.86,0.86,0.86,0.86,0.86,-1.12,0.86,0.86,0.84,0.86,0.86,0.85,0.86,0.86,-1.02,0.86,0.86,0.86,-1.07,-1.06,0.86,0.86,0.85,0.85,0.85,0.86,0.82,0.86,0.86,0.86,0.86,0.86,0.86,0.86,0.86,0.86,0.86,0.86,0.86,0.86,0.86,0.86,0.84,0.8,0.86,0.86,0.86,-1.12,0.84,-1.03,0.85,0.84,0.86,0.86,0.86,0.84,0.86,0.86,0.85,0.86,0.86,0.86,0.86,0.86,0.86,0.84,0.86,0.86,0.86,0.86,0.84,0.86,0.85,0.86,0.86,0.86,0.85,0.86,0.86,0.86,0.86,0.86,0.86,-1.09,0.86,0.86,0.86,-1.13,0.86,-1.0,0.86,0.86,0.86,0.86,0.86,0.86,0.86,0.86,0.86,0.86,0.83,0.86,0.86,0.86,0.86,0.84,0.86,0.86,0.86,0.86,0.86,0.86,-1.13,0.85,0.86,0.83,0.86,0.84,0.84,0.86,0.86,0.86,0.86,0.86,0.86,0.76,0.85,0.73,0.85,0.86,0.86,0.86,0.83,0.86,0.86,0.86,0.85,0.85,0.85,0.86,-1.06,0.86,0.86,0.76,0.85,0.83,0.86,0.84,-1.0,0.82,0.75,0.85,0.86,0.82,0.86,0.86,0.83,0.86,0.86,0.86,0.86,0.86,0.86,0.86,0.82,0.86,0.86,0.86,0.86,0.86,0.86,0.86,0.86,-1.01,0.86,0.86,0.86,0.85,0.85,0.86,-1.01,0.86,0.86,0.85,0.86,0.86,0.86,0.85,0.75,0.78,0.86,0.83,0.85,-1.02,0.86,0.84,0.86,0.83,0.86,0.86,0.86,0.86,0.77,0.86,0.86,0.86,0.86,0.86,0.86,0.85,0.86,0.85,0.86,0.86,0.86,0.86,0.86,0.86,-1.07,0.85,0.86,0.86,0.86,0.86,0.86,-1.07,-1.05,0.86,0.86,0.86,0.86,0.86,0.86,0.86,0.86,0.86,0.86,0.79,0.86,-1.02,0.85,0.86,0.71,0.86,-1.09,0.86,0.7,0.86,0.86,0.84,0.86,0.86,0.86,0.86,0.86,0.86,0.86,0.86,0.84,0.86,0.86,0.84,0.85,0.86,0.86,0.86,0.86,0.86,0.86,0.85,0.86,0.86,0.86,0.85,0.86,0.86,0.86,0.86,0.84,0.86,0.86,0.84,0.86,0.86,0.86,0.86,0.86,0.86,0.86,0.86,0.85,0.86,0.86,0.86,0.85,0.86,0.86,0.86,0.86,0.86,0.86,0.86,0.86,0.86,0.86,0.86,0.84,0.86,0.86,0.86,0.86,0.84,0.86,0.86,0.86,0.85,-1.03,0.83,0.86,0.84,0.86,0.86,0.86,0.86,0.86,-1.05,0.86,0.78,0.86,0.86,0.86,0.86,0.86,-1.13,0.86,0.85,0.73,-1.03,0.86,0.86,0.86,-1.05,0.85,0.86,0.86,0.86,0.86,0.85,0.86,0.86,0.86,0.86,0.86,0.86,0.86,0.84,0.86,0.82,0.75,0.86,0.86,0.86,0.86,0.84,0.85,0.86,0.86,0.86,0.85,0.86,0.86,0.86,0.86,0.86,-1.06,0.86,0.85,-1.09,0.7,0.84,0.86,0.86,0.85,0.86,-1.14,0.86,0.75,0.79,0.84,0.86,0.82,0.86,0.86,-1.06,0.84,0.86,0.86,0.79,-1.02,0.85,-1.14,0.84,0.85,0.86,0.84,0.86,0.86,-1.01,0.86,-1.11,0.85,-1.02,0.84,0.84,0.85,0.83,0.84,0.86,0.86,0.85,0.86,0.86,0.86,0.86,0.86,0.86,0.86,0.86,0.86,0.86,0.86,0.86,0.86,-1.03,0.84,0.86,0.86,-1.05,0.84,0.86,0.86,0.86,0.86,0.84,0.84,0.86,0.86,0.86,0.86,0.86,0.85,0.84,-1.02,0.83,0.86,0.86,0.86,0.86,0.86,0.86,0.84,0.84,0.86,0.85,-1.12,0.86,0.85,-1.16,0.85,0.86,0.86,0.83,0.86,0.86,0.86,0.86,0.86,0.86,0.86,0.85,0.86,0.68,0.86,0.86,0.84,0.86,0.86,0.74,0.86,0.86,0.85,0.85,0.86,0.86,0.86,0.86,0.86,-1.09,0.85,0.86,0.86,0.86,0.86,0.86,0.86,0.84,0.86,0.86,0.84,-1.14,0.85,0.86,0.86,-1.0,0.86,0.86,0.86,0.86,0.81,0.86,0.86,0.86,0.8,0.84,0.86,0.86,0.86,0.86,0.86,0.85,0.86,0.86,0.86,0.86,0.86,0.86,0.86,0.85,0.86,0.86,0.86,0.86,0.86,0.86,-1.15,0.86,-1.02,0.86,0.86,0.86,0.86,0.86,-1.12,0.81,0.85,-1.02,0.86,0.86,0.86,0.86,0.86,-1.0,0.86,-1.03,0.84,0.86,0.86,0.86,0.86,0.86,0.86,0.73,0.86,0.86,0.86,0.86,0.86,0.86,0.86,0.86,0.86,0.84,0.86,0.86,0.86,0.86,0.86,0.84,0.86,0.85,-1.06,0.86,0.85,0.85,0.84,0.85,0.85,0.85,0.86,0.86,0.86,0.86,0.86,0.86,0.86,-1.18,0.86,0.86,0.86,0.86,0.73,0.85,0.85,0.86,0.86,0.86,0.86,0.86,0.86,0.86,0.85,0.85,0.86,0.86,0.65
-1.01,-1.05,-1.13,-1.13,0.82,0.85,0.83,0.82,0.72,0.8,0.83,-1.14,-1.05,-1.18,-1.06,0.82,0.84,-1.02,0.78,0.73,0.8,0.84,-1.1,-1.12,0.84,-1.0,0.61,0.84,0.67,-1.21,-1.04,0.85,0.83,-1.08,-1.03,0.72,0.74,0.83,0.71,0.85,0.86,-1.13,0.8,-1.05,0.86,0.85,0.8,0.83,0.85,-1.06,0.82,0.84,0.86,0.86,0.86,0.86,0.85,0.85,0.85,-1.04,0.86,0.86,0.75,0.86,0.85,0.86,0.86,0.85,0.86,0.85,0.86,0.86,0.86,0.86,0.76,0.86,-1.14,-1.0,0.86,0.84,-1.12,0.86,0.86,0.86,0.85,0.86,0.82,-1.1,0.86,0.86,0.86,0.86,0.86,0.86,-1.14,0.86,0.86,0.86,0.86,-1.1,0.86,0.86,0.86,0.86,0.86,0.86,0.86,0.86,0.86,0.85,0.86,0.86,0.86,0.86,0.86,0.86,-1.09,0.86,0.86,0.85,0.86,0.84,-1.03,0.86,0.86,0.86,0.85,-1.14,0.86,0.86,0.86,0.86,0.85,0.86,0.86,0.86,0.85,-1.04,0.86,0.86,0.85,0.86,0.86,0.86,0.84,0.86,-1.08,0.86,0.86,-1.04,0.84,0.85,0.86,0.86,0.86,0.86,0.86,0.86,0.85,0.86,0.86,0.84,0.86,0.74,0.86,0.86,0.86,0.76,0.86,-1.0,-1.05,0.86,0.84,0.86,0.86,0.86,-1.03,0.86,-1.03,0.86,0.86,0.82,0.86,0.85,-1.21,0.86,0.86,0.86,0.86,0.86,0.86,0.86,0.86,0.85,0.86,0.86,0.86,0.86,0.86,0.86,0.79,0.86,0.86,0.86,0.86,0.84,-1.03,0.86,0.86,0.86,0.86,0.86,0.84,0.86,0.86,0.86,0.86,-1.14,0.86,0.86,0.86,0.86,0.72,0.71,-1.0,0.85,0.84,0.86,0.86,0.86,0.86,0.86,0.86,0.83,0.86,0.86,0.86,0.85,0.86,0.86,0.85,0.86,0.84,0.86,0.8,0.86,0.85,0.86,0.86,0.86,0.86,0.86,0.86,0.86,0.83,0.86,0.86,0.71,0.86,0.86,0.86,0.86,0.86,0.86,0.86,0.86,0.86,0.86,0.86,0.86,0.86,0.86,0.86,0.86,0.86,0.86,0.86,-1.13,0.86,0.86,0.86,0.86,0.86,0.86,0.84,0.86,0.86,0.86,0.86,0.86,0.86,0.86,0.84,0.84,0.86,0.86,0.86,0.84,0.84,0.8,0.86,0.86,0.86,0.86,0.86,0.84,0.86,-1.04,0.86,0.86,0.86,0.85,0.86,-1.09,0.86,0.86,0.86,0.85,0.86,-1.27,0.86,0.84,0.86,0.84,0.86,0.86,0.72,0.84,0.86,0.86,0.84,-1.13,0.86,0.86,0.86,0.86,0.86,0.86,0.86,0.84,0.86,0.86,0.86,0.85,0.86,0.86,0.71,0.86,0.86,0.86,0.86,-1.02,0.86,0.86,0.86,-1.11,0.86,0.86,0.86,0.86,-1.13,0.86,0.86,0.86,0.86,0.85,0.86,0.86,0.86,0.86,0.86,0.86,0.86,0.85,0.86,0.74,0.86,0.86,0.86,0.86,0.86,0.86,0.85,0.84,0.86,0.86,0.86,0.86,-1.02,0.86,0.84,0.86,0.86,0.86,0.86,0.86,0.86,0.86,0.86,-1.08,0.85,0.85,-1.07,0.86,0.86,-1.01,0.86,0.86,0.84,0.86,0.86,-1.06,0.86,0.86,0.85,0.86,0.74,0.86,0.85,0.86,0.86,0.86,-1.06,0.7,0.86,0.86,0.86,-1.13,0.86,-1.1,0.86,-1.09,0.86,0.74,0.86,0.86,0.86,0.86,0.84,0.85,0.86,0.86,0.86,0.86,-1.13,0.85,0.7,0.76,0.86,0.86,0.86,0.86,0.85,0.84,0.86,0.86,0.85,-1.05,0.86,0.86,0.86,0.86,0.85,0.86,0.86,0.86,0.85,0.86,0.86,0.86,0.86,0.86,0.86,0.86,0.86,0.86,0.86,0.86,0.86,0.86,0.86,0.86,0.86,0.86,0.86,0.86,0.86,0.86,0.86,0.85,0.86,0.86,0.85,0.83,0.86,0.86,0.86,0.86,0.86,0.86,0.86,-1.14,0.86,0.86,0.86,0.86,0.86,0.85,0.86,0.86,0.85,-1.09,0.86,0.85,0.85,0.86,0.86,0.86,0.84,0.86,0.85,0.86,0.86,0.86,0.86,0.75,0.86,0.86,0.86,0.86,0.86,0.86,0.86,0.86,0.86,0.86,0.86,0.86,0.86,0.86,0.86,0.81,-1.06,0.86,0.86,0.86,0.86,0.85,0.86,0.86,-1.02,0.86,0.86,0.86,0.86,0.85,0.86,0.86,-1.06,0.84,0.75,0.84,0.86,0.86,0.86,0.86,0.86,0.86,0.85,0.86,0.86,0.84,0.82,0.85,-1.12,0.86,-1.13,0.86,0.86,0.86,0.86,0.86,0.86,0.86,0.86,0.86,0.86,0.82,0.86,0.86,0.85,0.86,0.86,0.85,0.85,0.86,-1.14,0.86,0.84,0.86,0.86,0.86,0.75,0.86,0.86,-1.13,0.86,0.86,0.86,0.86,0.86,0.86,0.86,0.86,0.86,0.86,0.86,0.86,0.85,0.86,0.86,0.71,0.84,0.86,-1.0,0.86,0.86,0.79,0.86,0.86,-1.07,0.84,0.86,-1.07,0.86,0.86,0.86,0.86,0.86,0.86,0.86,0.85,0.86,0.86,-1.1,0.86,0.86,0.86,0.86,0.86,0.86,0.86,0.86,0.86,0.86,0.73,0.86,0.86,0.86,0.86,0.86,-1.13,0.86,0.86,0.86,0.86,0.86,0.86,0.86,0.86,0.86,-1.12,0.85,0.86,0.86,0.86,0.86,0.86,0.86,0.86,-1.0,0.86,0.86,0.86,-1.13,0.84,-1.03,0.86,0.84,0.86,0.86,0.86,0.86,0.86,0.86,0.86,0.86,0.86,0.86,0.86,0.86,0.86,0.86,0.86,-1.08,0.86,0.86,0.86,0.86,0.86,0.86,0.86,0.86,0.86,-1.02,-1.12,0.86,0.86,0.84,0.86,0.86,0.86,-1.08,0.86,0.86,-1.14,0.86,0.86,0.86,0.84,0.86,-1.03,0.86,0.86,0.86,0.86,0.85,0.85,0.86,0.86,-1.01,0.86,0.86,0.86,0.86,0.86,0.84,0.86,0.86,0.86,0.84,0.84,0.86,0.86,-1.13,0.86,0.86,0.86,0.86,0.86,0.86,0.86,0.85,0.84,0.82,0.86,0.86,0.86,-1.05,0.86,-1.01,0.86,0.86,0.86,0.86,0.86,0.86,0.86,0.86,0.85,0.86,-1.02,0.86,0.85,-1.07,0.86,0.84,0.84,0.86,0.86,0.86,0.86,0.86,-1.12,0.84,0.8,0.85,-1.1,0.86,0.86,0.74,-1.0,-1.09,0.86,0.85,0.86,0.86,0.86,0.86,0.86,0.78,0.86,0.86,0.86,0.86,0.86,0.86,0.85,0.86,0.86,0.86,0.86,0.86,0.86,0.86,0.83,0.85,0.85,0.76,0.86,0.86,0.86,0.86,-1.09,0.82,0.86,0.86,0.86,0.85,0.86,0.86,0.86,0.86,0.86,0.86,0.86,0.86,0.86,0.84,0.85,0.86,0.77,-1.08,0.86,0.86,0.86,0.86,0.86,0.86,0.86,0.86,0.86,0.86,0.86,0.86,0.86,0.86,0.86,0.86,0.86,0.86,0.86,0.86,0.86,0.84,0.86,0.86,0.86,-1.01,0.84,-1.12,0.85,0.86,0.86,-1.22,0.85,0.86,0.85,0.86,0.86,0.86,0.81,0.85,0.86,0.86,0.76,0.83,0.86,0.86,-1.02,-1.14,0.85,0.86,0.86,0.86,0.86,0.86,0.86,0.85,0.86,0.84,0.86,0.86,-1.06,0.7,0.86,0.86,0.86,0.86,0.86,0.86,0.86,0.86,0.86,0.86,0.86,0.86,0.86,0.86,0.86,0.86,0.85,0.86,0.86,0.71,-1.09,0.86,0.86,0.86,0.86,0.86,0.86,0.86,0.85,0.86,0.86,0.8,0.86,0.86,0.86,0.85,0.86,0.86,0.86,0.85,0.85,0.76,-1.12,0.86,0.86,0.86,0.86,0.86,0.86,0.86,0.86,0.86,0.86,0.86,0.86,0.86,-1.02,0.86,0.86,0.86,0.86,0.86,0.86,0.86,-1.03,0.86,0.86,0.86,0.8,0.84,0.86,0.86,0.86,0.86,0.86,0.86,0.86,0.86,0.86,0.86,0.86,-1.0,0.86,0.86,0.86,0.86,0.86,0.86,0.86,0.86,0.86,0.86,0.85,-1.01,0.85,0.86,0.86,0.86,0.86,0.86,0.86,0.86,0.86,0.86,0.86,0.86,0.86,0.86,0.86,0.86,0.85,0.86,0.86,0.86,0.86,0.86,0.86,0.83,0.86,0.86,0.82,0.8,0.85,0.85,0.86,0.86,0.86,0.86,0.85,0.86,-1.05,0.86,0.84,0.86,0.86,0.86,0.86,0.86,0.86,0.86,0.86,0.86,0.85,0.86,0.78,0.86,-1.04,0.86,0.86,0.85,0.86,0.86,-1.1,0.82,0.86,0.86,0.72,0.86,0.84,0.86,0.86,0.85,0.83,0.77,0.86,0.85,0.86,0.79,0.84,0.86,0.86,0.72,0.86,0.85,0.86,0.86,0.86,0.86,0.75,0.86,0.86,0.85,0.85,0.85,0.84,0.86,0.86,0.85,0.86,0.86,0.86,-1.07,0.86,0.86,0.86,0.86,0.86,0.86,-1.12,-1.14,0.86,0.86,0.86,0.86,0.84,0.86,0.85,0.86,0.84,0.86,0.86,0.86,-1.04,0.79,0.86,0.86,0.86,0.86,0.86,0.83,0.86,0.86,0.86,0.86,0.86,0.86,0.84,0.86,0.86,0.85,0.85,0.86,0.86,0.86,0.86,0.84,0.82,0.86,0.86,0.85,0.84,0.84,0.86,0.86,0.86,0.86,0.86,0.86,0.86,0.86,0.86,0.86,0.86,0.86,0.86,-1.11,0.86,0.86,0.85,0.85,0.86,0.86,-1.03,0.86,0.86,0.86,0.86,0.84,0.84,0.86,0.86,0.85,0.86,0.86,0.86,0.86,0.86,0.86,0.86,0.84,0.86,0.86,0.85,0.86,0.86,0.82,0.86,0.86,0.86,0.84,0.86,0.86,-1.12,0.85,0.77,0.84,0.86,-1.03,0.85,0.86,0.86,0.86,0.86,0.84,0.86,0.86,0.86,0.86,0.84,0.86,-1.03,0.86,0.86,0.86,0.86,0.86,0.84,0.86,0.85,0.84,0.86,0.86,0.85,0.86,0.86,0.85,0.85,0.85,-1.05,0.86,0.86,0.86,0.82,0.86,0.86,0.86,0.86,0.86,0.86,-1.05,0.85,0.86,0.86,0.86,-1.12,0.86,0.82,0.85,-1.03,0.86,0.85,0.86,-1.01,0.85,0.84,0.84,0.86,0.86,0.86,0.86,0.85,0.85,0.86,0.86,0.86,0.86,0.86,0.86,0.86,0.83,0.86,0.86,0.86,0.85,0.86,0.86,0.86,-1.05,0.86,0.86,0.86,0.86,0.86,0.86,-1.04,-1.1,0.86,0.86,0.77,0.86,0.86,0.85,0.84,0.86,0.85,0.86,0.85,0.83,-1.11,0.86,0.86,0.86,-1.09,0.86,0.86,0.85,-1.25,0.86,0.86,0.85,0.86,0.85,0.86,0.86,0.86,0.86,0.86,0.86,0.86,0.86,0.85,-1.12,0.75,0.86,0.86,0.86,0.86,0.86,0.86,0.86,0.86,0.83,0.84,0.86,0.86,0.86,0.85,0.83,0.86,0.86,0.85,0.85,-1.07,0.83,0.86,0.86,-1.09,0.85,0.85,0.86,0.85,0.86,0.86,0.81,0.86,0.86,0.86,0.86,0.86,0.79,0.86,0.72,0.86,0.86,0.86,0.85,0.86,0.86,0.86,0.86,0.84,0.85,0.84,0.86,0.86,0.86,0.86,0.86,0.86,0.86,0.86,0.86,0.85,0.86,-1.04,-1.05,0.86,-1.03,0.84,0.86,0.86,-1.01,0.84,0.85,0.86,0.85,0.86,0.84,0.86,0.86,0.85,0.83,0.86,0.86,0.86,0.86,0.86,-1.03,0.8,0.72,0.86,0.85,0.86,0.86,0.86,0.86,0.86,0.86,0.84,-1.13,0.86,-1.12,0.86,-1.05,0.86,0.86,0.86,0.86,0.86,0.86,0.84,0.86,0.86,-1.01,0.86,0.86,0.86,0.86,0.86,0.86,0.86,0.86,0.86,0.86,0.86,0.85,0.86,0.84,0.86,0.86,0.86,0.86,0.82,0.86,0.86,0.84,0.86,0.86,0.85,0.85,0.84,0.86,0.85,0.86,0.86,0.86,0.86,0.86,0.86,0.86,0.86,0.84,0.86,0.86,0.86,0.85,0.86,0.86,0.84,0.86,0.86,0.86,0.86,0.74,0.84,0.86,0.86,0.76,0.86,0.86,0.86,0.85,0.85,0.72,0.85,0.86,0.86,0.86,0.85,0.86,0.86,0.86,0.86,0.84,-1.09,0.86,0.85,0.84,0.86,-1.0,0.86,0.86,0.86,0.86,0.86,0.86,0.86,0.86,0.85,0.86,0.84,-1.04,-1.09,0.84,0.77,0.86,0.86,0.86,0.85,0.86,0.86,0.86,0.86,0.84,0.86,0.84,0.86,0.86,-1.09,-1.02,0.86,0.86,0.85,-1.13,0.86,0.86,0.86,0.86,0.86,0.86,0.86,-1.14,0.86,0.86,0.86,0.85,0.81,0.86,0.86,0.86,0.86,-1.03,0.84,0.86,0.86,0.86,0.86,0.86,0.86,0.86,0.86,0.86,0.86,0.86,0.86,0.86,0.84,0.86,0.86,0.85,0.86,0.86,0.86,0.86,0.86,0.86,0.81,0.86,0.86,0.86,-1.14,0.86,0.86,0.86,0.86,0.8,0.86,0.86,0.86,0.86,0.86,0.86,0.86,0.86,0.86,0.86,0.84,0.86,0.86,0.84,0.86,0.86,0.85,0.85,0.86,0.86,0.86,0.86,0.86,0.84,0.86,0.86,0.86,-1.12,0.85,0.84,0.86,0.86,0.86,0.86,0.86,0.86,0.86,-1.13,0.86,0.85,0.83,0.85,0.86,0.86,0.86,0.86,0.86,0.86,-1.07,0.86,0.86,0.84,0.86,0.86,0.84,0.86,0.86,-1.01,0.86,0.85,0.86,0.86,-1.13,0.84,0.86,0.85,0.84,0.86,0.84,0.86,0.86,0.86,0.86,0.86,0.74,0.85,-1.01,0.86,0.86,0.86,-1.04,0.86,0.85,0.86,0.86,-1.13,0.86,0.86,0.86,0.86,0.86,0.86,0.86,0.75,0.64,0.86,0.86,0.86,0.86,0.85,0.86,0.85,0.86,0.86,0.86,0.86,0.86,0.86,0.86,0.86,0.86,0.86,0.86,0.81,0.86,0.86,0.86,0.86,0.85,-1.09,0.78,0.84,0.86,0.86,0.86,0.86,0.86,0.86,0.79,0.86,0.8,0.86,0.86,0.86,0.86,0.86,0.85,0.86,0.86,0.84,0.86,0.83,0.86,0.84,0.86,0.86,0.86,0.86,0.86,0.86,0.86,0.86,0.86,0.81,0.86,0.84,0.86,0.85,0.86,0.86,0.86,0.86,0.86,0.86,0.84,0.86,0.86,0.86,0.71,-1.06,0.86,0.86,0.86,0.86,0.86,0.86,0.86,0.85,0.86,0.76,0.85,0.85,0.85,0.85,0.86,0.85,0.86,-1.03,0.86,0.86,0.85,0.77,0.86,0.85,0.86,0.86,0.86,0.82,0.86,0.86,0.86,0.86,0.86,0.86,0.86,0.86,0.86,0.86,0.86,0.86,0.86,0.84,-1.03,0.86,0.86,0.86,-1.03,0.86,0.86,0.86,0.86,0.75,0.86,0.86,0.86,0.86,0.86,0.86,0.84,0.86,0.86,-1.12,0.85,0.84,0.85,-1.0,0.85,0.86,0.86,0.86,0.85,0.84,0.86,0.86,0.85,0.86,0.86,0.86,0.86,0.86,0.86,0.86,0.86,0.86,0.86,0.86,0.85,0.86,0.86,0.86,0.86,0.86,0.84,0.86,0.86,0.86,0.86,0.86,0.86,0.86,0.86,-1.04,0.86,-1.14,0.86,0.86,0.86,0.86,0.85,0.86,0.86,0.86,0.86,0.86,0.84,0.86,0.86,0.86,0.85,0.86,0.86,0.86,0.81,0.85,0.86,0.86,0.86,0.86,0.85,0.86,0.86,0.86,0.86,0.86,0.86,0.85,0.86,0.86,0.86,0.86,0.85,0.86,0.86,0.86,0.86,0.86,0.86,0.86,-1.07,0.86,0.86,0.86,-1.01,0.84,0.86,0.86,0.86,0.84,-1.04,0.85,0.86,0.86,0.86,0.84,0.86,0.86,0.86,0.86,0.84,0.85,0.86,0.86,0.86,0.86,0.86,0.86,0.8,0.86,0.86,0.85,0.86,0.86,0.86,0.75,0.86,0.74,0.85,0.86,0.86,0.86,0.85,0.83,0.86,0.71,0.86,0.81,0.86,0.85,0.86,0.86,0.86,0.86,0.86,0.86,0.86,0.74,0.86,0.86,-1.1,-1.07,-1.13,0.86,0.84,0.85,-1.06,0.86,-1.03,0.85,0.86,0.86,0.83,0.84,0.86,0.86,0.86,0.86,0.86,0.86,0.86,0.86,0.86,0.86,0.86,0.86,0.86,0.86,0.86,0.86,0.86,0.86,0.84,0.86,0.85,0.85,-1.07,0.85,0.86,0.86,0.86,0.85,0.86,0.77,0.86,-1.04,0.85,0.86,-1.01,-1.15,0.86,0.85,0.86,0.86,0.84,0.86,0.86,0.85,-1.14,0.86,0.86,0.86,0.86,0.72,0.86,0.85,0.86,0.84,0.81,0.86,-1.13,0.86,-1.12,0.85,0.86,0.86,0.86,0.86,-1.03,0.86,0.86,0.86,0.85,0.85,-1.01,0.86,0.85,0.85,0.86,0.86,0.85,-1.06,0.85,0.86,0.86,0.86,0.86,0.86,0.84,0.86,0.86,0.86,0.86,0.86,0.85,0.86,0.86,0.86,0.86,0.86,0.86,0.85,0.86,0.86,0.86,0.86,0.83,0.86,0.86,0.86,0.86,0.86,0.86,0.86,0.86,0.86,0.86,0.86,0.86,0.75,0.86,0.86,0.86,0.86,0.86,0.86,0.86,0.86,0.86,0.86,-1.01,0.86,0.85,0.86,0.75,0.86,0.86,0.85,0.86,0.86,0.86,0.86,0.86,0.86,0.86,0.86,0.86,0.86,0.86,0.86,0.86,-1.0,0.86,0.86,0.86,0.85,0.86,0.86,0.86,0.86,-1.12,0.85,0.86,0.85,0.86,0.86,0.86,0.86,0.85,0.86,0.84,0.85,0.86,0.86,0.86,0.86,-1.02,0.85,0.86,0.86,0.86,0.86,0.86,0.86,0.86,-1.09,0.86,0.83,0.85,0.85,0.86,0.86,0.86,0.86,0.85,0.82,0.74,0.86,0.86,0.84,0.86,0.84,0.85,0.86,0.86,-1.04,0.85,0.86,0.86,0.86,0.86,-1.06,0.84,0.86,-1.13,0.84,0.86,0.79,0.7,0.84,0.86,0.86,0.84,0.86,0.86,0.84,0.86,0.85,0.86,0.86,0.85,0.86,0.84,0.86,0.85,0.86,0.86,0.85,-1.05,0.86,0.86,0.86,0.86,0.86,0.86,0.85,0.86,0.85,0.86,0.86,0.86,0.86,0.86,0.86,0.85,0.86,0.86,0.81,-1.12,0.85,0.86,0.86,0.85,0.86,0.86,0.86,0.86,0.86,0.86,0.85,0.83,0.86,0.86,-1.13,-1.03,0.85,0.85,0.86,-1.04,0.86,0.86,0.86,0.86,0.86,0.86,0.86,0.86,-1.29,0.86,0.86,0.86,0.86,0.86,-1.07,0.85,0.86,-1.03,0.86,0.86,0.86,0.86,0.86,0.85,0.84,0.86,0.86,0.86,0.86,0.86,0.86,0.78,0.85,0.86,0.86,0.8,0.86,-1.0,0.86,0.86,0.86,0.7,0.86,0.84,0.86,0.86,-1.13,0.86,0.86,-1.12,0.86,0.86,0.84,0.83,-1.03,0.86,0.86,0.86,0.84,0.86,0.86,0.86,0.86,0.86,0.85,0.83,0.86,0.86,0.86,0.86,0.86,0.86,0.86,0.86,-1.01,0.85,0.86,0.86,0.86,0.86,0.86,0.86,0.86,0.86,0.86,0.86,0.85,0.86,0.86,0.86,0.86,0.86,0.86,0.86,0.86,0.86,0.86,-1.02,0.86,0.86,0.86,0.86,0.86,0.8,0.86,0.86,-1.13,0.86,0.86,-1.0,0.86,0.86,0.86,0.86,-1.05,0.84,0.86,-1.17,0.86,0.85,0.86,0.84,0.84,0.83,0.86,0.86,0.86,0.86,0.86,0.84,0.86,0.86,0.85,0.86,0.86,0.86,0.86,0.86,0.86,0.86,0.85,0.86,0.86,0.85,0.72,0.86,0.86,0.86,0.86,0.86,0.86,0.85,0.86,0.86,0.72,0.86,0.86,0.85,0.86,-1.05,0.84,0.86,0.86,0.84,0.86,0.86,0.86,0.86,0.86,0.86,0.86,0.86,0.86,0.86,0.86,0.86,0.86,0.86,0.86,0.85,0.86,0.86,0.86,0.86,-1.03,0.83,0.86,0.86,-1.04,0.84,0.84,0.71,0.86,0.79,0.86,0.85,0.85,-1.13,0.86,0.86,0.85,0.86,0.85,0.86,-1.06,-1.13,0.86,0.83,-1.02,0.86,0.86,0.84,0.85,0.85,0.85,0.85,0.86,0.86,0.86,0.86,0.86,-1.03,0.86,-1.05,0.86,0.86,0.86,0.86,0.86,0.86,0.79,0.86,0.86,0.86,0.86,0.86,0.86,0.86,0.86,0.86,0.84,0.83,0.86,0.86,0.86,0.86,0.86,0.86,-1.12,0.86,0.86,0.85,0.84,0.86,0.85,0.85,0.86,0.86,0.86,0.86,-1.13,-1.12,0.86,0.85,0.86,0.85,0.86,0.86,0.86,0.86,0.86,0.86,-1.06,0.85,-1.03,0.75,0.85,0.86,0.86,0.86,0.86,0.86,0.83,0.84,0.85,0.77,0.86,0.86,0.86,0.86,0.86,0.86,0.86,0.86,0.86,0.86,0.86,0.86,0.86,0.84,0.86,-1.11,0.85,0.86,0.86,0.85,0.86,0.86,0.86,0.85,0.86,0.86,0.85,0.86,0.86,0.86,0.86,-1.03,0.85,0.86,0.86,0.86,0.85,0.86,0.86,0.73,0.85,0.74,0.86,0.86,0.86,0.86,0.86,0.86,0.86,-1.11,0.86,0.86,0.85,0.86,0.86,0.86,0.86,-1.02,0.86,-1.1,0.86,0.86,0.86,0.85,0.86,0.74,0.86,0.76,0.86,0.86,0.86,0.85,0.86,0.86,0.86,0.86,0.84,0.86,0.84,0.85,0.86,-1.13,0.86,0.86,0.86,0.86,0.85,0.85,0.86,0.86,0.86,0.86,0.86,0.85,0.86,0.86,0.84,-1.09,-1.07,0.85,0.82,0.86,0.86,0.85,0.85,0.85,0.86,0.86,0.86,0.86,0.86,0.86,-1.12,0.86,0.86,0.86,0.86,0.84,0.86,0.86,0.86,0.86,0.77,0.86,0.86,0.85,0.86,0.86,0.86,0.86,0.71,-1.03,0.86,0.86,0.86,0.86,0.84,0.86,0.86,0.86,0.85,0.86,0.84,0.83,0.86,0.84,0.86,0.86,0.86,0.86,0.86,0.86,0.86,0.86,0.86,0.86,0.86,0.85,0.86,0.86,0.86,0.86,0.84,0.86,0.86,0.83,0.86,0.86,0.86,0.86,0.86,0.86,0.83,0.86,0.85,0.86,0.86,0.86,0.86,0.86,0.86,0.86,0.86,0.86,0.86,0.86,0.86,0.85,0.85,0.86,-1.08,0.85,0.72,0.86,0.84,0.86,0.86,0.84,0.86,0.86,0.84,0.86,0.86,0.84,0.86,0.86,0.86,0.86,0.83,-1.02,0.84,0.85,0.86,0.86,0.86,0.86,-1.04,0.56,0.86,-1.12,0.85,0.85,0.86,-1.07,0.83,0.86,0.86,0.86,0.86,-1.05,0.85,0.86,0.86,0.85,0.85,0.86,0.86,0.84,0.86,0.86,0.86,0.86,0.86,0.86,0.86,0.86,0.84,0.86,0.86,0.86,0.86,0.86,0.85,0.72,0.86,0.86,0.86,0.86,-1.13,0.85,-1.05,0.85,0.86,0.86,0.83,0.86,0.86,0.84,0.86,0.86,0.84,0.86,0.85,0.86,0.86,0.86,0.86,0.86,0.85,0.86,0.85,0.86,0.86,0.74,0.86,0.86,0.86,0.86,0.86,0.86,0.86,0.86,0.85,0.86,0.86,0.86,0.86,0.86,0.86,0.86,-1.0,0.86,-1.05,0.86,0.86,0.84,0.84,0.86,0.86,0.86,-1.05,0.86,0.86,0.85,0.86,0.86,0.84,0.86,0.85,0.85,0.86,0.86,0.84,0.84,-1.03,0.85,0.83,-1.05,0.78,-1.12,0.86,0.86,0.86,0.84,0.86,0.85,0.86,-1.05,0.84,0.86,0.85,0.86,0.81,0.86,-1.02,0.86,0.84,0.84,0.86,0.84,-1.06,0.86,0.86,0.85,0.84,0.86,0.86,0.86,0.86,0.86,0.86,0.86,0.86,0.86,0.86,0.86,0.86,0.84,0.86,0.86,0.84,0.71,-1.06,-1.04,0.86,0.86,0.86,0.84,0.86,0.86,0.86,0.86,0.86,0.86,0.86,0.86,0.86,0.86,0.86,0.86,0.86,0.86,0.85,0.85,0.86,0.86,0.86,0.86,0.84,0.86,0.86,0.71,0.86,0.84,0.86,0.86,0.81,0.84,0.86,0.86,0.86,0.86,0.84,0.86,0.86,0.86,0.86,0.86,0.86,0.84,0.86,0.86,0.84,0.86,0.86,0.86,0.86,0.86,0.86,0.86,0.86,0.86,0.86,0.86,0.83,0.86
-1.24,0.8,-1.05,0.85,-1.01,-1.13,-1.09,0.8,-1.03,-1.3,-1.03,-1.07,0.84,0.81,0.77,-1.0,0.85,0.6,0.81,0.68,0.54,0.8,-1.04,0.84,0.75,0.86,0.86,0.8,-1.02,0.75,-1.03,0.72,-1.07,-1.03,0.86,0.86,0.83,0.82,0.86,0.8,0.86,0.8,0.81,0.86,0.85,0.85,0.86,0.82,0.84,0.85,0.86,0.78,0.86,0.83,0.86,0.84,0.86,0.86,0.8,-1.14,0.76,-1.07,0.86,0.85,0.86,0.86,0.86,0.85,0.86,0.86,0.86,0.86,0.84,0.86,0.84,0.86,0.86,0.86,0.86,0.85,0.86,0.86,0.86,0.86,0.86,-1.09,0.86,0.86,0.86,-1.15,0.85,0.84,-1.03,-1.03,-1.03,-1.05,0.86,-1.11,0.86,0.86,0.86,0.86,0.86,0.86,0.86,0.86,0.86,0.86,0.85,0.86,0.86,0.86,0.84,0.86,0.86,0.86,0.86,0.77,0.86,0.86,0.84,0.85,0.86,0.86,0.86,0.86,0.86,0.84,0.86,0.86,0.86,-1.11,0.85,-1.12,0.86,0.86,0.84,0.86,0.86,0.86,0.86,0.85,0.86,0.86,0.85,0.84,0.85,0.86,0.86,0.86,0.86,0.86,0.86,0.86,0.86,0.86,0.86,0.86,0.85,0.86,0.86,0.83,0.86,0.83,0.86,0.84,0.86,0.84,0.86,0.86,0.86,0.86,0.85,0.86,0.83,0.85,0.84,0.86,0.86,0.8,0.86,0.86,0.86,0.86,0.86,0.86,0.86,0.86,0.86,0.86,0.86,0.86,0.83,0.86,0.85,0.86,0.86,0.86,0.86,0.86,0.86,0.84,0.83,0.86,0.86,0.86,0.86,0.86,0.86,0.86,0.86,0.86,0.86,0.86,0.85,0.86,0.86,0.86,0.86,0.86,0.86,0.86,0.86,0.86,0.84,0.86,0.86,0.84,0.86,0.86,0.86,0.86,0.86,0.86,0.86,0.86,0.86,0.83,0.85,0.83,-1.11,0.86,0.86,0.86,0.86,0.86,0.86,0.86,0.85,0.86,0.86,0.84,-1.04,-1.04,0.85,0.86,0.86,0.86,0.86,0.86,0.86,0.85,0.86,0.86,0.86,0.86,0.86,0.86,0.85,0.86,0.85,-1.05,0.86,0.86,-1.14,0.86,-1.02,0.86,0.78,0.86,0.86,0.85,0.86,0.86,0.84,0.86,0.84,0.72,0.86,0.86,0.86,0.86,0.86,0.86,0.86,0.83,0.86,0.86,0.86,0.84,0.86,0.86,0.86,-1.06,0.86,0.86,0.86,0.77,0.86,0.85,0.85,0.86,0.85,0.86,0.86,0.82,0.85,0.86,0.84,0.86,0.86,0.86,0.86,0.86,0.86,0.86,0.86,0.85,0.85,0.86,0.86,0.86,0.86,0.81,0.86,0.86,0.86,0.86,0.85,0.86,0.86,0.86,0.84,0.86,0.86,0.86,0.86,0.86,0.86,0.86,0.85,0.86,0.86,0.86,0.86,0.86,0.8,0.86,0.86,0.86,0.86,0.86,0.81,0.86,0.86,0.86,0.86,0.86,-1.05,-1.07,0.86,0.86,-1.12,0.86,0.86,0.75,0.86,0.86,0.86,0.86,0.86,0.86,0.86,0.85,0.86,0.86,0.86,-1.03,0.86,0.86,0.74,0.86,0.84,0.84,0.86,0.86,0.86,0.86,0.86,0.86,0.86,-1.04,0.86,0.86,0.86,0.85,0.86,-1.07,0.86,0.86,0.86,0.86,0.86,0.86,-1.14,0.85,0.85,0.86,0.86,0.86,0.85,0.86,0.86,0.85,0.84,0.86,0.86,0.85,0.85,0.86,-1.03,0.86,0.86,0.86,0.86,0.86,0.86,-1.02,0.86,0.86,0.86,0.85,0.86,0.86,0.86,0.84,0.86,0.86,0.86,0.85,0.86,0.86,0.86,0.86,0.86,0.86,0.86,-1.0,0.85,0.84,0.86,0.84,0.86,0.86,0.86,0.83,0.86,0.86,0.86,0.85,0.86,0.86,0.86,0.86,0.86,0.86,0.86,0.86,0.86,0.86,0.85,0.86,0.84,0.86,0.86,0.86,0.86,0.86,0.85,-1.22,0.86,0.86,0.86,0.86,0.86,0.85,0.86,0.86,0.86,0.86,0.86,0.86,0.86,0.86,0.86,0.86,0.86,0.86,0.85,-1.13,0.84,0.86,0.85,-1.08,0.85,0.86,0.86,0.86,0.86,0.77,0.86,0.86,0.86,0.86,0.86,0.86,-1.1,0.86,0.86,0.86,0.86,0.86,0.86,0.86,0.86,0.86,0.73,0.86,0.86,0.86,0.86,0.86,0.86,-1.14,0.85,0.86,0.86,0.86,0.86,0.86,0.86,0.84,0.84,0.84,0.86,0.86,0.86,0.85,0.86,0.84,0.86,0.84,0.86,0.86,0.86,-1.04,0.86,0.86,0.86,0.86,0.86,0.86,0.86,0.86,-1.06,0.85,0.86,0.86,0.86,0.86,0.86,0.86,0.86,0.86,0.86,0.85,0.86,0.86,0.84,0.86,0.86,0.85,0.86,0.86,0.86,0.86,0.86,0.86,0.86,0.86,0.86,0.86,0.86,0.86,-1.08,-1.05,0.86,0.86,0.83,0.86,-1.02,0.86,0.79,0.86,0.86,0.86,-1.0,0.86,0.86,0.86,0.8,0.86,0.83,0.86,0.83,0.86,0.86,0.86,0.86,0.86,0.86,0.85,0.86,0.86,0.84,0.75,0.85,0.85,0.84,0.86,0.85,0.86,0.86,0.86,0.86,0.86,0.86,0.86,0.86,0.85,0.86,0.86,0.82,0.72,0.86,-1.13,0.86,0.86,0.78,0.85,0.86,0.86,0.86,0.86,0.77,-1.1,0.82,0.86,0.86,0.86,0.83,0.86,0.86,0.86,0.86,0.86,-1.14,0.86,0.86,0.82,0.86,0.85,-1.13,0.85,0.86,0.86,0.86,0.86,0.86,0.86,0.86,0.86,0.85,0.86,0.86,0.86,0.86,-1.09,0.85,0.86,0.86,0.86,0.82,0.86,0.86,0.86,0.86,0.84,0.85,0.86,0.86,-1.13,0.86,0.86,0.86,0.83,0.74,0.86,0.86,0.84,0.86,0.84,0.86,0.86,0.86,0.86,0.85,0.86,0.86,0.86,0.86,0.76,0.84,0.84,0.84,0.8,0.86,0.86,0.86,0.86,0.86,0.86,0.86,0.86,0.86,0.86,0.86,0.81,0.86,0.85,0.86,0.86,0.85,0.86,0.86,-1.11,0.86,0.86,0.85,0.86,0.86,0.86,0.86,0.86,0.84,0.86,0.86,0.85,0.86,0.86,0.86,0.86,0.86,0.71,0.86,0.86,0.86,0.86,0.86,0.86,0.85,-1.12,-1.03,-1.13,-1.1,0.86,0.86,0.86,0.86,0.86,0.85,0.86,0.86,0.86,0.86,-1.11,0.85,0.86,0.86,0.84,-1.1,0.84,0.86,0.86,0.86,0.85,0.86,0.86,0.86,0.86,0.86,0.86,0.86,0.86,0.84,-1.13,0.85,0.84,0.86,-1.01,0.86,0.85,0.86,0.86,-1.18,0.84,0.86,-1.11,0.84,0.86,0.86,0.86,0.86,0.81,0.86,0.86,0.85,0.86,0.85,0.84,0.86,0.86,0.79,0.86,0.84,0.86,0.84,0.86,0.77,0.86,0.86,0.81,0.86,0.63,-1.13,0.85,0.84,0.86,0.69,0.86,-1.13,0.84,0.85,0.86,0.85,0.84,0.86,0.85,0.86,0.85,0.86,0.85,0.86,0.86,-1.01,0.86,0.86,0.86,0.86,0.86,0.85,0.86,0.86,0.86,0.86,0.86,0.86,0.86,0.86,0.86,0.86,0.86,0.86,0.86,0.86,0.86,0.86,0.86,0.86,0.86,0.86,0.86,0.86,0.86,0.86,0.85,-1.13,0.86,0.86,0.86,0.86,0.86,0.86,0.86,0.85,0.85,0.86,0.84,0.86,0.86,0.86,0.86,0.85,0.85,0.86,0.86,0.84,0.86,0.86,0.86,0.86,0.86,0.86,-1.05,0.86,-1.02,0.86,0.81,0.86,0.86,0.86,0.86,0.86,-1.02,0.86,-1.26,0.86,0.85,0.86,0.85,0.86,0.86,0.85,0.86,0.86,0.84,0.86,0.86,0.84,0.86,0.86,-1.16,0.86,0.86,0.86,0.86,0.86,-1.05,0.85,0.86,0.86,0.84,0.84,0.86,0.86,0.86,0.86,0.84,0.86,0.56,0.82,0.75,0.86,0.86,0.85,0.86,0.86,0.85,0.86,0.86,0.85,0.86,-1.1,0.86,0.86,0.83,0.85,0.83,0.8,0.86,0.86,0.86,0.86,0.86,0.86,0.86,0.86,0.86,0.86,0.86,0.86,0.86,0.64,0.86,0.86,0.86,0.73,0.86,0.86,0.86,0.86,0.85,0.86,0.86,0.86,0.86,0.84,0.85,0.82,0.86,0.86,0.86,0.86,0.86,0.84,0.86,0.86,0.86,0.85,0.86,0.86,0.75,0.86,0.86,0.77,0.86,0.86,0.86,0.86,0.86,0.86,0.86,0.86,0.86,0.86,0.86,0.83,0.86,0.86,0.86,0.86,0.86,0.8,0.84,0.76,0.86,0.72,0.86,0.86,0.85,0.86,0.86,0.84,0.86,0.86,0.85,0.86,0.86,-1.08,0.85,0.86,0.86,0.86,0.86,0.86,0.86,0.76,0.86,0.86,0.86,0.85,0.86,0.86,0.86,0.86,-1.02,0.85,0.86,-1.09,0.86,0.86,0.86,0.86,0.86,0.86,0.86,0.86,0.86,0.86,-1.14,0.86,0.86,0.86,0.86,0.86,0.86,0.75,0.86,0.85,0.86,0.86,0.86,0.84,-1.08,0.86,0.86,-1.02,-1.07,0.86,0.84,0.86,0.86,0.86,0.74,0.86,-1.0,0.86,0.85,0.85,0.84,0.86,-1.14,0.86,-1.08,0.85,0.86,-1.01,0.86,-1.13,0.86,0.85,0.86,0.86,0.86,0.86,0.85,0.86,0.86,0.86,0.86,0.86,0.84,0.86,0.84,0.86,0.86,-1.02,-1.06,-1.02,0.84,0.83,0.86,0.84,-1.04,0.85,0.86,0.86,0.84,0.86,0.84,0.86,0.85,0.85,0.86,0.85,0.86,0.86,0.86,-1.12,0.81,0.86,0.86,0.77,0.86,0.86,0.76,0.86,0.86,0.86,0.86,0.81,0.86,0.86,0.83,-1.16,0.84,0.86,0.86,0.86,0.86,-1.13,0.86,-1.13,0.86,0.86,-1.14,0.84,0.86,0.85,0.86,-1.07,0.85,0.86,0.85,0.84,0.86,0.86,0.73,0.86,0.86,0.86,0.86,0.86,0.79,0.86,0.86,0.86,-1.1,0.86,0.86,0.83,0.86,0.86,0.86,0.86,0.86,0.86,0.86,0.86,0.86,0.82,0.86,0.86,0.86,0.74,0.86,0.86,0.86,0.85,0.84,0.86,0.86,0.86,0.86,0.82,0.86,0.86,0.86,0.86,-1.03,0.86,0.85,0.86,0.86,0.86,-1.11,-1.12,0.86,0.86,0.84,0.86,0.85,0.84,0.74,0.86,0.85,-1.03,0.86,0.78,0.86,0.83,0.86,0.86,0.86,0.86,0.86,0.86,0.86,0.86,0.84,0.85,0.86,0.86,0.86,0.86,0.86,0.86,-1.0,0.86,0.86,0.8,0.63,0.86,0.84,0.86,0.86,0.85,0.86,0.86,0.84,0.86,0.86,0.86,0.86,0.84,0.86,0.86,0.86,0.86,0.85,0.86,0.86,-1.1,0.86,0.86,0.83,0.86,0.86,0.86,0.86,0.86,0.86,0.86,0.85,0.84,0.86,0.86,0.86,0.84,0.74,0.86,0.86,0.86,0.86,0.86,0.86,0.86,-1.05,0.85,0.86,0.86,0.86,0.84,0.86,0.83,0.86,0.86,0.86,0.86,0.85,-1.12,0.86,-1.12,0.84,0.86,0.86,0.86,0.86,0.86,0.86,0.85,0.85,0.86,-1.03,0.86,0.86,0.86,0.86,0.84,0.86,0.86,0.86,0.86,0.86,0.86,0.85,0.86,0.84,0.86,0.86,0.86,0.86,0.86,0.86,0.85,0.86,0.86,0.86,0.86,0.86,0.85,0.86,0.86,-1.02,0.79,0.86,0.86,0.85,0.86,0.86,0.86,0.86,0.86,0.86,0.86,0.86,0.86,0.86,0.86,0.86,0.86,0.86,0.86,0.84,0.86,0.86,0.86,0.86,0.86,0.86,0.86,0.85,0.86,0.86,0.86,0.84,0.86,0.86,0.86,0.85,0.83,0.78,0.86,0.84,0.86,0.86,0.73,-1.14,0.86,0.86,0.86,0.86,0.86,0.86,0.86,0.85,0.86,-1.01,0.86,0.85,0.86,0.86,0.86,0.84,-1.09,0.86,0.86,0.76,0.86,0.86,0.84,0.84,0.86,0.84,0.86,0.86,0.86,0.86,0.86,0.86,-1.02,0.84,0.86,0.86,0.7,0.86,0.85,-1.04,0.86,0.84,0.86,0.86,0.86,0.86,0.84,0.86,0.85,0.74,0.86,0.86,-1.04,0.85,0.71,0.86,0.86,0.86,0.86,0.86,0.86,0.72,0.86,0.86,0.86,0.85,-1.13,0.86,0.86,0.86,0.86,0.84,0.84,0.86,0.86,0.86,0.86,0.86,0.86,0.86,0.86,-1.03,0.86,0.86,0.84,0.78,0.85,0.86,0.86,0.86,0.85,0.78,-1.05,0.86,0.83,0.86,0.85,0.86,0.86,0.86,0.86,0.86,0.86,0.86,0.86,0.86,0.84,0.86,0.85,0.84,0.86,0.86,0.86,0.86,-1.07,0.85,0.85,0.85,0.86,0.86,0.86,0.85,0.86,0.75,0.86,0.86,0.84,0.86,0.86,0.84,0.81,0.86,0.86,0.86,0.86,0.86,0.86,0.86,0.78,-1.06,0.85,0.86,0.86,0.86,0.86,0.86,0.85,0.86,0.86,0.86,0.86,0.86,0.86,0.86,0.86,0.86,0.85,0.85,0.86,0.85,0.86,0.86,0.86,0.73,0.86,0.85,0.86,0.86,0.86,0.86,-1.05,0.86,-1.06,-1.13,0.86,-1.12,0.86,0.86,0.86,0.86,0.86,0.84,0.85,0.86,0.86,0.73,0.84,0.86,0.86,0.85,0.86,0.86,0.86,0.86,0.86,0.86,0.86,0.72,0.86,0.86,0.86,0.86,0.86,0.86,0.86,0.86,0.86,0.86,0.86,0.86,0.86,0.86,0.78,0.86,0.85,0.85,0.69,0.86,0.85,0.86,-1.21,-1.21,0.86,0.86,0.83,0.84,0.86,0.86,0.86,0.86,0.86,0.84,0.86,0.86,-1.07,0.86,0.86,0.86,-1.03,0.86,0.86,0.86,0.85,0.86,-1.06,0.73,0.85,0.85,0.78,0.85,0.85,0.85,0.84,0.86,0.86,0.85,0.86,0.86,0.86,0.86,0.86,0.86,0.86,0.85,0.86,0.86,0.86,0.86,-1.16,0.85,0.86,0.86,0.86,0.86,0.86,0.86,0.86,0.86,0.86,0.81,0.85,0.84,0.86,0.85,0.85,0.86,0.86,0.86,0.86,0.86,0.86,0.86,0.84,0.85,0.86,0.86,-1.13,0.86,0.86,0.86,0.86,0.86,0.86,0.86,0.86,0.86,0.86,0.86,0.85,0.86,0.86,0.86,-1.1,0.85,0.86,0.86,0.86,0.86,0.86,0.7,0.86,0.86,0.86,0.86,0.86,0.86,0.86,0.86,0.86,0.86,0.86,0.84,0.86,0.86,0.85,0.82,0.86,0.86,0.86,0.82,0.86,0.86,0.86,0.86,0.86,0.86,0.86,0.83,0.86,0.86,0.84,0.86,0.86,-1.05,0.86,0.84,0.86,0.86,0.86,0.86,0.86,-1.03,0.86,0.85,0.84,0.85,0.85,0.86,0.86,0.86,0.86,0.86,0.69,0.86,0.86,0.86,0.86,0.86,0.86,0.65,0.86,0.86,0.86,0.86,0.84,0.86,0.86,0.86,0.86,0.86,0.86,-1.12,0.86,-1.08,-1.13,0.86,0.86,0.86,0.86,0.84,0.82,0.86,0.86,0.86,0.86,0.86,0.86,0.85,0.86,0.86,0.86,0.86,0.84,0.86,0.84,0.86,0.86,0.86,0.86,0.86,0.86,-1.11,-1.04,0.85,0.86,0.86,0.86,0.86,0.86,0.86,0.86,-1.13,0.86,0.86,0.74,0.86,0.86,0.86,0.84,0.86,0.86,0.86,0.86,0.86,0.86,0.86,0.86,0.86,-1.02,0.84,0.86,0.86,-1.01,0.85,0.84,0.86,0.84,0.86,0.86,0.86,0.86,0.84,0.85,0.86,0.84,0.86,0.86,0.86,0.86,0.86,0.86,0.86,0.86,0.86,0.74,0.86,0.86,0.86,0.86,0.86,0.86,0.86,0.86,0.86,0.86,0.86,0.86,0.86,0.86,0.86,0.86,-1.02,0.86,0.86,0.86,0.86,0.86,0.86,0.86,0.86,0.86,0.86,0.86,0.86,0.85,0.86,0.86,0.86,0.86,0.82,0.86,-1.0,0.86,0.84,0.86,0.86,0.73,0.86,0.86,0.86,0.86,0.84,0.86,0.86,0.86,0.86,0.86,0.84,-1.04,0.86,0.86,0.86,0.82,-1.07,0.83,0.86,0.86,-1.1,0.84,0.85,0.85,0.85,0.85,0.86,0.85,0.86,0.86,0.85,0.86,0.86,0.86,0.77,0.86,0.84,0.82,0.86,0.86,0.86,0.85,0.86,0.86,0.86,0.84,0.86,0.86,0.86,0.84,0.86,0.85,-1.09,0.85,0.86,0.86,0.85,0.86,0.86,0.86,0.86,-1.15,0.86,0.85,0.86,0.86,0.84,0.86,0.86,0.86,0.86,0.86,0.86,0.86,0.86,0.84,0.86,0.86,0.86,0.86,0.86,-1.03,0.86,0.86,0.86,0.86,0.86,0.85,0.86,0.86,0.86,0.86,0.86,0.86,0.84,0.84,0.84,0.86,0.86,0.86,0.86,0.73,-1.02,0.85,-1.12,0.85,0.86,0.86,0.86,0.85,0.86,0.85,0.85,0.86,0.86,0.86,0.86,0.86,0.81,0.86,0.86,0.86,0.82,0.84,0.86,0.86,0.86,0.85,0.83,0.86,0.85,0.86,0.86,0.86,0.85,0.86,0.85,0.86,0.86,0.86,0.86,0.86,0.86,0.86,0.86,-1.08,0.85,0.86,0.86,0.84,0.86,0.86,0.82,0.72,0.86,0.86,-1.25,0.86,0.85,0.86,0.85,0.86,0.85,0.86,0.86,0.86,0.86,0.85,0.86,0.86,0.86,0.86,0.86,0.86,0.86,0.86,0.86,-1.02,0.86,0.86,0.84,0.85,0.86,0.86,0.86,0.86,0.86,0.86,0.84,0.86,0.86,0.86,0.83,0.86,0.86,0.84,0.86,0.86,0.86,0.86,0.86,0.86,0.86,0.86,0.86,0.86,0.86,0.86,0.86,0.86,0.86,-1.03,0.86,0.86,0.86,0.85,0.86,0.86,0.86,-1.03,0.86,0.85,0.86,0.86,0.86,0.86,-1.03,-1.02,0.86,0.85,0.86,0.86,0.83,0.84,0.86,0.86,0.86,0.86,0.86,0.86,0.86,0.86,-1.02,0.86,0.76,0.86,0.86,0.86,0.85,0.86,0.84,0.86,0.83,0.86,0.83,0.86,-1.18,0.86,0.85,0.85,0.86,0.86,0.86,0.86,0.83,0.85,0.83,0.86,0.76,0.86,0.86,0.86,0.86,0.86,0.86,0.84,0.85,0.86,0.86,0.86,-1.06,0.86,0.86,0.86,0.84,0.86,0.86,0.86,0.86,0.86,0.86,0.73,0.85,0.86,0.86,0.85,0.86,0.86,0.86,0.86,-1.03,0.86,0.86,0.86,0.86,-1.14,0.85,-1.19,0.86,0.85,0.86,0.86,0.86,0.86,0.86,0.86,0.86,0.86,0.86,-1.13,-1.06,0.83,0.86,0.86,0.86,0.86,0.86,0.86,0.86,0.86,-1.03,0.86,0.84,-1.13,0.84,0.86,-1.08,0.86,0.84,0.86,0.86,0.84,0.86,0.86,0.86,0.86,0.86,0.72,0.86,0.86,0.86,0.86,0.86,0.86,0.85,0.85,0.86,-1.13,0.86,0.86,0.86,0.86,0.86,0.84,0.86,0.85,0.86,0.86,0.85,0.86,0.86,0.84,0.84,0.86,0.86,0.86,0.86,0.86,-1.2,0.86,0.86,0.85,0.86,0.86,0.86,0.86,0.86,0.84,-1.1,0.71,-1.0,0.86,0.86,0.86,0.86,0.85,0.86,0.86,0.86,-1.14,0.84,0.86,-1.0,0.84,0.86,0.86,0.85,0.86,0.86,0.86,0.84,0.86,0.86,0.85,-1.08,0.86,0.83,0.85,0.86,0.86,0.86,0.85,0.86,0.86,0.85,0.86,0.86,0.86,0.86,0.86,0.86,-1.05,0.84,0.85,0.86,0.86,0.86,0.72,0.86,0.86,0.86,0.86,0.86,0.86,0.86,0.86,0.86,0.86,0.85,0.84,0.86,0.86,0.86,0.86,0.86,0.86,0.86,0.86,0.86,0.84,0.86,0.85,0.86,0.83,0.86,0.85,0.86,0.86,0.86,0.86,0.86,0.82,0.86,0.73,0.84,0.86,0.85,0.86,0.86,-1.01,0.86,0.86,0.86,-1.03,0.86,0.86,0.86,0.86,0.86,0.86,0.86,-1.14,0.77,0.86,0.86,0.84,0.86,0.86,0.83,0.85,0.86,0.86,0.86,0.85,0.86,0.86,0.86,0.83,0.86,0.83,0.86,0.86,0.75,-1.09,-1.06,0.86,0.85,0.85,0.85,0.86,0.86,0.86,0.86,0.86,0.86,0.86,0.86,0.86,0.86,0.86,0.86,0.86,0.86,0.86,0.86,0.86,0.86,0.86,0.86,0.85,0.86,0.86,0.86,0.86,0.86,0.86,0.86,0.86,0.86,0.86,0.86,0.86,0.85,0.86,0.86,0.86,-1.02,0.86,0.86,0.86,0.86,0.86,0.86,0.86,0.86,0.86,0.86,0.86,0.86,0.85,0.86,0.86,0.86,0.73,0.86,0.86,0.86,0.86,0.86,0.86,0.86,0.86,-1.13,0.86,0.86,0.84,0.84,0.85,0.84,0.86,0.86,0.86,0.86,0.85,0.76,0.84,0.86,0.85,0.85,0.86,0.86,0.86,0.86,0.86,0.86,-1.07,0.74,0.86,0.85,0.84,0.86,0.85,0.86,0.86,0.86,0.86,0.86,-1.09,0.86,0.85,0.84,0.85,0.86,0.86,0.86,0.84,-1.09,0.86,0.86,-1.03,0.85,0.86,0.86,0.86,0.86,0.85,0.86,0.86,0.86,0.86,0.85,0.86,0.86,0.86,0.86,-1.03,0.86,0.86,0.86,0.86,0.86,0.86,0.86,0.86,0.73,0.86,-1.14,0.83,0.86,0.84,0.86,0.86,0.86,0.86,0.86,0.86,0.86,0.86,0.85,0.86,0.84,0.86,0.85,0.86,0.86,0.86,0.86,0.86,0.86,0.86,0.84,0.86,0.86,0.86,0.86,0.85,0.84,-1.05,0.86,0.73,0.86,0.86,0.84,0.86,0.86,0.84,0.86,0.86,0.86,0.86,0.85,0.86,0.86,0.84,0.86,0.86,0.8,0.85,0.86,0.86,0.74,0.85,-1.0,0.86,-1.13,0.86,0.86,0.84,0.84,0.86,0.86,0.86,0.86,0.85,0.86,0.86,0.86,0.86,0.76,0.86,0.83,0.86,0.86,0.86,0.86,0.86,0.86,0.83,0.86,-1.12,0.84,0.86,0.86,0.85,0.86,-1.14,0.86,0.86,0.85,0.86,0.86,0.86,0.86,0.86,0.86,0.86,0.86,0.85,0.86,0.86,0.86,0.86,0.86,0.86,-1.13,0.84,0.86,0.86,0.86,0.86,0.86,0.8,0.86,0.86,0.86,0.86,0.86,0.86,0.86,0.86,0.86,0.86,0.86,0.86,0.78,0.86,0.86,0.85,0.86,0.86,0.86,0.86,0.86,0.86,0.86,0.86,0.86,-1.02,0.85,0.86,0.86,0.83,0.86,0.73,0.82,0.86,0.85,0.86,0.86,0.86,0.86,0.86,0.86,0.86,0.86,0.86,0.86,-1.12,0.84,0.86,0.86,0.86,0.86,0.86,0.84,0.84,0.86,-1.01,-1.25,0.79,0.83,0.85,-1.03,0.85,0.86,0.77,0.84,0.85,0.86,0.86,0.86,0.85,0.86,0.86,0.86,0.84,0.86,0.86,0.84,0.86,0.86,0.86,0.86,0.85,0.86,0.86,0.84,0.86,-1.13,0.86,0.86,0.86,0.86,0.86,0.86,-1.07,0.86,0.83,0.85,0.86,0.85,0.86,0.86,0.86,0.86,0.84,0.86,0.86,0.86,0.85,0.84,0.7,0.85,-1.09,-1.12,0.86,0.77,0.86,0.84,0.85,0.85,0.86,0.86,0.86,0.86,0.86,0.86,0.86,0.86,0.86,-1.23,0.86,0.86,0.86,0.85,0.86,0.85,0.86,0.86,0.86,0.85,0.86,0.86,0.86,0.83,0.86,0.73,0.83,0.84,0.86,0.86,0.86,0.86,0.86,0.84,0.86,0.86,0.86,0.85,0.85,0.86,0.86,0.86,0.86,-1.13,0.7,0.86,0.86,0.85,0.86,0.86,0.86,0.85,0.86,0.86,0.85,0.86,0.86,0.86,0.86,0.86,0.86,0.86,0.86,0.86,0.86,-1.06,0.86,0.86,0.85,0.86,0.86,0.86,0.84,0.86,0.86,0.86,0.86,0.86,0.84,0.86,0.86,0.86,0.84,0.86,0.86,0.86,0.77,0.84,0.86,0.86,0.84,0.86,0.86,0.76,0.83,0.86,0.79,0.84,0.86,0.85,0.86,0.84,0.86,0.86,0.86,0.86,-1.03,0.85,0.86,0.86,0.86,0.84,0.82,0.86,0.86,0.86,0.86,0.86,0.86,0.84,0.86,0.86,0.86,0.86,0.85,0.86,0.86,0.86,0.84,0.86,0.86,0.86,0.86,0.86
-1.09,-1.04,-1.1,0.78,0.79,-1.13,-1.07,0.86,0.83,0.81,-1.02,-1.17,0.82,0.84,-1.02,0.8,0.69,0.74,0.76,0.83,-1.0,-1.11,0.83,-1.15,0.82,0.85,0.78,0.84,0.83,0.84,0.84,0.79,0.85,0.85,-1.03,0.66,0.85,0.86,-1.04,0.81,0.73,0.81,0.86,0.82,0.86,0.81,0.84,0.86,0.85,0.86,0.83,0.84,0.86,0.86,0.86,0.86,0.84,0.84,0.71,0.86,0.86,0.86,0.86,0.85,0.86,0.85,0.86,0.86,0.86,0.86,0.86,0.86,-1.1,0.86,-1.04,0.86,0.86,0.86,0.86,0.86,0.86,0.86,0.86,-1.03,0.86,0.86,0.77,0.86,0.86,0.86,0.86,0.8,0.86,0.86,0.86,0.86,0.86,0.86,0.86,0.86,0.86,0.86,0.86,0.86,0.84,0.78,0.85,0.73,0.86,0.86,0.84,0.86,0.86,0.84,0.86,0.85,0.86,0.86,0.84,0.84,0.86,0.83,0.86,0.85,0.86,0.86,0.85,0.86,0.86,0.86,0.86,0.86,0.73,0.85,0.86,0.86,0.83,0.86,0.86,0.86,0.81,0.86,0.86,0.86,0.86,0.86,0.86,0.86,0.86,0.85,0.86,-1.08,0.8,0.86,0.86,0.86,0.86,0.86,0.86,0.85,0.86,-1.16,0.86,0.86,0.86,0.86,0.86,-1.03,-1.13,-1.13,0.86,0.86,0.86,0.86,0.86,0.86,0.86,0.86,0.86,0.86,0.86,0.86,0.86,0.86,0.86,0.86,0.86,0.84,0.86,0.84,0.86,0.84,0.86,0.86,0.86,0.81,0.86,0.86,0.86,0.86,0.86,-1.03,0.86,0.86,0.85,-1.07,0.86,0.86,0.86,0.81,0.86,0.86,0.86,0.86,-1.02,0.86,0.85,0.85,-1.02,0.86,0.86,0.83,0.86,0.86,0.86,0.86,0.86,0.85,0.76,0.86,0.86,0.86,0.83,0.86,-1.06,0.86,0.86,0.86,0.86,0.86,0.86,0.76,0.85,0.86,0.86,0.86,0.85,0.86,-1.06,0.86,0.84,0.86,0.82,0.86,0.85,0.86,-1.07,0.86,0.84,0.85,0.82,0.84,0.85,0.86,0.86,0.86,0.86,0.86,0.86,0.84,0.86,0.86,0.86,0.86,0.86,0.86,-1.16,-1.01,0.86,0.86,0.86,0.85,0.86,0.85,0.86,0.83,0.82,0.86,-1.12,0.85,0.86,0.86,0.86,-1.05,0.86,0.86,0.78,0.86,0.84,0.86,0.72,0.86,0.86,0.86,0.86,0.85,0.86,0.86,0.86,0.86,0.85,0.86,0.86,0.86,0.84,-1.12,0.86,0.86,0.84,-1.02,-1.13,0.78,-1.14,0.86,0.86,-1.07,0.86,0.84,0.86,0.86,0.86,0.86,0.86,-1.02,0.86,0.86,0.86,0.86,0.86,0.86,0.86,0.86,0.86,0.86,0.86,0.85,0.86,0.86,-1.04,0.86,0.86,0.86,0.86,0.86,0.86,0.86,0.86,0.86,0.86,0.85,0.86,0.86,0.86,0.86,0.84,-1.03,0.86,0.86,0.86,0.86,0.86,0.86,0.85,0.86,-1.11,0.86,0.86,0.86,0.86,0.85,0.86,0.86,0.86,0.86,0.86,0.86,0.86,0.86,0.85,0.86,0.86,0.86,0.86,0.86,0.8,0.86,0.86,0.86,0.86,0.86,0.86,-1.12,0.84,0.86,0.86,0.86,0.86,0.86,0.86,0.86,0.84,0.86,0.86,0.86,0.85,0.86,-1.02,0.84,0.86,0.84,0.86,0.86,0.85,0.86,0.84,0.86,0.84,0.85,-1.09,-1.09,0.86,-1.06,0.86,0.85,0.84,0.86,0.86,0.86,0.86,0.86,0.74,0.86,0.86,0.86,0.85,0.86,0.86,0.86,0.86,0.86,0.86,0.82,0.85,0.85,0.86,0.85,0.86,0.86,0.86,0.86,0.86,0.86,0.86,0.86,-1.02,0.86,0.86,0.86,0.86,0.86,0.86,0.86,0.85,0.86,0.86,0.86,0.86,0.84,0.86,0.86,0.86,0.86,0.85,0.86,0.86,0.84,0.86,0.84,0.86,-1.01,0.86,0.86,0.86,0.86,0.86,0.85,0.86,0.86,0.86,0.76,0.86,0.86,0.86,0.85,0.86,-1.03,0.86,0.86,0.84,0.86,0.86,0.86,0.86,0.82,0.86,0.86,0.86,0.81,0.86,0.86,0.84,0.86,0.84,0.86,0.78,-1.08,0.86,0.86,-1.08,0.86,0.69,0.84,0.86,0.86,0.85,0.86,0.86,0.84,0.86,0.86,0.86,0.86,0.86,0.86,0.85,0.86,0.86,0.86,0.86,0.86,0.86,0.86,0.86,0.86,0.86,0.86,0.86,0.86,0.86,0.86,0.84,0.85,0.86,0.86,0.86,-1.11,0.86,0.86,0.86,0.86,0.85,0.86,0.86,0.86,0.86,0.86,0.86,0.86,0.86,-1.05,0.86,0.82,0.86,0.86,0.86,-1.05,0.85,-1.02,0.83,0.86,0.86,0.86,-1.12,0.86,0.86,0.83,0.86,-1.09,0.86,0.83,0.86,0.86,0.86,0.86,0.77,0.86,0.85,0.85,0.85,0.84,0.85,0.86,0.86,0.86,0.86,0.86,0.86,0.86,0.76,0.84,0.86,0.86,0.86,0.86,0.86,0.86,0.83,0.86,0.76,0.86,0.86,0.86,0.86,0.83,0.85,0.86,0.86,0.85,0.86,0.85,0.72,0.86,0.85,0.86,0.86,0.86,0.86,0.86,0.86,0.86,0.86,0.86,0.86,0.85,0.84,0.86,0.86,0.84,0.84,0.86,0.84,0.85,-1.1,0.86,-1.15,0.86,0.75,0.84,0.86,0.84,0.86,0.86,0.86,0.86,0.86,0.86,0.86,0.86,0.82,0.86,0.86,0.86,0.86,-1.05,0.85,0.86,0.86,0.86,0.86,0.86,0.85,0.84,0.86,0.86,0.85,0.86,0.86,0.85,-1.13,0.86,0.81,0.86,0.86,0.86,-1.13,-1.07,0.86,0.86,-1.12,0.86,0.86,0.85,0.86,0.77,0.86,0.86,0.86,0.86,0.86,0.86,0.86,0.86,0.86,0.86,0.86,0.86,0.86,0.85,0.86,0.86,0.86,0.86,0.84,0.83,0.86,0.83,0.86,0.85,0.86,0.86,0.86,0.86,0.83,0.79,0.86,0.86,0.8,0.86,0.86,0.86,0.84,0.86,0.86,0.85,0.84,0.86,-1.11,0.86,0.85,0.86,0.86,0.84,0.84,0.86,0.85,0.86,0.86,-1.02,0.71,0.85,0.86,0.86,0.86,0.78,0.86,0.86,-1.07,0.86,0.86,0.86,-1.06,0.86,0.86,0.84,0.86,0.86,0.84,0.86,0.86,0.86,-1.1,0.86,0.86,0.86,0.86,0.86,-1.27,0.84,0.86,0.85,0.86,-1.03,0.86,0.86,0.86,0.84,0.75,0.86,0.86,0.86,0.84,0.85,0.86,0.86,0.86,0.86,0.73,-1.02,0.86,0.86,0.86,0.86,0.76,0.86,0.86,0.77,0.86,0.85,0.85,0.85,0.86,0.86,0.84,0.85,0.86,0.86,0.86,0.86,0.85,0.86,-1.02,0.86,0.84,0.86,0.84,-1.03,0.86,0.85,0.86,0.85,0.86,0.86,0.86,0.8,0.86,0.86,-1.04,0.85,0.86,0.86,0.86,0.86,0.86,0.86,0.85,0.86,0.79,0.86,0.86,0.86,0.82,0.84,0.86,0.86,0.86,0.86,0.86,0.86,0.86,0.86,0.86,0.85,0.86,0.86,0.86,0.85,0.85,0.86,0.86,0.86,0.85,0.86,0.86,-1.07,0.8,0.85,0.85,0.85,-1.13,0.84,0.86,0.85,0.86,-1.14,0.86,0.86,0.86,0.86,0.86,0.86,0.83,0.86,0.86,0.86,0.85,0.86,0.86,0.86,0.86,0.86,0.86,0.86,0.86,0.76,0.85,0.86,0.86,0.86,0.84,0.85,0.86,0.86,0.86,-1.13,0.86,0.86,-1.03,0.86,0.86,0.86,0.86,0.86,0.86,-1.01,0.86,0.84,0.86,0.82,-1.12,0.86,0.86,0.86,0.86,0.86,0.76,0.86,0.86,0.86,0.86,0.85,0.86,0.84,0.86,0.86,0.86,0.86,0.86,-1.17,0.86,0.86,0.86,-1.03,0.85,0.86,0.86,0.86,0.86,0.85,0.86,0.86,0.86,0.86,0.86,0.86,0.85,0.86,0.86,0.86,0.86,0.7,0.8,0.86,0.86,0.86,0.86,0.86,0.86,0.86,-1.02,-1.05,0.86,0.86,0.86,0.86,0.76,-1.0,0.86,0.86,-1.15,0.86,0.84,0.85,0.83,0.86,0.84,0.86,0.86,0.86,0.85,0.86,-1.12,0.75,0.86,0.86,0.86,-1.06,0.86,0.86,0.83,0.86,0.86,0.84,0.8,0.86,0.86,0.86,0.84,0.84,0.86,0.86,0.86,0.85,0.86,-1.11,0.86,0.86,0.86,0.86,0.86,0.86,0.86,0.86,0.86,0.86,-1.03,0.8,0.86,0.85,0.86,0.86,0.86,-1.02,0.86,0.86,0.86,0.86,0.86,0.83,0.86,0.86,0.8,0.86,0.86,0.86,-1.09,0.86,0.86,0.86,0.86,0.86,0.86,0.86,0.86,0.86,0.86,0.86,0.85,0.86,0.83,0.86,0.85,0.86,0.86,0.86,0.86,0.86,0.86,0.86,0.72,0.86,0.86,0.86,0.86,0.86,0.86,0.86,0.86,0.86,0.86,0.86,0.85,0.86,-1.09,0.74,0.76,0.86,0.84,0.86,0.86,0.86,0.86,0.85,0.83,0.86,0.86,0.86,0.84,0.86,0.84,0.86,0.86,0.86,0.86,0.85,0.86,-1.12,-1.05,0.85,-1.05,0.85,0.85,0.86,0.86,0.86,0.86,-1.15,0.86,0.85,0.86,0.86,0.86,0.86,0.83,0.86,0.86,0.86,0.86,0.86,0.86,0.86,0.84,0.86,0.86,0.85,0.86,0.82,0.86,0.79,0.86,0.86,0.77,0.85,0.86,0.86,0.86,0.85,0.85,0.86,0.86,0.86,0.86,0.83,0.86,0.86,0.86,0.86,0.86,0.85,0.84,0.86,0.86,0.86,0.86,0.86,-1.13,0.86,0.86,0.85,0.86,0.86,0.86,0.78,0.86,0.86,0.86,0.86,0.84,0.86,0.86,0.86,0.86,0.86,0.86,0.86,0.86,0.86,0.86,0.86,0.86,0.86,0.86,0.86,0.65,0.86,0.86,0.86,0.86,0.86,0.86,0.84,0.86,0.86,0.86,0.86,0.86,0.86,0.85,0.86,0.86,0.86,0.86,0.86,0.86,0.86,-1.12,0.86,0.85,0.85,0.85,0.85,-1.05,0.84,0.86,0.86,0.86,0.86,-1.02,0.86,0.86,0.86,0.83,0.84,0.86,0.86,0.86,-1.14,0.86,0.86,0.86,0.86,0.85,-1.14,0.86,0.86,0.86,0.86,0.85,-1.04,0.83,0.85,0.86,0.86,0.85,0.86,0.86,0.85,0.86,0.86,-1.1,0.82,0.86,0.86,0.86,0.86,0.86,0.81,0.86,0.86,0.83,0.85,0.86,-1.04,0.86,0.84,0.86,0.86,-1.17,-1.03,0.82,0.84,0.84,0.86,0.85,0.86,0.86,0.86,-1.03,0.86,-1.12,0.85,0.86,0.86,0.86,0.73,0.86,0.86,0.85,0.86,0.86,0.85,0.86,0.86,0.86,0.86,0.84,0.86,0.86,0.86,0.86,0.82,0.86,0.86,0.86,0.86,0.86,0.86,0.76,0.86,0.86,0.86,0.86,0.86,0.86,0.86,0.84,0.84,0.86,0.86,0.86,0.86,0.86,0.86,0.86,0.86,0.86,0.85,0.86,0.84,0.86,0.86,0.86,0.86,0.86,0.86,0.85,0.86,0.86,0.86,0.86,0.86,0.85,0.86,0.85,0.86,0.84,0.86,0.86,0.86,-1.0,0.86,0.86,0.86,0.86,0.86,0.86,0.86,0.86,0.86,0.86,-1.11,0.86,0.84,0.86,0.85,0.79,0.86,0.86,-1.08,0.86,0.86,0.86,-1.08,-1.09,0.86,0.85,0.86,0.86,0.86,0.86,0.86,0.86,0.86,0.85,0.86,0.86,0.86,0.86,0.83,0.82,0.86,0.82,0.74,0.86,0.86,0.86,0.86,0.86,0.86,0.86,0.86,0.86,0.86,0.84,0.86,0.86,0.86,0.86,0.86,0.86,0.85,0.85,0.86,0.86,0.86,0.86,0.86,0.86,0.86,0.86,0.77,0.86,0.86,0.86,-1.04,0.86,0.85,0.86,0.86,0.86,0.86,0.86,-1.06,0.86,0.86,0.86,0.86,0.85,0.86,-1.11,0.86,0.86,0.86,0.86,0.86,0.86,0.85,0.86,0.86,0.86,0.86,0.86,0.86,0.85,-1.02,0.86,0.85,0.86,0.86,0.86,0.86,0.86,0.85,0.86,0.86,0.86,0.86,0.86,0.86,0.86,0.86,-1.16,0.85,0.86,0.86,0.85,0.86,0.86,0.86,0.86,0.86,0.86,0.86,0.86,0.86,0.86,0.86,0.86,0.86,0.72,0.86,0.86,0.86,0.86,0.86,0.86,0.86,0.86,0.86,0.86,0.86,0.86,0.84,0.86,0.86,0.86,0.86,0.85,0.86,0.86,0.86,0.86,0.86,0.86,0.85,0.86,0.86,0.86,-1.11,0.86,0.86,0.84,0.72,0.86,0.86,0.84,0.84,0.86,-1.0,-1.13,0.86,0.86,0.86,0.86,0.8,0.86,-1.07,0.86,0.86,0.86,0.84,0.86,-1.23,0.86,0.84,0.85,0.86,0.76,0.84,0.86,0.86,0.86,0.75,0.85,0.86,0.85,-1.01,0.85,0.85,0.85,0.86,0.86,0.86,0.85,0.86,0.86,0.86,0.86,0.86,0.86,0.86,0.86,0.85,0.86,-1.12,-1.02,0.83,0.72,0.86,0.86,0.86,0.86,0.86,0.86,0.72,0.86,0.86,0.85,0.86,0.86,0.86,0.83,0.86,-1.08,0.86,0.86,0.85,0.85,-1.19,0.84,-1.13,0.72,0.86,0.83,0.78,0.85,0.86,0.85,0.86,-1.01,0.84,0.84,0.85,0.86,0.86,-1.07,0.85,0.86,0.86,0.86,0.86,0.86,0.86,0.86,0.82,0.86,0.66,-1.05,0.79,0.84,0.85,-1.03,0.84,0.86,0.84,0.85,0.85,0.86,0.86,0.86,0.85,0.86,-1.04,0.86,0.85,0.86,0.86,0.86,0.86,0.85,0.84,0.86,0.86,0.84,0.83,0.86,0.86,0.85,-1.1,0.83,0.86,0.86,0.86,0.86,0.84,0.86,0.86,0.86,0.86,0.82,0.86,0.86,0.86,0.86,0.86,0.86,0.86,0.86,0.85,0.86,0.86,0.86,0.86,-1.09,0.79,0.86,0.86,0.86,0.86,0.86,0.86,0.85,0.86,0.86,0.8,0.86,0.86,0.86,0.86,-1.11,0.85,0.86,0.86,-1.07,0.83,0.86,0.86,0.85,0.86,0.85,0.86,0.86,0.84,0.86,0.85,0.86,0.86,0.86,0.86,0.86,-1.03,0.86,0.86,-1.13,0.86,0.86,0.86,0.85,-1.03,0.86,0.86,0.86,0.86,0.86,0.85,0.86,0.86,0.85,-1.03,0.86,0.86,0.86,0.86,0.86,0.76,0.86,0.86,0.86,0.86,0.86,-1.04,0.86,-1.03,0.86,0.85,0.86,0.84,0.86,0.86,-1.07,-1.04,0.85,0.86,0.84,0.85,-1.13,0.86,0.86,0.85,0.86,-1.15,0.85,0.85,0.85,0.86,0.83,0.86,0.86,0.86,0.86,0.85,0.86,0.86,0.64,0.84,0.86,0.86,-1.03,0.86,0.86,0.86,0.85,-1.04,0.86,0.84,0.86,-1.13,0.86,0.86,-1.0,0.86,0.86,0.86,0.86,0.86,0.85,0.85,0.76,0.86,0.86,0.86,0.86,0.86,0.86,0.86,-1.05,0.86,0.83,0.85,0.85,0.86,0.86,0.86,0.86,0.86,0.83,0.86,0.86,0.86,0.86,0.86,0.85,0.69,0.86,0.86,0.86,0.86,0.86,0.86,0.86,-1.0,0.86,0.86,0.86,0.86,0.86,0.84,0.85,0.86,0.86,0.86,0.86,0.86,0.86,0.84,0.71,0.86,0.86,0.86,0.86,0.86,0.86,0.85,0.86,0.86,0.86,0.86,-1.0,-1.03,0.86,0.85,0.86,0.86,0.86,0.86,0.86,0.86,0.86,0.86,0.86,0.81,0.86,0.85,0.85,0.86,0.86,0.84,0.86,0.86,0.83,0.86,0.86,0.85,0.78,0.85,0.85,0.86,0.84,0.86,0.78,0.85,0.86,0.86,0.86,0.84,0.86,0.86,0.86,0.85,-1.05,0.86,0.86,0.86,0.86,0.86,0.81,0.86,0.86,0.86,0.86,0.86,-1.2,0.86,-1.09,0.86,0.85,0.86,0.86,0.86,0.86,0.86,0.86,0.85,0.75,0.86,0.86,0.86,0.86,0.86,0.86,0.86,0.86,0.86,0.75,0.86,0.86,0.86,0.86,0.86,0.86,0.86,0.85,0.86,0.86,0.78,0.86,-1.14,-1.15,-1.05,0.74,0.86,0.86,0.86,0.85,0.86,0.86,0.86,-1.08,0.83,0.86,0.86,0.86,0.86,0.86,0.86,0.86,0.85,0.86,0.86,-1.03,0.86,0.84,0.86,0.85,0.86,0.86,0.86,0.86,0.84,0.86,0.86,0.86,0.86,0.85,0.85,0.86,0.86,0.86,0.86,0.86,0.83,0.86,0.86,0.84,0.86,0.86,0.86,0.86,0.86,0.86,0.86,0.86,0.86,0.86,0.86,0.86,0.86,0.86,0.86,0.86,0.86,0.86,-1.01,0.84,0.78,0.86,0.85,0.84,0.86,0.7,0.86,0.86,0.86,-1.08,0.7,0.86,0.71,0.86,-1.03,0.86,-1.12,0.86,0.82,0.86,0.86,0.86,0.86,-1.03,0.86,0.85,0.86,0.86,0.86,0.72,0.85,0.86,0.73,0.85,0.85,0.84,0.85,0.69,0.84,0.86,0.86,0.86,0.86,0.86,0.86,0.86,0.86,0.86,0.86,0.86,0.86,0.86,0.86,0.86,0.85,-1.03,0.86,0.86,0.86,0.86,0.86,0.86,0.86,0.86,0.86,0.71,0.85,0.84,0.85,0.86,0.84,0.86,0.86,0.86,0.84,0.86,0.86,0.86,0.84,0.86,0.86,0.84,0.86,0.86,0.86,0.86,0.86,0.86,0.86,-1.12,0.86,0.84,0.85,0.86,0.85,0.86,0.86,0.86,0.85,0.86,0.84,0.86,0.86,0.86,0.86,0.86,0.86,0.86,0.86,0.86,0.86,0.86,0.85,0.86,0.86,0.85,0.84,0.86,0.86,0.86,0.86,0.86,-1.13,0.82,0.86,0.85,0.86,0.86,0.86,0.86,0.75,0.86,0.86,0.86,0.86,0.86,-1.12,0.86,0.86,0.86,0.86,0.86,0.83,0.86,0.85,0.85,0.86,0.85,0.86,0.86,0.86,0.86,0.86,0.86,0.86,0.86,-1.12,0.86,0.86,0.86,0.86,0.86,0.86,0.86,0.86,0.86,0.86,0.86,0.86,0.86,0.86,0.86,0.86,0.86,0.86,0.86,0.86,0.84,0.86,0.86,0.85,0.86,0.86,0.86,0.86,0.86,0.84,0.79,0.86,0.86,0.86,0.86,0.86,0.83,0.86,0.83,0.81,0.81,0.86,0.82,0.86,0.86,0.86,0.85,0.86,0.86,0.85,0.86,0.84,0.86,0.86,0.85,0.85,0.86,0.86,0.86,0.85,0.86,0.86,0.85,0.86,0.86,0.86,0.86,-1.09,0.86,-1.14,0.86,0.86,0.84,0.86,0.84,0.86,0.85,0.85,0.86,0.86,0.86,-1.12,0.86,-1.1,0.82,0.86,0.86,-1.15,0.86,0.86,0.86,0.86,0.86,0.86,0.86,0.86,0.86,0.86,0.86,0.85,0.74,0.86,0.86,-1.11,0.86,0.86,0.86,0.86,0.86,0.83,0.86,0.86,0.72,0.85,0.84,0.86,0.86,0.86,0.86,0.86,-1.15,-1.16,0.86,0.86,-1.14,0.86,0.86,0.86,0.86,0.86,0.86,0.85,0.85,0.86,0.86,0.86,0.86,0.86,0.85,0.86,0.86,0.86,0.86,0.85,-1.03,0.86,0.86,0.85,0.86,0.85,-1.08,0.83,0.85,0.86,0.85,0.86,0.85,-1.11,0.81,0.84,0.86,0.84,0.86,0.86,0.86,0.86,0.86,0.86,0.85,0.84,0.86,0.86,0.86,0.86,0.86,0.85,0.86,0.86,0.86,0.86,0.85,0.86,0.86,0.86,0.86,0.84,0.77,0.86,0.86,0.86,0.86,0.86,0.86,0.86,0.86,0.86,0.86,0.84,-1.03,0.85,0.86,0.86,0.86,0.86,0.86,0.86,0.86,0.86,0.86,0.74,0.86,0.86,0.86,0.86,0.86,0.86,0.86,0.86,0.86,0.86,0.86,0.86,0.86,0.86,0.86,0.86,0.86,0.86,0.86,0.86,0.86,0.86,0.86,0.86,-1.09,0.86,0.83,0.86,0.71,0.84,0.85,0.86,0.86,0.86,0.86,0.86,0.86,0.86,0.86,0.86,0.86,0.85,0.86,0.84,0.86,0.86,0.86,0.86,0.86,0.86,0.86,0.86,0.86,0.86,0.86,0.86,0.81,-1.09,0.86,0.86,0.86,0.85,0.84,0.85,0.86,0.86,0.86,0.86,0.86,0.86,0.86,0.86,0.86,0.86,0.84,0.86,0.86,0.86,0.86,0.86,0.86,0.86,0.86,-1.04,0.85,0.86,0.86,0.86,0.86,0.86,0.86,-1.08,0.85,0.85,0.85,0.86,0.86,-1.14,-1.13,0.71,0.83,-1.02,0.86,0.86,0.72,0.82,0.83,0.86,-1.12,0.84,0.83,0.85,0.86,0.85,0.86,0.84,0.84,0.85,0.86,0.84,0.86,0.85,0.86,0.86,0.86,0.81,0.84,0.86,0.86,0.86,0.86,0.86,0.86,0.84,0.85,0.85,0.86,-1.08,0.86,0.86,-1.0,0.86,0.86,-1.06,0.85,0.86,0.85,0.86,0.86,0.86,-1.13,0.71,0.85,0.78,0.86,0.86,0.86,0.86,0.86,0.86,0.85,0.86,0.85,0.86,0.86,0.86,-1.08,0.86,0.86,0.86,0.84,-1.1,0.83,0.86,-1.0,0.86,0.86,0.86,0.82,0.86,0.86,0.86,0.86,0.84,0.86,0.86,0.85,0.86,0.86,0.84,0.86,0.86,0.86,0.86,0.86,0.86,0.86,0.86,0.86,0.74,0.86,0.86,0.86,0.86,0.86,0.86,0.86,0.86,0.86,0.86,-1.04,0.86,0.71,0.86,0.86,0.86,0.85,0.86,0.86,0.86,0.86,0.86,0.86,-1.39,-1.04,0.85,0.86,0.86,0.86,0.86,0.86,0.86,0.81,0.85,0.86,0.85,-1.1,0.86,0.86,0.72,0.86,0.84,0.86,0.86,0.86,0.86,0.85,0.86,0.85,0.86,0.85,0.85,0.86,0.86,0.86,0.86,0.86,0.84,0.85,0.86,0.86,0.86,0.84,-1.03,0.85,0.86,0.86,0.86,0.86,0.86,0.86,0.86,0.86,0.76,0.86,0.86,0.85,0.85,0.86,0.86,-1.07,0.86,0.86,0.86,0.86,0.86,0.86,0.84,0.86,0.86,0.84,0.86,0.86,0.86,0.85,0.86,0.73,0.79,0.86,0.86,0.86,0.85,0.86,0.86,0.86,0.86,0.86,0.85,0.86,0.86,0.86,0.86,0.86,0.86,0.86,0.85,0.84,0.86,-1.02,0.86,0.86,0.86,0.86,0.84,0.86,0.86,0.86,0.86,0.86,0.85,0.86,0.85,-1.11,0.86,0.86,0.84,0.86,0.86,0.85,0.86,0.86,-1.12,-1.0,0.86,0.86,0.86,0.86,0.84,0.83,0.86,0.84,0.86,0.85,0.86,0.86,0.8,0.86,0.86,0.85,0.86,0.86,0.86,0.86,0.86,0.86,0.86,0.85,0.86,0.86,0.86,0.86,0.86,0.86,0.86,0.86,0.86,0.86,0.86,0.86,0.86,0.74,0.86,0.86,0.86,0.86,0.86,0.86,0.86,0.86,0.86,0.86,0.84,0.86,0.86,0.86,0.86,0.86,0.86,0.86,0.86,0.86,0.84,0.86,0.86,0.86,0.86,0.86,0.86,-1.14,0.86,0.84,0.86,0.86,0.86,0.86,0.86,0.86,0.83,0.85,0.86,0.86,0.86,0.86,0.86,-1.03,0.86,0.86,0.86,0.86,0.86,0.82,0.86,0.86,0.86,0.86,0.86,0.84,0.86,0.84,0.86,0.86,0.86,0.86,-1.11,0.86,0.85,0.86,0.86,0.86,0.86,0.86,0.86,0.86,0.86,0.85,0.86,0.86,0.86,0.83,0.86,0.86,0.86,0.86,-1.05,0.86,0.86,0.86,0.86,0.86,0.86,0.86,0.86,-1.08,-1.13,0.86,0.86,0.86,0.77,0.86,0.86,0.86,0.86,0.86,0.86,0.86,-1.1,-1.07,0.83,0.86,0.86,0.85,0.86,0.86,0.86,0.86,0.86,0.86,0.86,0.84,0.86,0.86,0.86,0.86,0.86,0.86,0.86,0.86,0.86,-1.14,0.85,0.86,0.86,0.85,0.86,0.84,0.83,0.86,0.85,-1.0,0.86,0.86,0.86,0.86,0.86,0.74,0.86,0.86,0.86,0.86,0.86,0.86,0.86,0.84,0.74,0.86,-1.06,0.84,0.85,0.85,0.86,0.84,0.83,0.85,0.74,0.86,0.86,0.78,0.86,0.86,0.86,0.86,0.86,-1.03,0.86,0.85,0.86,0.85,0.84,0.86,0.84,0.84,0.86,0.86,0.86,0.86,0.86,-1.03,0.86,0.86,0.86
0.8,0.66,0.7,-1.1,0.78,-1.03,0.79,0.86,-1.07,-1.06,-1.02,-1.01,-1.0,0.82,-1.17,-1.02,-1.03,0.85,-1.19,0.71,0.79,-1.08,-1.08,0.84,-1.2,-1.04,0.84,0.82,0.81,0.85,0.55,0.79,0.81,-1.02,0.83,-1.04,-1.16,0.77,0.82,0.82,0.78,0.7,-1.18,-1.06,0.79,0.86,-1.1,-1.03,0.86,0.83,0.86,0.84,0.85,0.83,0.82,0.85,0.86,0.86,0.86,0.85,0.86,0.86,0.86,0.86,0.86,0.86,0.86,0.86,0.86,0.86,0.86,0.85,0.86,0.86,0.85,0.86,0.86,-1.1,0.86,0.86,0.84,0.85,0.86,0.84,0.86,0.86,0.86,0.86,0.86,0.86,0.86,0.86,0.86,0.86,0.86,0.86,0.72,0.86,0.86,0.76,0.86,0.86,0.86,0.86,0.86,0.86,0.84,0.86,0.86,-1.0,0.86,0.86,0.86,0.86,0.84,0.86,0.83,0.85,0.86,0.84,0.84,0.85,0.86,0.86,0.82,0.86,0.86,0.86,0.85,0.86,0.85,0.84,0.86,0.79,0.83,0.86,0.7,0.86,0.67,0.86,0.86,0.86,0.85,0.86,0.86,0.86,0.86,0.85,0.86,0.86,0.86,0.86,0.86,0.84,0.86,0.86,0.83,0.86,0.86,0.86,0.85,0.86,0.86,0.86,0.86,0.86,0.86,0.72,-1.13,0.86,0.86,0.86,0.86,0.86,0.86,0.86,0.86,0.85,0.86,0.86,0.86,0.86,0.86,0.86,0.86,0.86,0.84,-1.14,0.86,0.86,0.86,0.86,0.86,0.86,-1.01,0.86,0.85,0.86,0.86,0.86,-1.11,0.82,0.86,0.85,-1.12,0.8,0.86,0.86,0.85,0.86,0.86,0.86,0.85,0.86,0.86,0.86,0.86,0.86,0.86,0.86,0.84,0.86,0.85,0.86,0.86,0.86,0.86,0.85,0.86,0.86,0.86,0.84,0.86,0.85,0.86,0.86,0.86,0.86,0.86,0.82,0.86,0.86,0.86,0.83,0.71,0.86,0.86,0.86,0.86,0.86,0.84,0.78,0.74,0.86,-1.08,0.86,0.85,0.86,0.85,0.86,0.86,0.85,0.86,0.86,0.85,0.76,0.86,0.86,0.86,0.84,0.86,0.86,0.86,0.84,0.86,0.86,0.86,0.85,0.86,0.86,0.86,0.86,0.86,0.84,0.85,0.86,0.86,0.84,0.86,0.7,0.86,0.82,0.86,0.86,0.86,0.86,0.86,0.84,0.86,0.85,0.86,0.86,0.86,0.86,0.86,0.86,0.86,0.86,0.86,0.62,0.86,0.86,0.86,0.86,0.85,0.86,0.86,0.85,0.86,0.86,0.86,0.86,0.86,0.86,0.86,0.86,0.86,0.86,0.86,0.85,0.86,0.84,0.84,0.86,0.86,0.85,0.86,0.86,0.81,0.86,0.86,0.84,0.86,0.85,-1.0,0.86,-1.02,0.86,0.86,0.8,0.86,0.86,0.86,0.86,0.86,0.86,0.85,0.86,0.86,0.86,0.86,0.78,0.86,0.84,0.86,0.86,0.85,0.84,0.85,0.76,0.85,0.86,0.86,0.86,-1.02,0.86,0.86,0.86,0.84,0.85,0.86,0.86,0.83,0.86,0.86,0.86,0.86,0.86,0.86,0.86,0.86,0.86,0.84,0.83,0.85,0.86,0.86,0.86,0.84,0.86,0.86,0.86,0.86,0.86,0.86,0.86,0.86,0.84,0.86,0.85,0.85,0.86,0.86,0.86,0.86,0.86,0.7,0.86,0.86,0.86,-1.08,-1.03,0.86,-1.06,0.84,0.86,0.86,0.86,0.86,0.86,0.86,0.84,0.86,0.79,0.86,0.86,0.85,0.86,0.86,0.86,0.85,0.86,0.86,0.86,0.86,0.84,0.85,0.84,0.86,0.86,0.86,0.84,0.86,0.86,0.86,0.86,0.86,0.86,0.83,0.86,0.86,0.86,0.86,0.86,-1.04,0.86,-1.12,0.86,0.86,0.84,0.86,0.81,0.86,0.86,0.86,-1.04,-1.03,0.86,0.86,0.86,0.86,0.86,0.86,0.86,0.84,0.86,0.86,0.86,0.86,0.86,0.82,0.84,0.84,0.84,0.84,0.84,0.85,0.86,0.77,-1.08,-1.13,0.84,0.86,0.83,0.86,0.86,0.86,0.86,0.86,0.86,0.86,0.81,0.86,0.84,0.86,0.86,0.86,0.86,0.86,0.86,0.85,0.86,0.86,0.86,0.86,0.86,0.84,0.85,0.86,0.86,-1.12,0.86,0.86,0.86,0.86,0.86,-1.06,0.86,0.86,0.86,0.86,0.71,0.86,0.86,0.82,0.85,0.84,0.86,0.86,-1.0,0.86,0.84,0.86,0.86,0.86,0.85,0.79,0.85,0.77,0.86,0.86,-1.03,-1.02,0.85,0.86,0.86,-1.08,0.83,0.86,0.86,-1.03,0.86,0.86,0.84,0.86,0.86,0.86,0.86,0.86,0.86,0.86,0.86,0.86,0.86,0.85,0.86,0.85,0.86,0.86,0.86,0.86,0.86,0.86,0.86,0.86,0.53,-1.12,0.84,0.86,0.83,0.86,0.86,0.86,0.86,0.86,0.86,-1.03,0.86,0.86,0.86,0.86,0.86,0.86,0.86,0.72,0.86,0.85,-1.06,-1.12,0.86,0.81,0.86,0.73,0.86,0.86,-1.13,0.86,0.86,0.86,0.85,0.86,0.85,0.86,0.84,0.86,0.86,0.86,0.86,0.86,0.86,0.86,0.86,0.86,0.86,0.85,0.86,0.86,0.86,0.85,0.86,0.86,0.86,0.86,0.86,0.86,0.86,0.86,0.86,0.86,0.86,0.86,0.86,0.86,-1.02,0.86,0.84,0.86,0.86,0.84,-1.02,0.86,0.84,0.69,-1.02,0.86,0.86,0.86,0.84,-1.02,0.86,0.86,0.86,0.86,0.86,0.82,0.86,0.86,0.86,0.86,0.86,0.86,0.86,0.84,0.86,0.86,0.86,0.86,0.72,0.86,0.86,0.86,-1.08,0.84,0.86,0.86,0.86,0.86,-1.1,0.84,0.86,0.86,0.86,0.86,0.86,-1.28,0.86,0.86,0.86,0.85,0.86,0.84,0.86,0.86,0.85,0.86,0.85,0.86,0.86,0.86,0.86,0.85,0.85,0.86,0.86,0.86,0.86,0.86,0.86,0.86,0.86,0.86,0.86,0.85,0.86,0.86,0.86,0.86,-1.03,0.86,0.86,0.86,0.86,0.86,0.83,0.86,0.86,0.85,0.86,0.86,0.86,0.84,0.86,0.86,-1.11,0.86,0.86,0.86,0.84,-1.14,0.86,0.86,0.86,0.86,0.86,0.76,-1.09,0.86,0.86,-1.13,0.86,0.86,-1.09,0.85,0.86,0.78,0.72,0.85,0.86,0.86,0.84,0.84,0.86,0.86,0.76,0.84,0.86,0.86,0.85,0.86,0.84,0.83,0.81,0.86,0.86,0.83,0.86,0.86,0.85,0.86,0.86,-1.09,0.86,-1.04,-1.02,0.86,0.86,0.86,0.86,0.86,0.86,0.86,0.86,0.86,0.86,0.73,0.86,0.85,0.86,0.86,0.86,0.86,0.85,0.86,0.86,0.86,0.84,0.85,0.86,0.86,0.72,0.86,0.84,0.86,0.86,0.86,0.86,0.86,0.82,0.86,-1.13,0.86,0.85,0.86,0.86,0.85,0.86,0.86,0.84,0.86,-1.24,0.86,0.79,0.86,-1.1,0.86,0.86,0.84,0.79,0.86,0.86,-1.05,0.86,-1.14,0.86,0.86,0.86,0.86,0.86,0.86,0.85,0.86,0.85,0.86,-1.1,0.86,0.86,0.86,0.86,0.86,0.86,0.86,0.82,0.86,0.86,-1.13,0.86,0.86,0.86,-1.02,0.82,0.86,0.86,0.86,0.86,0.86,0.86,0.86,0.86,0.85,0.86,0.83,0.86,0.81,0.74,0.86,0.86,0.86,0.86,0.86,0.86,0.82,0.86,0.86,0.86,0.86,0.86,0.86,0.82,0.86,0.85,0.86,0.85,0.86,0.86,0.86,0.85,0.86,0.86,0.85,0.8,0.86,0.82,0.86,0.86,0.86,0.86,0.86,0.86,0.83,0.86,-1.11,0.85,0.81,0.86,0.86,0.86,0.85,0.84,0.83,0.85,-1.04,0.86,0.86,0.83,0.86,0.86,0.85,0.86,0.86,0.85,0.86,0.84,0.84,0.86,0.85,0.86,0.86,0.86,0.86,0.86,0.86,0.86,0.86,0.86,0.86,0.86,0.85,0.86,0.86,0.86,0.86,0.86,0.86,0.86,0.86,0.85,0.86,0.86,0.85,0.84,0.86,0.86,0.82,0.86,-1.09,0.86,-1.02,0.86,0.85,0.86,0.84,0.86,-1.08,0.86,0.86,0.86,0.86,0.86,0.86,0.86,0.85,0.86,0.84,-1.09,0.86,0.86,0.86,0.86,0.86,0.86,-1.08,0.84,0.86,0.86,0.86,0.86,-1.1,0.86,0.86,0.86,0.83,0.86,0.86,0.86,0.86,0.86,0.86,0.86,0.86,0.86,-1.08,-1.07,0.84,-1.15,0.86,0.86,0.86,0.85,0.86,0.86,0.84,0.86,0.86,0.86,0.84,0.86,0.86,0.85,0.86,0.86,0.86,-1.13,0.86,0.86,-1.14,0.86,0.86,0.86,0.86,0.86,0.85,0.86,-1.13,0.86,0.86,0.84,0.86,0.86,0.86,0.86,0.86,0.85,0.85,0.86,0.86,0.86,-1.05,0.86,-1.12,0.79,0.86,0.86,0.84,0.85,0.85,0.86,0.84,0.86,0.86,0.86,0.86,0.86,0.84,0.86,0.86,0.86,0.86,0.86,-1.12,0.86,0.86,0.85,0.86,0.86,0.86,0.85,0.86,0.86,0.86,0.86,0.85,0.86,0.86,0.84,0.86,0.85,0.86,0.86,0.86,-1.0,0.84,0.82,0.85,0.73,0.86,0.86,0.86,0.86,0.86,0.86,0.85,0.84,0.86,0.86,-1.03,0.86,0.84,0.86,0.86,0.86,0.86,0.86,0.83,0.86,-1.04,0.86,0.86,0.86,0.86,0.86,0.86,0.71,0.86,0.86,0.86,0.84,0.72,0.86,0.85,0.86,0.86,0.86,-1.13,-1.0,0.83,0.86,0.86,0.86,0.86,0.86,0.86,0.86,0.86,0.86,0.86,0.86,0.86,0.86,0.86,0.86,0.86,-1.12,0.85,-1.06,0.86,0.84,0.86,0.86,0.86,0.86,0.86,0.86,0.83,0.86,0.86,0.86,0.86,0.86,0.76,0.86,0.86,0.86,0.86,0.86,0.84,0.83,0.86,0.86,0.86,0.86,0.86,0.78,0.86,0.86,0.86,0.86,0.8,0.86,0.86,0.86,0.86,0.77,0.86,0.86,-1.02,0.86,0.86,0.86,0.86,0.86,0.86,0.86,0.86,0.85,0.86,0.86,0.85,0.86,0.86,0.86,0.86,0.85,0.86,0.86,0.86,0.84,0.84,0.86,-1.01,0.86,0.86,0.86,-1.0,0.86,0.86,0.86,0.86,0.86,0.84,0.86,0.86,0.86,0.86,0.86,0.86,0.86,0.86,0.86,0.86,0.86,0.85,0.86,0.71,0.84,0.86,0.86,0.86,0.79,0.86,0.86,0.86,0.86,0.86,0.86,0.86,0.86,0.86,0.86,0.86,0.86,0.85,0.86,0.86,-1.14,0.86,0.86,0.86,0.84,0.84,0.86,0.84,0.86,0.86,0.86,-1.03,0.84,0.85,-1.03,0.86,0.86,0.86,0.86,0.86,0.86,0.86,0.86,0.86,0.86,0.86,0.86,0.86,-1.02,0.86,0.86,0.71,0.86,0.85,0.86,0.78,0.85,0.86,0.86,0.86,0.86,0.86,0.86,0.85,0.84,0.86,0.85,0.86,-1.03,0.86,0.86,0.86,0.86,0.86,0.86,0.86,0.86,0.86,0.86,0.86,0.86,0.86,0.85,0.86,-1.06,0.86,0.86,0.86,0.86,0.79,-1.12,0.86,-1.04,0.86,0.85,0.86,0.86,0.86,0.86,0.86,0.86,0.86,-1.13,0.83,0.86,0.84,0.86,0.84,0.86,0.86,0.86,0.86,0.85,-1.12,0.86,0.81,0.86,0.86,0.86,0.86,0.86,0.85,0.76,0.86,0.86,0.86,0.86,0.86,0.86,0.86,0.86,0.86,0.86,0.86,0.86,0.86,0.86,0.86,0.86,0.86,0.83,0.86,0.86,0.86,-1.01,0.86,0.86,0.85,0.86,0.79,0.86,0.83,0.86,-1.05,0.84,0.85,0.86,0.86,-1.01,0.86,-1.02,0.86,-1.03,0.85,0.86,-1.05,0.85,0.86,0.86,0.84,0.86,0.86,0.86,0.86,0.85,0.86,0.86,0.85,0.7,0.85,0.86,0.86,0.86,0.86,0.86,0.86,0.84,0.86,0.86,-1.05,0.86,0.85,0.86,0.86,0.84,0.86,0.78,0.86,0.85,0.86,0.86,0.84,0.86,0.83,0.86,-1.09,0.86,0.86,0.86,0.86,0.86,0.86,0.86,0.86,0.86,-1.02,0.85,0.76,0.86,0.86,0.83,0.85,0.86,0.85,0.86,0.86,0.86,0.86,0.86,0.86,0.86,0.86,0.86,0.86,0.86,0.86,0.85,0.86,0.86,0.83,0.86,0.85,0.86,0.86,0.86,0.86,0.86,0.86,0.86,0.86,0.74,0.86,0.86,0.86,0.86,0.86,0.86,0.86,0.86,0.86,0.86,0.82,0.86,0.86,0.86,0.86,-1.06,0.86,0.76,0.86,0.86,0.86,0.85,0.85,0.84,0.86,0.86,0.83,-1.13,0.64,0.86,0.86,0.86,0.86,0.86,0.86,0.86,0.86,0.86,0.83,0.83,0.86,0.86,0.86,0.86,-1.15,0.86,0.84,0.78,0.85,0.86,0.86,0.84,0.86,0.85,0.86,0.86,0.82,0.86,0.86,0.86,0.86,0.86,-1.14,0.86,0.85,0.86,0.83,0.85,0.86,0.86,0.86,0.86,0.86,0.86,0.86,0.85,0.86,0.72,0.71,0.84,0.85,-1.11,0.84,0.72,0.86,0.85,-1.13,0.82,0.86,0.85,-1.03,0.86,0.77,0.86,0.83,-1.1,0.85,0.84,0.85,0.85,0.85,0.79,0.86,0.85,-1.05,0.86,0.85,0.84,0.85,0.85,0.86,0.85,0.85,0.85,0.84,0.77,0.84,0.84,0.81,0.86,0.84,0.85,0.86,0.86,0.86,0.86,0.86,0.86,0.86,0.86,0.86,0.85,0.86,0.86,0.86,0.84,-1.12,0.86,0.86,0.86,0.7,-1.14,0.73,0.86,0.86,0.74,0.85,0.86,0.86,0.86,0.86,0.86,0.86,0.86,0.86,0.82,0.86,0.85,-1.12,0.86,0.86,0.86,0.85,0.86,0.86,0.86,0.86,0.86,0.86,0.86,0.84,0.86,0.86,0.86,0.85,0.86,-1.1,0.86,0.86,0.86,0.86,0.86,-1.1,0.86,0.83,0.86,0.86,0.86,0.86,0.86,0.86,-1.02,0.86,0.85,0.86,0.85,0.77,0.86,0.86,0.86,0.86,0.86,0.84,0.86,-1.12,0.86,0.85,0.86,0.85,0.86,0.86,0.86,0.86,0.86,0.86,0.86,-1.05,0.86,0.86,0.84,0.86,0.86,0.85,0.86,0.86,0.86,0.86,0.86,0.86,0.86,0.86,0.86,0.72,0.86,0.86,0.85,0.86,0.85,0.85,0.86,0.86,0.86,0.85,0.86,0.86,0.86,0.85,0.86,0.85,0.86,0.85,0.86,0.86,0.84,-1.03,0.86,0.86,0.86,-1.12,0.86,0.85,-1.0,0.86,0.86,0.86,0.86,-1.0,0.74,0.86,0.86,0.85,0.86,0.86,0.85,0.74,0.86,0.86,0.86,0.85,0.86,0.86,0.86,0.86,0.86,-1.11,0.86,0.86,0.86,0.86,0.86,0.85,0.86,0.86,0.86,0.86,0.85,0.86,-1.01,0.86,0.85,0.86,0.86,0.86,0.86,0.86,0.86,0.86,0.85,0.86,0.86,0.86,0.86,0.86,0.86,0.86,-1.14,0.86,0.86,0.86,0.86,0.86,0.71,0.86,0.86,0.86,0.86,0.86,0.86,0.85,0.86,0.86,0.86,0.86,0.86,0.85,-1.03,0.86,-1.0,0.86,0.86,0.86,0.86,0.86,0.86,0.78,0.85,0.84,0.86,0.86,0.86,0.84,0.86,0.86,0.84,0.85,0.86,0.86,0.86,0.86,0.86,0.86,0.86,0.86,0.86,-1.03,0.86,0.86,0.83,0.86,0.86,0.86,0.86,0.86,0.86,0.86,0.84,0.86,0.86,0.86,0.84,0.86,0.86,0.86,0.86,-1.12,0.82,0.86,0.84,0.86,0.86,0.86,0.85,0.86,0.85,0.86,0.86,0.86,0.86,0.86,0.86,0.86,0.86,0.84,0.86,0.86,0.86,0.86,0.86,0.86,0.85,-1.02,0.84,0.86,0.86,0.86,0.86,0.86,0.86,0.84,0.86,0.86,0.85,0.86,0.86,0.86,0.86,0.84,0.84,-1.04,0.86,0.85,0.86,0.86,0.86,0.86,0.86,0.86,0.86,0.86,0.86,0.86,0.86,0.86,0.83,0.85,0.83,0.83,0.86,0.86,0.86,0.86,0.86,0.86,0.86,0.86,0.86,0.86,-1.05,0.86,0.86,0.82,0.86,0.86,0.86,0.86,0.86,0.85,0.86,0.86,0.86,0.77,0.86,0.86,-1.13,0.86,0.86,0.85,0.85,0.85,-1.11,0.85,0.85,0.86,0.84,0.85,0.86,0.86,0.85,0.86,0.86,0.86,0.86,0.86,0.86,-1.16,0.86,0.86,0.86,0.86,0.86,0.83,0.86,-1.03,0.86,0.85,0.86,0.86,0.85,0.86,0.86,0.86,0.86,0.86,0.86,0.86,0.86,0.86,0.86,0.86,0.86,0.86,0.86,0.86,0.86,0.86,0.86,0.84,0.86,0.86,0.86,0.86,0.86,0.86,0.85,0.86,0.86,0.85,0.86,0.86,0.86,-1.1,0.86,0.85,0.86,0.86,0.86,-1.13,0.86,0.85,-1.02,0.83,0.86,0.86,0.86,0.86,0.86,0.86,0.74,0.84,0.86,0.86,0.86,0.86,0.86,0.86,0.86,0.86,0.86,0.82,-1.13,0.85,0.86,0.86,0.86,0.86,-1.1,0.86,0.86,0.86,0.86,-1.03,0.81,0.84,0.86,0.86,0.85,0.85,0.86,0.86,0.84,-1.01,0.86,0.86,0.85,0.86,0.86,0.84,0.86,0.86,0.86,0.86,0.86,0.86,0.86,0.86,0.85,0.86,0.86,0.84,0.86,0.86,-1.07,0.86,0.86,0.86,0.86,0.86,0.86,0.85,0.84,0.86,0.86,0.86,0.86,0.86,0.84,0.86,0.86,0.86,0.86,0.81,-1.05,0.86,0.86,0.81,0.86,0.86,0.86,0.86,0.86,0.85,0.86,0.85,0.86,0.86,0.86,0.86,0.86,0.83,0.86,0.73,0.85,0.86,0.86,0.86,-1.08,0.8,0.86,0.86,0.86,0.86,0.86,0.86,0.86,0.86,0.84,0.86,0.86,0.85,0.86,0.85,0.86,0.86,0.85,0.86,0.84,0.86,0.85,0.86,0.86,0.86,0.86,0.86,0.86,0.86,0.86,0.86,0.83,0.82,0.86,0.83,0.86,-1.03,0.86,0.86,0.86,0.86,0.85,0.86,0.86,0.85,0.86,-1.06,-1.07,0.84,0.86,0.85,0.86,0.86,0.86,0.86,0.86,0.81,0.84,0.81,0.86,0.84,0.86,0.86,0.86,0.86,0.86,0.86,0.84,0.86,0.86,0.86,0.86,0.86,0.84,0.86,0.86,0.86,-1.13,0.85,-1.0,0.86,0.86,0.86,0.86,0.84,0.86,0.7,0.86,0.86,0.85,0.78,0.86,0.86,-1.04,0.86,0.85,0.86,0.86,0.86,0.86,0.86,0.86,-1.13,0.86,0.86,0.84,0.86,0.86,0.86,0.86,0.86,0.86,0.85,0.85,0.86,0.86,0.86,0.85,0.86,0.86,0.84,0.86,0.86,0.86,0.86,0.86,0.86,0.86,0.86,0.86,0.81,0.86,0.86,0.84,0.86,0.86,0.86,0.78,0.84,0.86,0.85,0.85,0.86,0.86,0.86,0.86,0.86,0.76,0.86,0.86,0.85,0.86,0.86,0.86,0.86,0.86,0.86,0.86,0.86,0.86,0.86,0.86,0.86,-1.07,0.86,-1.02,0.83,0.86,0.86,0.84,0.85,0.86,0.86,0.86,0.86,0.86,0.86,0.86,-1.12,0.84,-1.12,0.86,0.86,0.86,0.86,0.85,0.86,0.86,0.86,0.85,0.85,0.86,0.7,0.85,0.86,0.85,0.75,0.85,0.86,0.85,0.84,0.86,0.86,0.84,0.82,0.86,0.83,0.86,0.86,0.85,0.82,0.86,0.86,0.86,0.86,0.86,0.86,0.86,0.86,0.86,0.86,0.86,0.86,0.86,0.86,0.85,0.85,0.85,0.86,0.85,0.86,0.86,0.85,0.72,0.86,0.86,0.86,0.86,0.86,0.86,0.86,0.86,0.85,0.86,0.86,0.86,0.86,0.86,0.86,-1.09,-1.03,0.86,0.84,0.86,0.86,0.85,0.84,0.86,0.86,0.86,0.86,0.86,0.86,-1.11,0.86,0.86,0.86,0.86,0.86,-1.14,0.85,0.86,0.85,0.86,0.85,0.86,0.86,0.86,0.81,0.86,0.86,0.86,0.85,-1.09,0.86,0.86,0.85,0.85,0.85,0.86,0.84,0.86,0.85,0.86,0.86,0.85,0.86,0.86,0.86,-1.07,0.85,0.86,0.86,0.85,0.84,0.86,0.86,0.86,0.84,0.86,0.86,0.84,0.84,0.86,0.86,-1.01,0.86,-1.12,0.86,0.86,0.86,0.86,0.86,0.86,0.62,0.86,0.86,0.86,-1.02,0.84,0.86,0.86,0.78,-1.09,0.85,0.85,0.78,0.86,0.84,0.86,0.86,0.69,0.85,0.86,0.85,0.71,0.84,0.85,0.86,0.86,0.85,0.86,0.84,0.86,0.86,0.86,0.86,0.86,0.86,0.86,0.86,0.83,0.86,0.86,0.86,0.84,0.86,0.85,0.86,0.86,0.86,0.86,0.86,0.86,0.86,0.86,0.86,0.86,0.86,0.86,-1.03,0.86,0.86,0.74,0.86,0.86,0.79,0.71,0.85,0.86,0.84,0.86,0.85,0.85,0.84,0.86,0.86,0.86,0.86,0.86,0.86,0.86,0.84,0.81,0.86,0.86,0.86,0.86,0.84,0.86,0.86,0.86,0.86,0.86,0.86,0.86,0.86,0.85,0.85,0.86,0.86,0.86,0.86,0.8,0.86,0.86,0.86,0.84,-1.06,0.85,0.86,0.86,0.86,0.86,0.86,0.8,0.84,-1.07,0.75,0.86,0.85,0.74,0.86,0.85,0.86,0.86,0.86,0.73,0.86,0.86,0.86,0.86,0.86,0.86,0.86,0.77,0.85,0.84,0.86,-1.11,0.86,0.86,-1.03,0.85,0.86,0.85,0.86,0.84,0.86,0.86,0.86,0.86,0.86,0.85,0.85,0.86,0.85,0.85,-1.1,0.8,0.84,0.86,0.85,0.86,0.86,0.86,0.85,0.86,0.86,0.86,0.86,0.86,0.86,0.86,-1.04,0.86,0.86,0.86,0.84,0.85,0.86,0.86,0.85,0.83,-1.01,-1.03,0.84,0.86,0.86,0.84,0.85,0.86,0.86,0.86,0.85,0.86,0.86,0.86,0.86,0.86,0.77,0.86,0.86,0.86,0.86,0.86,0.86,0.86,0.86,0.86,-1.06,0.86,0.85,0.86,0.86,0.86,0.86,0.84,0.86,0.86,0.85,0.86,0.86,0.86,0.86,0.86,0.83,0.86,0.86,0.85,0.86,0.86,0.86,0.86,0.86,0.8,0.86,0.86,0.86,-1.19,0.84,0.86,0.85,0.85,0.86,0.85,-1.02,0.86,0.82,0.85,0.86,0.86,-1.02,0.86,0.86,0.86,-1.0,-1.1,0.85,0.86,0.83,0.86,0.86,0.86,0.86,0.86,0.86,0.86,0.86,0.75,0.86,0.86,0.86,0.85,0.86,0.86,0.86,0.85,0.86,0.86,0.86,0.86,0.86,0.86,0.86,0.86,0.85,0.86,0.86,0.85,0.85,0.86,0.86,0.86,-1.12,0.86,0.86,0.82,0.86,0.86,0.86,0.86,0.86,0.86,0.86,0.8,0.86,0.85,0.85,0.86,0.86,0.86,0.85,0.85,0.86,0.78,0.86,0.86,0.84,0.83,0.86,0.86,0.86,0.86,0.86,0.86,0.86,0.86,0.86,0.86,-1.14,0.86,0.86,0.86,0.86,0.86,0.79,0.86,-1.21,0.86,0.85,0.86,0.86,-1.07,0.77,0.86,0.86,0.86,0.84,0.86,0.84,0.86,0.86,0.86,0.78,0.86,0.85,0.86,0.86,0.86,0.86,0.86,0.86,0.83,0.86,0.86,0.74,0.86,0.85,0.86,0.84,0.86,0.86,0.86,0.86,0.86,0.86,0.86,0.86,0.86,0.86,-1.03,0.85,0.85,0.86,0.85,0.84,-1.06,0.86,0.86,0.83,0.86,0.86,0.86,0.86,0.68,0.85,0.86,0.86,0.85,-1.0,0.86,0.86,0.86,0.85,0.86,0.86,0.85,0.86,0.86,0.86,0.75,0.86,0.86,0.86,0.86,0.86,0.85,0.86,0.86,0.86,0.86,0.86,0.86,0.86,0.86,0.86,0.86,0.86,0.86,-1.13,0.85,0.84,0.86,0.86,0.86,0.86,0.86,0.86,0.86,0.86,0.86,0.86,0.86,0.86,0.86,0.86,0.86,0.86,0.86,0.86,0.86,0.86,0.86,0.75,0.86,0.86,0.86,0.86,0.71,0.74,0.86,0.76,0.86,0.86,0.86,0.86,0.86,0.86,0.86,0.86,0.86,0.86,-1.02,0.86,0.86,0.86,0.86,0.86,0.86
-1.17,0.83,-1.02,-1.14,-1.12,0.83,0.81,-1.1,-1.1,-1.1,0.82,-1.07,-1.12,0.8,0.83,0.81,-1.06,-1.1,0.83,0.82,0.84,-1.07,-1.1,0.71,0.76,-1.08,-1.12,0.72,0.81,0.82,0.85,-1.13,-1.32,0.85,0.81,0.83,0.81,0.7,0.85,0.78,0.86,0.72,0.83,0.78,0.86,0.86,0.84,-1.15,0.86,-1.02,0.85,0.85,0.84,0.86,0.85,0.86,0.86,0.86,0.78,0.86,0.86,0.86,0.85,0.86,0.86,0.85,0.86,0.86,0.84,0.86,0.86,0.86,0.86,0.86,0.86,-1.08,0.86,0.86,0.86,0.86,0.73,0.86,0.86,0.86,-1.09,0.86,0.86,0.84,0.86,0.84,0.85,0.86,0.86,0.86,0.86,0.86,0.79,0.86,0.86,-1.03,0.86,0.86,0.86,0.86,0.86,0.86,0.86,0.86,0.86,0.86,0.86,0.84,0.82,0.86,0.86,0.86,0.86,-1.03,0.84,0.86,0.86,0.85,0.86,0.72,0.86,0.86,0.86,0.86,0.86,0.85,0.86,0.77,0.59,0.86,0.84,0.85,0.86,0.84,-1.08,0.86,0.86,0.86,0.86,0.73,0.83,0.86,0.86,0.86,0.86,-1.06,0.86,0.86,0.86,0.86,0.78,0.86,0.86,0.86,-1.17,0.86,0.76,0.86,0.84,-1.05,0.85,-1.13,0.86,0.84,0.86,0.86,0.86,0.84,0.86,0.75,0.86,0.86,0.86,0.83,0.86,0.86,-1.11,0.86,0.86,0.76,0.86,0.86,0.84,0.86,0.86,0.86,0.86,-1.07,0.85,0.86,-1.04,0.86,0.83,0.76,0.86,0.85,0.86,0.86,0.86,0.86,0.86,0.86,0.86,0.83,0.86,0.86,0.86,0.85,0.86,0.86,0.85,0.86,0.86,0.86,0.76,0.85,0.71,0.86,0.86,0.86,0.86,0.86,0.84,0.86,0.86,0.86,-1.0,-1.03,0.86,0.86,0.86,0.86,0.86,0.86,0.86,0.86,0.86,0.86,0.86,0.86,0.86,0.86,0.86,0.86,0.84,0.86,0.86,0.86,0.84,0.77,-1.12,0.86,0.86,0.86,0.86,0.86,0.86,0.86,0.86,0.86,0.86,0.86,0.86,0.86,0.86,-1.04,0.86,0.86,0.86,0.86,0.86,0.86,0.86,0.86,0.86,0.86,0.86,0.86,0.86,0.86,0.86,0.86,0.86,0.86,0.86,0.86,-1.08,0.85,0.86,0.86,0.86,0.86,0.77,0.86,0.86,0.86,0.86,0.86,0.86,0.86,0.86,0.71,0.86,0.86,0.86,0.86,0.86,0.86,0.86,0.85,0.86,0.86,0.86,0.86,-1.07,-1.09,0.86,0.86,0.86,0.86,0.85,0.85,0.86,0.86,0.86,0.85,0.85,0.86,0.86,0.86,0.86,0.86,0.86,0.86,0.86,0.86,0.86,0.83,0.83,0.86,0.86,0.82,0.86,0.86,0.86,0.86,0.86,0.85,0.86,0.84,0.86,0.84,0.85,0.86,0.86,0.86,0.86,0.86,-1.06,0.84,0.71,0.86,0.85,0.85,0.86,0.73,0.84,0.85,0.86,0.86,0.86,0.86,0.85,0.85,0.86,0.86,0.84,0.86,0.86,0.86,0.86,0.86,0.86,0.86,-1.03,0.85,0.86,0.86,-1.13,0.85,0.86,0.86,0.82,0.86,0.83,0.86,0.86,0.86,0.86,0.86,0.86,0.86,0.86,0.86,0.85,-1.04,0.85,0.86,0.86,0.86,0.86,0.86,0.86,0.86,0.86,0.86,0.76,0.86,0.86,0.85,0.85,0.86,0.86,0.72,0.86,-1.0,0.86,0.86,0.86,0.86,-1.01,0.86,0.86,0.85,0.86,0.76,0.86,0.86,0.85,0.86,0.86,0.86,0.86,0.85,0.86,0.86,0.86,0.86,0.86,0.86,0.86,0.86,0.84,0.86,0.86,0.86,0.86,-1.11,0.86,0.86,-1.14,0.86,0.86,0.86,0.86,0.85,0.86,0.86,0.86,0.86,0.86,0.86,0.86,-1.0,0.82,0.71,0.86,0.72,0.86,0.86,0.86,0.84,0.86,0.74,0.86,0.86,-1.12,0.84,0.85,0.86,0.86,0.81,0.86,0.86,0.86,0.86,0.84,0.86,0.85,0.85,0.86,0.86,0.81,-1.13,0.84,0.85,0.86,0.86,0.86,0.83,0.86,0.86,0.86,0.82,0.86,0.86,0.85,0.86,0.86,0.86,0.86,0.86,0.86,0.86,0.86,0.86,-1.14,-1.1,0.86,0.82,0.86,0.86,0.85,0.86,0.82,0.79,0.85,0.84,0.86,0.86,0.86,0.86,0.86,0.86,0.86,-1.0,0.86,0.86,0.86,0.86,0.85,0.86,0.86,0.83,0.86,0.86,0.85,0.85,0.86,-1.2,0.86,0.86,0.85,0.86,0.86,0.86,0.86,0.86,0.86,0.85,0.86,0.86,0.86,0.83,-1.13,0.86,0.86,0.86,0.86,0.86,0.86,0.86,0.86,0.86,0.84,0.86,0.86,0.84,0.86,0.85,0.71,0.86,0.86,0.86,0.86,0.86,0.86,0.86,0.86,0.86,0.86,0.86,0.86,0.86,0.86,0.86,0.86,0.84,0.83,0.86,0.86,0.84,0.86,0.86,-1.14,0.71,0.85,0.86,0.78,0.86,0.86,0.85,0.86,0.86,0.86,0.86,0.86,0.84,0.86,0.86,0.85,0.86,0.85,0.86,0.83,0.86,0.86,0.86,0.84,0.86,0.86,0.84,-1.02,0.86,0.86,0.86,0.86,0.86,0.86,0.84,0.86,0.86,0.86,0.86,0.86,0.85,0.86,0.86,0.86,0.86,0.85,0.86,0.86,0.86,0.86,0.86,0.86,0.86,0.86,0.86,0.84,0.85,0.86,0.85,0.78,0.86,0.86,0.86,0.83,0.86,0.86,0.86,0.86,0.86,0.86,0.86,0.86,0.86,0.86,0.86,0.86,0.86,0.86,0.86,0.86,0.86,0.86,0.86,0.86,-1.13,0.86,0.84,0.86,0.84,0.85,0.84,0.86,-1.03,0.84,0.86,0.86,0.86,0.86,0.86,0.86,0.86,0.85,0.86,0.84,0.84,0.86,0.86,0.86,0.85,0.86,0.86,0.86,0.86,0.86,0.86,0.86,0.86,0.86,0.86,0.86,0.86,0.86,0.86,0.84,0.85,0.86,-1.11,-1.04,0.85,-1.11,0.86,0.86,0.86,0.86,0.86,0.78,0.86,0.86,0.86,0.86,0.86,0.86,0.84,0.86,0.86,-1.04,0.86,0.8,0.86,0.84,0.86,0.86,0.86,0.84,0.86,0.86,-1.05,0.85,-1.05,0.86,0.86,0.86,0.86,0.86,0.86,0.86,0.82,0.86,0.84,0.85,0.86,0.85,0.86,0.86,0.86,-1.18,0.86,0.84,0.86,-1.08,0.86,-1.14,0.86,0.86,0.86,0.86,0.85,0.86,0.86,0.85,0.86,0.86,0.86,0.71,0.86,0.86,0.76,0.85,0.86,0.86,0.86,0.86,0.86,0.86,0.86,0.75,0.86,0.86,0.84,0.84,0.86,0.86,0.86,0.86,0.86,0.86,0.86,0.86,0.86,0.86,0.86,0.86,0.84,0.85,0.86,0.86,0.86,0.86,-1.03,0.86,0.86,0.86,0.86,0.73,0.86,0.84,0.86,0.86,0.86,0.85,0.86,-1.03,0.85,-1.04,0.86,0.86,0.86,0.86,0.86,0.86,0.86,0.86,0.84,0.86,0.86,0.86,0.8,0.86,-1.13,0.86,0.86,0.86,0.86,0.86,0.86,0.86,0.86,0.86,0.86,0.86,0.86,-1.1,0.85,-1.03,0.86,0.86,0.86,-1.13,0.86,0.85,-1.09,0.86,0.86,0.86,0.84,0.86,0.86,0.81,0.86,0.86,0.86,0.86,0.86,0.86,0.86,0.86,0.84,0.86,0.86,0.86,0.85,0.81,0.85,0.86,0.86,0.86,0.86,0.81,0.86,0.86,0.86,0.86,0.86,0.76,0.86,0.86,0.86,0.86,0.86,0.86,0.86,0.86,0.85,0.86,0.86,0.86,0.85,0.86,0.84,-1.05,0.86,0.79,0.86,0.86,0.86,0.86,0.84,0.86,0.86,0.86,0.78,0.86,0.86,0.86,-1.08,0.86,0.86,0.86,0.86,0.86,0.86,0.86,0.86,0.85,-1.06,0.86,0.86,0.86,0.86,0.86,0.86,0.86,0.86,0.85,0.86,0.84,0.86,0.86,0.86,0.86,0.86,0.85,0.86,0.85,0.86,0.86,0.86,0.86,0.86,0.86,0.86,-1.04,0.86,0.86,0.86,0.86,0.86,0.86,0.86,0.86,0.84,0.84,0.86,0.86,0.86,0.86,0.86,0.84,0.86,0.86,0.86,0.86,0.86,0.82,0.86,0.86,-1.06,-1.21,0.85,0.81,0.86,0.86,0.85,0.86,0.86,0.85,0.72,0.86,0.86,0.86,0.86,0.86,-1.06,0.86,0.86,0.86,0.86,0.86,0.83,0.86,0.86,0.86,0.85,0.86,0.86,0.86,0.86,0.83,0.86,0.86,-1.12,0.86,0.86,0.86,0.86,0.86,0.86,0.86,0.86,0.86,0.86,0.86,0.85,0.86,0.85,0.86,0.86,0.85,0.86,0.86,0.86,0.84,0.85,0.86,0.86,0.86,0.7,0.86,0.84,0.86,0.85,0.71,0.86,0.86,0.86,0.86,0.86,0.86,0.86,0.86,-1.09,0.86,0.83,0.85,0.85,0.75,0.86,-1.04,0.85,-1.13,0.86,0.85,0.86,0.84,0.86,0.86,0.86,0.86,0.86,0.86,0.86,0.85,0.86,-1.11,0.85,0.86,0.86,0.86,0.86,0.86,0.86,0.86,0.86,0.86,0.86,0.86,0.86,0.86,-1.12,0.86,-1.08,0.86,-1.12,0.86,0.86,0.86,0.85,0.86,0.86,0.84,0.86,0.84,0.86,0.86,0.86,0.86,0.86,0.83,0.75,0.86,0.86,0.86,0.85,0.85,0.86,0.86,0.85,0.82,0.86,0.85,0.85,0.86,0.86,0.86,-1.01,0.86,0.85,0.86,0.86,0.85,0.86,0.86,0.84,0.86,0.86,0.82,0.86,0.86,0.86,0.73,0.86,0.86,0.86,-1.13,0.85,0.86,0.86,0.86,0.86,0.85,0.86,0.86,-1.03,0.86,0.86,0.86,0.86,0.83,-1.16,0.86,0.85,0.86,0.86,0.86,0.86,0.86,0.86,-1.12,0.85,0.86,0.86,-1.08,0.86,0.86,0.86,0.86,0.86,0.86,0.86,0.86,0.86,0.86,0.86,0.86,0.84,0.83,0.86,0.86,0.86,0.86,0.86,0.86,0.86,0.86,0.86,0.86,0.83,0.86,0.86,0.86,0.86,0.86,0.78,-1.0,0.86,0.86,0.84,0.86,0.86,0.86,0.86,0.86,0.86,0.86,0.85,0.86,0.86,0.86,0.86,0.85,0.86,0.86,0.84,0.86,0.86,-1.07,0.86,0.86,0.86,0.86,0.85,0.86,0.86,0.86,0.86,0.8,0.77,0.86,0.86,0.86,0.86,0.83,0.86,0.86,0.86,0.86,0.86,0.84,-1.02,0.86,-1.13,0.86,0.74,0.86,0.86,0.86,0.86,0.86,0.86,0.86,-1.16,0.86,-1.03,0.85,0.86,0.86,0.86,0.86,0.74,0.86,0.86,0.86,0.85,0.86,0.86,-1.06,0.86,0.84,0.85,0.84,0.86,0.77,0.75,0.86,0.86,0.86,0.86,0.84,0.84,0.86,0.86,0.86,0.86,0.86,0.86,0.86,0.86,0.86,0.72,0.81,0.78,0.86,0.86,0.86,0.86,0.86,0.86,0.86,0.86,0.86,0.86,0.86,0.86,0.86,0.86,0.86,0.86,0.86,0.86,-1.05,0.86,0.86,0.85,0.86,0.86,0.86,0.85,0.86,-1.06,0.86,0.86,0.81,0.85,-1.12,0.86,0.78,0.86,0.83,0.85,0.86,0.86,0.86,0.86,0.86,0.86,0.86,0.85,-1.03,0.86,0.86,0.86,0.75,0.86,0.86,0.86,0.85,0.86,-1.02,0.85,0.86,0.86,0.86,0.76,0.85,0.86,0.86,-1.06,0.86,0.86,0.82,0.86,0.86,0.86,0.86,0.86,-1.07,0.85,0.86,0.86,0.86,0.86,0.86,0.86,0.86,0.86,0.86,0.86,0.86,0.86,0.86,0.86,0.86,0.86,-1.14,0.86,-1.12,0.85,0.86,0.85,0.85,0.85,0.86,0.86,0.86,0.86,0.86,0.86,0.86,0.84,0.85,0.86,0.86,0.86,0.86,0.84,0.86,-1.14,0.86,0.86,-1.1,0.85,0.86,0.86,0.85,0.86,0.85,0.86,0.86,0.86,0.86,0.86,0.86,0.86,0.86,0.86,0.86,0.86,-1.0,0.86,0.86,0.84,0.86,0.86,0.86,0.86,0.86,0.85,0.86,0.86,0.85,0.86,-1.13,0.85,0.86,0.86,0.86,0.86,0.86,0.86,0.86,0.86,-1.05,0.86,0.86,0.86,0.86,0.86,-1.08,0.84,0.86,0.86,0.83,0.86,0.86,0.86,0.86,0.86,0.86,0.86,0.86,0.86,0.86,0.86,0.86,0.86,0.86,0.85,0.86,0.86,0.86,0.86,0.86,0.85,0.86,-1.08,0.85,0.78,0.86,0.86,0.86,0.86,0.86,0.84,0.86,0.86,0.85,0.86,0.86,0.84,0.86,0.86,0.86,0.86,0.86,0.86,-1.1,0.86,0.84,0.83,0.86,0.86,0.86,0.86,0.74,-1.12,0.86,0.84,0.86,0.86,0.86,0.86,0.85,0.84,0.86,0.86,0.86,0.84,0.86,0.86,0.86,0.86,0.85,-1.0,0.86,0.8,0.86,0.85,0.86,0.86,0.76,0.86,0.84,0.86,0.86,0.86,0.85,0.86,0.86,0.8,0.86,0.86,0.86,0.86,0.86,0.83,0.85,0.84,0.84,0.86,0.86,0.86,0.84,0.86,0.86,0.86,0.86,0.86,0.86,0.86,0.86,0.86,0.86,0.86,-1.14,0.83,0.85,0.85,0.84,0.84,0.85,0.86,0.86,0.86,0.86,0.71,0.85,0.86,0.84,0.86,0.86,0.86,0.86,0.86,0.86,0.86,0.86,0.86,0.86,-1.15,0.86,0.85,0.84,0.86,0.86,0.86,0.86,0.86,0.86,0.86,0.86,0.85,0.86,0.86,0.86,0.86,-1.03,0.86,0.85,0.82,0.86,0.86,0.86,0.86,0.86,0.86,0.86,0.86,0.86,0.86,0.86,0.85,0.86,0.86,0.86,0.84,0.86,0.86,0.86,0.86,0.86,0.86,0.84,0.86,0.86,0.86,0.86,0.86,0.86,0.86,0.86,-1.04,-1.12,0.86,0.86,0.86,0.86,0.86,0.71,0.84,0.83,0.86,0.86,0.86,0.86,0.86,0.86,0.86,0.85,0.85,0.84,0.86,0.86,-1.04,0.84,0.86,0.86,-1.12,0.86,0.86,0.86,0.85,0.86,0.86,0.86,0.86,0.73,0.85,-1.08,0.86,0.86,0.84,0.86,0.84,0.86,0.84,0.86,0.85,0.86,0.86,0.86,0.85,0.86,0.86,-1.11,0.86,0.86,0.86,0.86,0.81,-1.05,0.86,0.86,0.84,0.86,0.85,0.85,0.86,0.86,0.85,0.86,0.86,0.86,0.86,-1.06,-1.03,-1.15,0.86,0.86,0.86,0.86,0.73,0.86,0.86,0.86,0.86,0.86,0.85,0.86,0.86,-1.16,0.76,-1.12,0.86,0.84,0.86,0.86,0.86,0.86,0.86,0.85,0.86,0.86,0.86,0.86,0.86,0.86,0.86,0.86,0.86,0.86,0.86,0.86,0.86,0.86,0.86,0.86,0.86,0.86,0.86,0.86,0.86,0.86,0.84,0.86,0.86,0.86,0.84,0.84,0.86,0.86,0.86,0.86,0.82,0.86,0.86,0.86,0.86,0.86,0.86,0.86,0.86,0.86,0.86,0.85,0.85,0.86,0.86,0.86,0.83,0.86,0.86,0.86,0.86,0.86,0.86,0.86,0.86,0.86,0.86,0.84,0.86,0.86,0.86,0.86,0.86,0.86,-1.12,0.86,0.86,0.86,0.86,0.86,0.86,-1.11,0.86,0.86,0.83,0.85,0.7,0.86,0.86,0.86,-1.08,0.85,0.86,0.86,0.86,0.86,0.85,0.85,-1.06,0.86,0.86,0.86,0.86,0.86,0.85,0.86,0.86,0.86,0.85,0.86,0.86,0.85,0.85,0.85,0.86,0.84,0.86,0.86,0.84,0.86,0.86,0.86,0.84,0.86,0.84,0.86,0.86,0.83,0.86,0.86,0.86,0.86,0.86,0.86,0.86,0.86,0.86,0.86,0.86,0.86,0.86,0.86,0.86,0.85,-1.13,0.86,0.86,0.86,0.86,-1.12,0.86,0.86,0.85,0.85,0.86,0.86,0.86,0.85,0.86,0.85,0.86,0.86,0.86,0.86,0.86,0.86,0.86,0.86,0.85,0.86,0.86,0.86,0.76,-1.02,0.86,0.86,-1.14,0.86,0.86,0.86,0.86,0.86,-1.13,0.86,0.86,0.86,0.86,0.86,0.85,0.81,0.86,0.86,0.86,0.85,0.84,0.86,0.86,0.86,0.86,0.84,0.76,0.86,0.86,0.86,0.86,0.86,0.86,0.85,0.86,0.86,-1.13,0.86,0.86,0.86,0.86,0.84,0.86,0.86,0.86,0.86,0.85,0.86,0.86,0.86,0.86,0.86,0.84,0.86,0.84,0.86,0.85,0.83,0.86,0.86,0.86,0.86,0.86,-1.12,-1.05,0.86,0.86,0.85,-1.02,0.7,0.86,0.86,0.71,0.85,0.86,0.86,0.86,0.86,0.86,0.86,0.86,0.86,0.86,0.86,0.86,0.85,0.86,0.86,0.72,0.86,0.83,0.84,0.86,0.86,0.86,-1.06,0.86,0.85,0.86,0.86,0.86,0.86,0.86,0.86,0.86,0.84,0.86,0.86,0.86,0.86,0.86,0.86,0.86,0.85,0.86,0.86,0.86,0.86,0.86,0.86,0.86,0.86,0.86,0.85,0.86,0.86,0.86,0.86,0.85,0.85,0.86,0.86,0.86,0.86,0.85,0.86,0.86,0.86,0.85,0.86,0.86,0.85,0.86,0.83,0.86,0.86,0.86,0.86,0.85,0.86,0.85,0.86,0.86,0.86,-1.0,0.86,-1.04,0.86,0.86,0.86,0.86,0.86,0.86,0.83,0.86,-1.11,-1.02,0.84,0.85,0.84,0.85,0.86,0.85,0.86,0.85,0.86,0.86,0.83,0.86,0.86,0.86,0.86,0.85,0.86,0.84,0.85,0.86,0.86,0.86,0.86,0.86,0.86,0.86,0.86,0.86,0.86,0.86,0.86,0.86,0.86,0.86,0.77,0.86,0.85,0.86,0.86,0.86,0.85,0.85,0.85,0.81,0.86,0.86,0.86,0.83,0.86,0.86,0.86,0.86,0.86,0.8,0.86,-1.02,0.73,0.86,0.84,0.86,0.86,0.85,0.86,0.84,0.86,0.86,0.86,0.86,-1.07,0.84,0.86,0.86,0.86,0.85,0.86,0.86,0.86,0.86,0.85,0.82,0.84,0.84,0.85,0.84,-1.08,0.7,0.86,-1.13,0.86,0.86,0.86,0.86,0.86,0.86,0.86,0.84,0.86,0.86,0.86,0.86,0.86,0.85,0.86,-1.02,0.78,0.74,0.86,0.86,0.85,0.86,0.85,0.86,-1.13,0.84,0.79,0.86,0.82,0.86,0.86,0.86,0.86,0.86,0.86,0.84,0.85,0.86,0.86,0.86,-1.01,0.85,-1.12,0.86,0.86,0.86,0.86,0.86,0.86,0.86,0.86,0.86,-1.0,0.86,0.86,0.86,0.86,-1.09,0.86,0.83,0.86,0.85,0.86,0.86,0.86,-1.05,0.86,0.86,0.86,0.86,0.86,0.8,0.85,0.86,0.86,0.71,0.85,-1.12,0.85,0.85,0.86,-1.09,0.86,0.86,0.86,0.86,0.86,0.86,0.86,0.86,0.85,0.82,0.86,0.86,0.85,0.85,0.86,0.84,0.86,0.86,0.85,0.85,-1.02,0.86,0.86,0.86,-1.02,0.85,0.74,0.86,0.85,0.86,0.86,0.86,0.86,0.86,0.86,0.86,0.84,0.86,0.85,-1.13,0.86,0.76,0.84,0.86,0.84,0.86,0.86,0.86,0.86,0.86,0.86,0.86,-1.11,0.86,0.85,0.86,0.86,0.86,0.86,0.86,0.85,0.86,0.86,0.85,0.86,0.86,0.86,0.85,0.86,0.86,0.84,0.86,0.86,0.86,0.86,0.86,0.86,0.86,0.85,0.85,0.86,0.86,-1.02,0.86,0.86,0.84,0.86,0.86,0.86,0.85,0.85,0.86,0.86,0.86,0.86,0.86,0.86,0.86,0.86,0.69,0.86,0.86,0.86,0.86,0.86,0.86,0.86,0.86,0.86,0.86,0.84,0.86,0.85,0.85,0.83,0.86,-1.1,0.86,-1.07,0.86,0.85,0.85,0.86,0.86,0.86,0.86,0.84,0.86,0.86,0.86,0.85,0.86,0.85,0.86,0.86,0.86,0.86,0.86,0.86,0.85,0.86,0.86,0.86,0.83,0.86,0.86,0.86,-1.05,-1.12,-1.03,0.84,0.85,0.7,0.86,0.85,0.86,0.86,0.86,0.83,-1.11,-1.11,0.86,-1.08,0.84,0.83,0.85,0.85,-1.03,0.86,0.84,0.86,-1.12,0.86,0.86,0.85,0.84,0.86,0.85,0.86,0.86,0.86,-1.13,0.81,0.86,0.86,0.86,0.86,0.86,0.86,0.86,0.85,0.86,0.86,0.86,0.86,0.86,0.86,0.84,0.86,0.86,0.86,0.86,0.86,0.84,0.86,0.86,0.86,-1.15,0.84,0.86,0.86,0.84,0.86,0.86,0.61,0.85,0.86,0.86,0.86,0.86,0.85,0.85,0.86,0.85,0.86,0.84,0.86,0.86,0.86,-1.08,0.86,0.86,0.86,0.84,0.85,0.86,0.86,0.86,0.86,0.86,0.83,0.86,0.86,0.86,-1.11,0.86,-1.05,0.86,0.85,-1.11,-1.14,0.85,0.86,0.84,0.86,0.86,0.86,0.86,0.84,0.86,0.85,0.86,0.86,-1.01,0.86,0.86,0.83,0.86,-1.02,0.86,0.86,0.86,0.86,0.86,-1.09,0.86,0.85,0.86,0.86,0.86,0.86,0.86,0.86,0.86,0.86,0.86,0.86,0.86,0.86,0.86,0.86,0.84,0.86,0.82,0.86,0.86,0.86,0.78,0.85,0.86,0.83,0.86,0.85,0.86,0.86,0.86,0.86,-1.12,0.84,0.86,0.86,0.82,0.86,0.86,0.86,0.86,0.86,0.86,0.86,0.86,0.74,0.86,0.86,-1.06,0.86,0.86,0.86,0.86,0.86,0.85,0.84,0.86,0.84,0.82,0.86,0.86,0.86,-1.01,0.86,0.86,0.86,0.86,0.84,0.86,0.86,0.85,0.86,0.86,0.86,0.85,0.86,0.86,0.85,0.86,0.86,0.86,0.86,0.86,0.85,0.86,-1.02,-1.13,0.86,0.86,0.86,0.84,0.86,0.86,0.86,0.86,0.84,0.86,0.86,0.86,0.86,0.86,0.86,0.86,0.86,0.86,-1.21,0.86,0.84,0.85,0.86,0.86,0.86,0.86,0.86,0.86,0.86,0.86,0.86,0.86,0.85,0.85,0.86,0.86,0.86,0.85,0.86,0.84,0.86,0.72,0.85,0.86,0.86,0.72,0.86,0.86,0.86,0.86,0.86,0.86,0.86,0.75,0.86,0.83,0.86,0.85,0.86,0.86,0.86,0.73,0.85,0.86,0.86,0.86,0.86,0.86,0.86,0.86,0.86,0.84,0.86,0.75,0.84,0.86,0.86,0.86,0.86,0.86,0.86,0.86,0.82,0.85,0.78,0.86,0.86,0.85,0.85,-1.02,0.85,0.86,0.86,0.86,0.86,0.85,0.86,-1.12,0.86,0.86,0.85,0.86,0.85,0.86,0.86,0.86,0.86,0.86,0.86,-1.11,0.86,0.86,0.86,0.86,0.86,-1.03,0.86,0.85,0.86,0.86,0.86,0.85,0.86,0.86,0.86,0.86,0.86,0.86,0.86,0.86,0.84,0.83,0.86,-1.13,0.85,-1.12,0.85,0.86,0.86,0.86,0.86,0.85,0.86,0.86,0.86,0.86,0.86,0.86,0.86,0.86,0.86,0.85,0.79,0.8,0.86,0.86,0.86,0.86,0.86,0.86,0.86,0.86,0.86,0.86,0.86,0.86,0.86,0.86,0.86,0.85,0.85,0.86,0.85,0.86,0.84,0.84,0.86,0.86,0.86,0.86,0.86,0.84,0.86,0.86,0.86,0.86,0.86,0.86,0.86,0.86,0.86,-1.03,0.86,0.84,0.86,0.85,0.86,0.86,0.86,0.74,0.86,0.86,0.85,0.86,0.86,0.86,0.86,0.86,0.86,0.86,0.85,0.86,0.86,0.85,0.86,-1.02,0.83,0.86,0.86,0.86,0.86,0.82,0.86,0.86,0.86,0.86,0.86,0.79,0.86,0.86,-1.12,0.86,0.86,0.73,0.86,0.86,0.79,0.86,0.83,0.86,0.86,0.85,0.86,0.86,0.86,0.86,0.86,-1.13,0.85,0.85,0.86,0.86,0.86,0.86,0.86,0.72,0.71,0.86,0.86,-1.02,0.86,0.86,0.84,-1.03,0.85,-1.05,0.79,0.86,0.86,0.83,0.85,0.86,0.86,0.84,-1.04,-1.13,0.85,0.86,0.86,0.86,0.86,0.86,0.86,0.83,0.86,0.86,0.86,0.86,-1.06,0.85,0.86,0.85,0.85,0.86,0.86,0.86,0.81,0.86,0.78,0.86,-1.09,0.86,0.85,0.86,0.86,0.86,0.86,0.83,0.86,0.86,0.86,0.86,0.86,0.86,0.86,0.86,0.86,0.86,0.74,0.86,0.84,0.86,0.86,0.86,0.86,0.86
-1.06,-1.08,-1.0,0.84,-1.05,-1.13,-1.06,0.79,-1.05,0.65,-1.09,0.82,0.81,-1.11,0.84,0.76,0.81,-1.02,-1.36,0.84,-1.14,0.8,0.76,-1.05,0.81,0.84,0.83,0.73,0.75,0.77,0.79,-1.07,0.7,0.86,0.86,0.85,0.8,0.82,0.77,0.85,0.8,-1.1,0.83,0.86,0.86,0.86,0.74,0.84,0.85,0.85,0.86,0.86,0.85,0.86,0.86,0.84,0.86,0.86,0.86,0.86,-1.05,0.86,0.86,0.86,0.86,0.78,0.7,0.86,0.84,0.86,0.86,0.86,0.84,0.86,0.86,0.86,0.86,0.86,0.86,0.86,0.86,0.86,0.86,0.86,0.86,0.86,0.86,0.86,0.86,0.86,0.86,0.86,0.86,0.86,0.86,0.86,-1.02,0.86,0.86,0.85,0.86,0.86,0.86,0.86,0.86,0.86,0.74,0.86,0.86,0.86,0.86,0.86,0.84,0.86,-1.06,0.86,0.86,0.86,0.85,0.84,0.86,0.86,0.86,-1.13,0.86,0.86,0.86,0.86,0.86,-1.1,-1.04,0.86,0.86,0.86,0.85,0.86,0.84,0.79,0.86,0.86,0.86,0.84,-1.03,0.84,0.86,-1.13,0.86,0.86,0.86,0.86,0.86,0.86,0.86,0.86,-1.12,0.85,0.86,0.86,0.86,0.86,0.85,0.86,0.84,0.86,0.86,0.86,0.84,0.86,0.86,0.86,0.86,0.86,0.86,0.86,0.86,0.85,0.86,0.86,0.86,0.86,0.84,0.86,0.86,0.86,0.77,0.86,-1.05,0.86,0.86,0.86,0.85,0.86,0.86,0.86,0.86,0.86,0.72,0.86,0.84,0.83,0.86,0.86,0.86,0.86,0.86,0.84,0.86,0.86,-1.03,0.86,0.86,0.86,0.86,0.86,0.7,0.86,0.86,0.86,0.86,0.86,0.86,0.86,0.84,-1.22,0.86,0.84,0.84,0.86,0.86,0.86,0.86,0.86,0.85,0.86,0.86,0.86,0.86,0.86,0.86,0.86,0.85,-1.12,0.86,0.71,0.86,0.72,0.83,0.86,0.86,0.86,0.86,0.86,0.84,0.86,0.86,0.86,0.86,0.86,0.86,0.86,0.8,0.86,0.86,0.86,0.86,0.86,0.86,0.86,0.86,0.86,0.84,0.86,0.85,0.86,0.86,0.86,0.86,0.86,0.86,0.86,0.86,0.86,0.86,0.86,0.86,0.81,0.86,0.86,0.85,0.86,0.86,0.86,0.86,0.86,0.85,0.78,0.86,-1.13,0.84,0.86,0.86,0.73,0.72,0.86,0.85,0.86,0.85,0.86,0.86,0.83,0.85,0.86,0.86,0.86,0.86,0.86,0.86,0.86,0.86,0.86,0.85,0.84,0.86,0.86,0.86,0.86,0.86,0.86,0.86,0.86,0.86,0.85,0.86,0.85,0.86,-1.07,0.78,0.86,0.86,0.86,-1.13,0.78,0.86,-1.09,0.86,0.86,0.86,0.71,0.86,0.86,0.86,0.86,0.86,0.86,0.85,0.86,0.86,0.86,0.86,0.86,0.86,0.84,0.86,0.84,0.86,0.86,0.86,0.78,0.86,0.86,0.86,0.86,0.86,0.83,-1.0,0.86,0.85,0.86,0.86,0.86,0.86,0.85,0.85,0.86,0.86,-1.02,0.86,0.84,0.86,0.86,0.86,0.86,0.86,0.86,0.86,0.86,0.86,0.84,0.82,0.86,0.86,0.86,0.86,0.86,0.86,0.86,0.85,0.86,0.86,-1.14,0.86,0.86,0.85,0.86,0.86,0.86,0.84,0.86,0.86,0.73,0.86,0.48,0.86,0.86,0.86,0.73,0.84,0.73,0.86,0.86,0.86,0.86,0.81,0.85,0.86,0.86,0.86,-1.02,0.85,0.86,0.86,0.86,-1.09,0.86,0.75,0.86,0.73,0.86,0.86,0.86,0.86,0.84,0.85,0.86,0.72,-1.1,0.86,0.85,0.86,0.86,0.86,0.86,0.86,0.86,0.86,0.86,0.86,0.86,0.86,0.84,0.86,0.86,0.86,0.86,0.82,0.84,0.86,0.86,0.86,0.85,0.86,0.86,0.86,0.86,0.86,0.86,0.85,0.86,0.86,0.86,0.86,0.86,0.86,0.86,0.86,0.86,0.86,0.86,0.86,0.86,0.86,0.86,0.86,-1.14,0.86,0.86,0.86,0.86,0.86,0.86,0.86,0.86,0.86,0.86,0.86,-1.13,0.86,0.86,0.86,0.86,0.86,0.86,0.86,0.86,0.86,0.85,0.86,0.86,0.86,0.85,0.86,0.86,0.86,0.86,0.85,0.86,0.86,0.86,0.85,0.86,-1.03,0.83,0.86,0.86,0.86,0.86,0.86,0.86,0.86,-1.07,0.86,0.86,0.86,0.85,0.86,0.86,0.86,0.86,0.86,0.85,0.83,0.86,0.86,0.77,0.86,-1.13,0.86,0.84,0.86,0.86,0.86,0.86,0.85,-1.24,0.86,0.86,0.86,0.86,0.86,0.86,0.85,-1.11,0.86,-1.02,0.83,0.86,0.86,0.84,0.86,0.85,0.85,0.86,0.86,0.86,0.86,0.86,0.84,0.86,0.85,0.86,0.86,0.86,0.86,0.86,0.86,0.86,0.86,0.84,0.86,0.85,0.85,0.83,0.86,0.86,0.86,0.86,0.86,0.69,0.86,0.7,0.86,0.84,-1.0,0.86,-1.1,0.85,0.86,0.86,0.86,0.86,0.86,0.86,0.86,-1.05,0.86,0.86,0.83,0.86,0.86,-1.16,-1.11,-1.04,0.86,0.86,0.83,0.86,0.86,0.86,0.86,0.86,0.84,0.86,0.86,0.86,0.85,0.86,0.86,0.86,0.86,0.86,0.86,0.86,0.85,0.86,0.86,0.86,0.86,0.86,0.86,0.86,0.82,0.84,0.84,0.86,0.85,0.86,0.86,0.85,0.86,0.86,0.86,0.86,-1.07,0.86,0.86,0.86,-1.12,0.85,0.84,0.86,0.86,0.86,0.86,0.86,0.85,-1.03,0.86,-1.11,0.83,0.86,0.86,0.85,0.86,0.86,-1.05,0.86,0.86,0.86,0.86,0.85,0.86,0.83,0.84,0.86,-1.13,0.86,0.86,-1.11,0.83,0.86,0.83,0.86,0.86,0.86,0.86,0.86,0.86,0.86,0.86,-1.13,-1.0,0.84,0.86,0.86,0.83,0.86,-1.12,0.86,0.86,-1.05,0.85,0.86,0.86,0.85,0.86,0.86,0.86,0.85,0.86,0.86,0.85,0.86,0.86,0.86,0.86,0.86,0.86,0.85,0.84,0.86,0.83,0.86,0.86,0.76,-1.01,0.85,0.86,0.86,0.86,0.86,0.86,0.86,0.86,0.86,-1.16,0.86,0.86,0.86,0.86,0.86,0.86,0.86,0.86,-1.02,0.86,0.86,-1.13,-1.09,0.86,0.86,0.86,0.86,0.84,0.86,0.86,0.76,0.86,0.86,0.86,0.86,0.86,0.86,0.86,0.86,0.86,0.72,0.85,0.85,0.85,0.86,0.86,0.85,0.84,0.86,0.86,0.86,0.85,0.85,0.86,0.74,0.86,-1.14,0.84,0.86,0.86,-1.08,0.84,0.85,0.86,0.86,0.86,0.86,0.86,0.86,0.84,0.84,0.85,0.86,0.85,0.86,0.86,0.86,0.86,0.86,-1.14,0.86,0.72,0.86,0.85,0.78,0.86,-1.14,0.86,0.85,-1.11,0.8,0.86,0.85,0.86,0.86,0.86,0.86,-1.14,0.86,0.86,0.86,0.86,0.74,0.86,0.86,0.85,0.86,0.86,0.86,0.86,0.85,0.86,-1.02,0.86,0.86,0.86,0.86,0.86,0.86,0.86,0.86,0.86,0.85,-1.11,0.86,0.86,0.86,-1.03,0.82,0.84,0.73,0.86,0.86,0.86,0.86,0.86,0.86,0.86,0.86,-1.14,0.86,0.86,0.86,0.86,0.85,0.86,0.86,0.83,0.86,0.83,0.86,0.86,0.85,0.85,0.86,0.86,0.86,0.86,0.86,0.85,0.86,0.86,0.86,0.85,0.84,0.86,0.86,0.86,0.86,0.85,0.86,0.86,0.86,0.82,0.86,0.86,0.86,0.84,0.86,0.86,0.86,0.85,0.85,0.86,-1.0,0.86,0.86,0.85,0.86,0.84,0.86,0.86,0.86,0.86,0.86,0.85,0.86,0.86,-1.06,0.86,0.86,0.86,0.86,-1.11,0.84,0.86,0.86,0.86,0.77,0.86,0.86,-1.16,0.74,0.86,0.86,0.86,0.86,0.86,0.83,0.86,-1.01,0.86,0.86,0.86,0.86,0.86,0.69,0.86,0.86,0.86,0.86,0.81,-1.09,-1.1,0.86,0.86,0.85,0.86,0.84,0.86,0.86,0.86,0.86,0.86,0.86,0.86,0.86,0.86,0.84,0.86,0.86,0.76,0.86,0.86,0.86,0.86,0.86,0.86,0.86,0.86,0.86,0.86,0.86,-1.01,0.83,-1.03,0.84,0.86,0.86,0.84,0.86,0.86,0.86,0.86,0.86,0.86,-1.06,0.86,0.86,0.85,0.86,0.84,0.86,0.86,0.84,0.86,0.86,0.86,0.86,0.86,-1.05,0.86,0.85,0.86,0.86,0.85,0.86,0.86,0.86,0.86,0.83,-1.15,0.86,-1.0,0.84,0.84,0.86,0.85,0.86,-1.09,0.86,0.86,0.86,0.86,0.86,0.86,0.86,0.86,0.86,0.86,0.86,0.86,0.86,0.86,0.85,0.86,0.86,0.85,0.86,0.86,0.86,-1.1,0.86,0.83,0.86,0.86,0.86,0.86,0.86,0.86,0.86,0.86,0.86,0.84,0.86,0.86,0.81,0.74,0.86,0.86,0.86,0.81,0.86,0.86,0.86,0.83,0.85,0.86,0.86,0.86,0.86,-1.12,0.86,-1.17,0.86,0.86,0.86,0.85,0.86,0.86,0.86,0.85,-1.11,-1.13,0.85,-1.12,0.85,0.84,0.86,0.86,0.86,0.86,0.84,0.86,0.81,0.86,0.86,0.86,-1.06,0.85,0.86,0.86,0.7,0.85,0.86,0.86,0.86,0.86,-1.07,0.86,-1.04,0.85,0.85,0.85,0.86,0.86,0.86,-1.03,0.85,0.83,0.84,0.85,0.85,0.86,0.86,0.86,0.86,0.86,0.86,0.85,0.75,0.86,0.86,0.86,0.86,0.86,0.86,-1.07,0.85,0.86,0.72,0.86,0.86,0.86,0.86,0.86,0.86,0.84,0.85,0.85,0.86,0.86,0.86,0.86,-1.03,0.86,0.86,0.86,0.86,0.84,0.86,0.86,0.86,0.86,0.86,-1.06,0.86,0.86,0.86,0.79,0.85,0.86,0.86,0.86,0.83,0.86,-1.02,0.85,0.85,0.86,0.86,0.86,0.86,0.86,-1.03,0.86,0.86,0.78,0.86,0.86,0.86,0.86,0.86,0.85,0.86,0.86,0.85,-1.1,0.86,0.86,-1.08,0.84,0.86,0.86,0.86,0.86,0.84,0.84,0.86,0.86,0.86,0.86,0.86,0.81,0.86,0.85,0.86,0.86,0.84,0.86,0.86,0.86,0.86,0.86,0.86,0.86,0.86,0.86,0.86,0.86,0.86,0.85,0.86,0.85,0.86,-1.02,0.86,0.72,0.76,0.86,-1.11,0.86,0.86,0.86,0.85,0.86,0.85,0.84,0.84,0.86,0.86,0.86,0.86,0.86,0.86,0.86,0.86,0.86,-1.07,0.86,0.84,0.86,0.86,-1.02,0.85,0.86,0.86,0.86,-1.02,0.85,0.86,0.86,0.86,0.86,0.83,0.86,0.85,0.86,0.86,0.77,0.84,0.79,0.86,0.86,0.86,0.72,0.86,0.86,0.85,0.86,0.86,0.86,0.86,0.86,0.86,0.86,0.85,0.86,0.85,0.85,0.85,0.86,0.86,0.84,0.86,0.86,0.84,0.86,0.8,0.86,0.86,-1.14,0.86,0.86,0.86,0.86,0.86,0.86,0.86,0.74,0.86,0.86,0.86,0.86,0.85,0.85,0.86,0.84,0.86,0.85,0.86,0.86,0.86,0.86,-1.07,0.86,0.86,-1.1,0.84,0.86,0.86,0.86,0.86,0.86,-1.02,0.86,0.85,0.85,-1.03,0.86,0.86,0.86,0.84,0.86,0.84,0.86,0.85,0.85,0.86,-1.08,0.86,-1.02,0.86,0.86,0.85,0.86,0.83,-1.12,0.86,0.84,0.86,0.86,0.85,0.86,0.86,0.86,0.86,0.86,0.86,0.86,0.86,0.86,0.86,0.86,0.86,0.86,0.85,-1.08,0.86,0.86,0.85,0.82,0.86,-1.09,0.86,-1.13,-1.02,0.85,0.86,0.86,0.86,0.86,0.85,0.86,0.86,-1.03,0.86,0.86,0.85,0.86,0.82,0.86,0.86,0.85,0.86,0.86,0.86,0.86,0.86,0.86,0.86,0.86,0.86,0.86,0.86,0.86,0.86,-1.12,0.85,0.86,0.86,0.86,0.86,0.86,-1.02,0.86,0.86,0.86,0.86,0.83,0.86,0.86,0.86,0.83,0.86,0.86,0.86,0.86,0.86,0.86,0.86,0.85,0.86,0.86,0.86,0.86,0.86,0.86,-1.12,0.86,-1.11,0.84,0.86,-1.12,0.84,0.86,0.86,0.86,0.84,-1.17,0.86,0.86,0.86,0.86,-1.0,0.86,0.86,0.86,0.86,0.86,0.86,0.86,0.85,0.86,0.69,0.86,0.86,0.86,0.86,0.86,0.86,0.86,-1.05,0.86,0.86,0.76,0.86,0.86,0.81,0.86,0.86,0.86,0.86,0.86,-1.07,-1.15,-1.03,0.85,0.86,0.86,0.86,0.86,0.78,0.85,0.86,0.86,0.86,0.86,0.86,0.86,0.86,0.86,0.84,-1.03,0.86,0.86,0.85,0.86,-1.04,0.85,0.86,0.86,0.86,0.86,0.86,0.8,0.86,0.86,0.86,0.84,0.86,0.86,0.86,0.86,0.82,0.86,-1.07,0.86,0.86,0.85,0.84,0.86,0.86,0.86,0.77,0.86,0.84,0.86,0.86,0.86,0.86,0.86,0.86,0.85,0.86,0.78,0.86,0.86,0.86,0.86,0.86,0.85,0.86,0.86,0.86,0.86,0.84,0.86,0.86,0.86,0.86,0.85,0.84,0.86,0.86,0.86,0.86,0.86,0.86,0.86,-1.01,0.86,0.86,0.86,0.85,0.86,0.71,0.86,0.86,0.86,0.86,0.84,0.86,0.86,-1.07,0.85,0.86,0.86,0.85,0.86,0.85,0.86,0.86,0.85,0.86,-1.11,0.86,0.85,0.86,0.83,0.86,0.85,0.86,0.86,0.86,0.86,0.86,0.84,0.86,0.86,0.86,0.85,-1.09,0.85,0.86,0.85,0.86,0.82,0.86,0.86,0.86,0.86,0.86,0.86,0.86,0.86,0.86,0.86,0.86,0.85,0.86,0.84,-1.02,0.85,0.85,0.86,0.86,0.86,0.86,-1.01,0.86,0.84,0.85,0.86,0.86,0.86,0.86,0.86,0.85,0.85,0.86,0.86,0.86,0.86,0.86,0.86,0.84,0.86,0.86,0.86,0.86,0.86,0.84,0.86,0.86,0.86,0.86,0.86,0.86,0.85,0.86,0.86,0.86,0.86,0.83,0.86,0.85,0.86,0.86,0.86,0.81,0.82,0.85,-1.04,-1.04,0.86,0.85,0.86,0.85,0.86,0.84,0.85,0.86,0.83,0.86,0.86,0.86,0.86,0.86,0.86,0.86,0.86,0.86,0.86,0.86,0.86,0.82,-1.03,0.86,-1.11,0.86,0.86,0.86,0.86,0.86,0.86,0.85,0.86,0.86,-1.08,0.86,0.85,0.83,0.85,0.86,0.84,0.84,0.86,0.86,0.86,0.86,0.86,0.86,0.79,0.86,0.85,0.86,0.86,0.86,0.86,0.85,0.86,0.86,0.86,0.86,0.86,0.86,0.85,0.85,0.86,0.86,0.84,0.84,0.86,0.86,0.86,0.86,0.86,0.86,0.86,0.86,0.86,0.85,0.86,0.86,0.85,0.86,0.86,0.86,0.86,0.86,0.86,0.86,0.86,0.86,0.85,0.86,0.78,0.86,0.86,0.86,0.86,0.86,0.86,0.86,0.86,0.86,0.84,-1.15,0.86,0.86,0.86,0.86,0.86,0.86,0.86,0.86,0.86,0.86,0.86,0.86,0.86,0.86,0.84,0.84,0.86,0.86,0.84,0.84,0.86,0.86,0.86,0.86,0.86,0.86,0.86,0.86,0.79,0.85,0.84,0.84,0.86,0.85,0.86,0.86,0.86,0.86,0.86,0.86,-1.04,0.86,0.85,0.86,0.86,0.84,0.86,0.85,-1.12,0.85,0.86,0.86,0.86,0.86,0.86,-1.08,0.86,0.82,0.86,0.86,0.86,0.84,0.86,0.84,0.86,0.86,0.86,0.86,0.85,0.85,0.86,0.86,0.86,0.86,0.86,0.86,0.86,0.86,0.86,0.86,0.86,0.86,0.86,0.84,0.86,0.86,-1.11,0.85,0.85,0.86,0.82,0.86,0.86,0.86,-1.02,-1.06,0.86,0.86,0.86,0.85,0.86,0.86,0.86,0.86,0.86,0.86,0.85,0.86,0.86,0.83,0.84,0.86,0.86,0.84,0.86,0.86,0.86,0.86,0.86,0.86,0.86,0.82,0.86,0.86,0.83,0.86,0.86,0.86,-1.12,0.85,0.86,0.86,0.86,0.86,0.86,0.85,0.86,0.86,0.86,0.86,0.86,0.84,0.86,0.86,0.86,0.86,0.85,-1.11,0.86,0.86,0.86,-1.01,0.86,0.85,0.86,0.86,-1.13,0.86,0.85,0.76,0.86,0.82,0.77,0.86,0.86,0.86,0.86,0.86,0.78,0.86,0.86,0.85,0.86,0.85,0.86,0.85,0.86,0.86,0.86,0.86,0.85,0.83,0.86,0.85,0.86,0.86,0.86,0.86,0.86,0.86,0.84,-1.03,0.82,0.86,0.85,0.85,0.84,0.86,0.86,0.86,0.86,0.86,0.86,0.86,0.86,0.86,0.74,0.86,0.86,0.86,0.86,0.86,0.86,0.86,0.86,0.86,-1.09,0.85,0.83,0.86,0.86,0.86,0.86,-1.03,0.86,0.86,0.86,0.83,-1.02,0.86,0.86,0.86,0.86,0.86,0.86,0.86,0.86,0.86,0.85,0.84,0.86,0.86,0.86,0.86,0.86,-1.24,0.85,0.85,0.85,0.86,0.86,0.84,0.73,0.75,0.86,0.86,0.85,0.86,0.8,0.85,0.85,-1.01,0.84,0.84,0.86,0.84,0.83,0.86,0.86,0.85,0.86,0.86,0.86,0.86,0.86,0.83,0.85,0.86,0.86,0.77,0.7,0.86,0.86,0.86,0.86,0.86,0.86,-1.02,0.86,0.85,-1.02,0.84,0.86,0.86,0.85,0.86,-1.13,0.79,0.86,0.86,0.77,0.86,0.86,0.85,0.86,0.86,0.86,-1.02,0.86,0.86,0.86,0.86,0.85,0.86,0.72,0.86,0.86,0.86,0.86,0.86,0.86,0.86,0.86,0.86,0.86,0.86,0.84,0.86,0.86,0.84,0.84,0.86,0.86,0.86,0.86,0.86,-1.14,0.85,0.86,0.86,0.86,0.71,0.86,0.86,0.86,0.85,0.86,0.72,0.85,0.84,0.86,0.86,0.86,0.85,0.86,0.86,0.85,0.86,0.86,-1.01,-1.04,0.86,0.86,0.86,0.71,0.83,0.86,0.86,0.72,0.86,0.85,0.85,0.86,0.86,0.86,0.86,0.86,0.86,-1.07,0.86,0.86,0.86,0.86,0.84,0.85,0.86,0.86,0.86,0.86,0.86,0.86,0.86,0.86,-1.11,-1.08,0.86,0.74,0.86,0.85,0.86,0.86,0.86,0.86,0.86,0.71,0.86,0.86,0.85,-1.01,0.78,0.84,0.85,0.85,0.86,0.86,0.84,0.86,0.86,0.86,0.86,0.86,0.73,0.73,0.86,0.85,0.86,-1.13,0.84,0.84,0.86,0.86,0.86,0.86,0.86,0.85,-1.05,0.86,0.86,0.86,0.86,0.86,-1.02,0.86,0.85,0.8,0.86,0.86,0.86,0.86,0.86,0.83,0.86,0.86,0.86,0.86,0.86,0.86,-1.06,0.85,0.86,0.86,0.86,0.86,0.86,0.86,0.86,0.72,0.86,-1.04,0.86,0.85,0.86,0.86,0.86,0.86,0.84,0.86,0.84,-1.1,0.85,0.86,0.86,0.86,0.86,-1.24,0.82,-1.08,0.86,0.86,0.84,0.77,0.84,0.86,0.83,0.84,0.86,0.86,0.86,0.86,0.86,0.86,0.86,0.86,0.86,0.84,0.86,0.84,0.86,0.86,0.86,0.86,0.86,0.86,0.86,0.86,0.86,0.86,0.86,0.86,0.86,0.86,-1.09,-1.04,-1.1,0.86,0.86,0.85,0.86,0.86,0.86,0.86,0.86,-1.14,0.86,-1.06,0.86,0.85,0.84,0.86,0.86,0.86,0.86,0.86,0.85,0.85,0.86,0.86,0.86,0.86,0.71,0.86,0.86,0.86,0.86,0.86,0.86,0.86,0.86,0.86,0.86,-1.14,0.86,0.86,0.83,-1.13,-1.01,0.83,0.86,0.86,0.86,0.86,0.86,0.86,0.86,0.86,0.86,0.84,0.86,0.86,0.86,0.86,0.86,0.86,0.86,0.86,0.86,0.86,0.86,-1.0,0.86,0.86,0.86,0.85,0.86,0.86,0.86,0.86,0.68,0.86,0.86,0.86,0.86,0.86,0.86,0.86,0.85,0.86,-1.09,0.86,0.86,0.85,0.86,0.86,0.84,0.85,0.86,0.72,0.86,0.86,0.83,-1.13,0.86,-1.03,0.85,0.86,0.86,0.86,0.86,0.86,0.86,-1.01,0.84,0.85,0.84,0.85,0.86,0.86,0.86,0.86,0.85,0.86,0.86,0.86,0.86,0.86,0.86,0.86,0.86,0.86,0.85,0.86,0.86,0.85,0.84,0.86,0.86,0.86,0.86,0.84,0.85,0.86,0.86,0.86,0.86,0.86,-1.09,0.86,0.86,0.86,0.86,0.86,0.83,-1.04,0.85,0.85,0.86,0.86,0.86,0.84,0.86,0.86,0.86,0.86,0.84,0.85,0.84,-1.01,0.86,0.86,0.86,0.83,0.86,0.86,0.86,0.86,0.86,0.86,0.86,0.86,0.86,0.86,0.83,0.86,0.86,0.86,0.86,0.86,0.86,0.86,0.86,0.86,0.86,0.86,0.86,0.84,0.86,-1.13,-1.0,-1.17,-1.0,0.86,0.86,0.84,0.86,0.85,0.84,0.86,0.86,-1.13,0.86,0.84,0.86,0.84,0.86,0.86,0.84,0.84,0.86,0.86,0.86,-1.0,0.86,0.76,0.85,0.86,0.86,0.86,0.86,0.86,0.84,0.86,0.86,0.86,0.86,0.86,0.86,0.86,0.86,0.86,0.86,0.86,0.84,0.86,0.86,0.86,0.81,0.86,0.86,0.86,0.86,0.86,0.86,0.86,0.86,0.86,0.86,-1.06,-1.13,-1.13,0.85,0.86,0.86,0.84,0.86,0.86,0.86,0.86,0.84,0.85,0.86,0.86,0.86,0.86,0.86,0.86,0.75,0.86,0.86,-1.12,0.85,0.86,0.86,0.85,0.83,-1.02,0.86,0.83,0.83,-1.13,0.86,0.86,0.86,0.86,0.86,0.86,0.86,0.86,0.86,0.83,0.86,0.86,-1.08,0.85,0.86,0.84,0.86,0.86,0.86,0.86,0.86,0.86,0.86,0.86,0.86,0.86,0.86,0.86,0.86,0.86,0.8,0.86,0.86,-1.16,0.84,0.86,0.86,0.86,0.86,0.86,0.82,0.85,0.85,0.83,0.85,0.84,0.86,0.86,0.85,0.86,0.86,0.86,0.85,0.86,0.86,0.86,0.86,0.86,0.85,0.85,0.86,0.86,0.86,0.86,0.86,0.86,0.86,0.85,-1.05,0.85,0.85,0.83,0.84,0.86,0.86,0.86,0.86,0.86,0.86,0.85,0.86,0.86,0.86,0.86,0.85,0.86,0.84,0.84,0.86,0.86,-1.07,-1.12,0.64,0.81,0.83,0.86,-1.03,0.85,0.85,0.86,0.86,0.86,0.85,0.86,0.85,0.85,0.86,0.84,0.86,0.86,0.84,0.86,0.86,0.85,0.85,0.84,0.83,0.84,0.86,0.86,0.86,0.86,0.86,0.84,0.86,0.86,0.84,0.86,0.86,0.86,0.86,0.86,0.86,0.86,0.85,0.86,-1.14,0.86,0.86,0.86,0.86,0.86,0.84,0.84,0.86,0.86,0.86,0.84,0.86,0.86,0.85,0.84,0.86,0.86,0.86,0.86,0.86,-1.08,0.86,0.86,0.86,0.86,0.86,0.84,0.86,-1.08,0.86,-1.09,0.85,0.86,0.86,0.86,0.86,0.86,0.8,0.86,-1.09,0.86,0.86,0.86,0.85,0.86,0.86,0.84,0.85,0.86,0.86,0.82,0.86,0.86,0.86,-1.05,0.82,0.86,0.86,0.86,0.86,0.86,0.86,0.86,0.85,0.86,0.86,0.77,0.86,0.86,0.86,0.86,0.86,0.86,0.86,-1.02,-1.06,0.86,0.86,-1.14,0.85,0.85,0.86,0.86,0.86,0.86,0.85,0.85,0.86,0.86,0.84,0.84,0.86,0.86,0.85,0.86,0.86,0.86,0.86,0.86,0.86,0.86,0.86,0.86,0.86,0.86,0.86,0.86,0.86,0.86,0.75,0.86,0.84,0.86,0.86,0.86,0.86,0.86,0.86,-1.0,0.86,0.86,0.86,0.84,0.86,0.85,0.86,0.86,0.86,0.86,0.86,0.86,0.86,0.86,0.86,0.86,0.86,0.86,0.86,0.86,0.86,0.86,0.84,0.85,0.86,0.86,0.86,0.86,-1.06,0.8,0.85,0.86,0.86,0.86,0.86,0.82,0.86,0.86,0.86,0.86,0.86,0.86,0.86,-1.02,0.84,0.85,-1.03,0.84,0.81,0.83,0.86,0.86,0.86,0.86,0.86,0.86,-1.08,0.86,0.86,0.86,0.86,0.86,0.86,0.86,0.86,0.86,0.86,0.72,0.75,0.86,0.86
-1.03,-1.01,0.83,0.84,-1.06,-1.17,-1.28,-1.11,0.74,-1.15,-1.03,-1.04,-1.07,0.62,-1.16,-1.12,0.8,-1.09,-1.23,-1.18,0.84,0.82,0.84,0.85,0.69,0.81,0.77,-1.05,-1.09,0.84,-1.04,0.84,0.82,0.8,0.7,0.75,0.84,0.86,0.78,0.77,0.86,0.71,0.86,0.86,0.83,0.86,0.86,0.86,0.85,0.86,0.86,0.85,0.84,0.84,0.82,0.85,0.83,-1.03,0.81,0.86,0.86,0.86,0.86,0.86,0.86,0.86,0.86,0.83,0.86,0.86,0.86,0.85,0.86,0.86,0.86,0.86,0.86,0.86,0.86,0.86,0.86,0.86,-1.02,0.86,0.86,0.86,-1.1,0.86,0.86,0.86,0.86,0.86,0.86,0.86,0.86,0.85,0.86,0.76,0.86,0.86,0.86,0.85,0.86,0.86,0.85,0.86,0.86,0.83,0.86,0.86,0.86,0.86,0.86,0.84,0.86,0.86,0.86,0.86,0.86,0.86,0.86,0.86,0.85,0.86,0.85,0.71,0.85,0.84,0.86,0.86,0.86,0.86,0.84,0.86,0.85,0.86,0.84,-1.14,0.86,0.78,0.84,0.86,0.86,-1.04,0.78,0.86,0.86,-1.09,0.86,-1.06,0.86,0.86,-1.13,0.85,0.86,0.86,0.86,0.86,0.85,0.85,0.86,-1.12,0.84,0.86,0.86,0.86,0.86,0.86,0.86,0.86,0.75,0.85,0.84,0.86,0.86,0.86,0.86,-1.0,0.86,0.86,0.86,0.85,0.86,0.75,0.86,0.86,0.86,0.82,0.86,0.84,0.86,0.84,0.72,0.84,0.86,0.86,0.86,0.86,0.86,0.85,0.86,0.86,0.86,0.86,0.86,0.86,0.86,0.84,0.86,0.86,0.86,0.86,-1.15,0.86,0.86,0.86,0.73,-1.03,-1.14,0.86,0.86,0.86,0.86,0.79,-1.02,0.86,0.86,-1.03,0.86,0.84,0.86,0.83,0.86,0.85,0.86,0.86,0.86,0.86,0.86,0.86,0.84,0.86,0.86,0.86,0.85,-1.08,0.86,0.86,0.86,0.86,0.86,0.85,0.86,0.86,0.86,0.86,0.86,0.84,0.86,0.86,0.86,0.86,0.84,0.84,0.86,0.85,0.86,0.86,0.86,0.71,0.85,0.86,0.86,0.78,0.85,0.86,-1.09,0.86,0.83,0.86,0.86,0.86,0.86,0.85,0.86,0.86,0.86,0.86,0.86,0.86,0.84,0.86,0.86,0.86,0.71,0.86,-1.0,0.86,0.86,0.84,0.86,0.86,-1.06,0.76,0.86,0.86,0.86,0.86,0.86,0.86,0.86,0.86,0.86,0.86,0.85,0.86,0.86,0.85,-1.02,0.86,0.84,0.86,0.86,0.86,0.85,0.86,0.86,0.85,-1.02,-1.1,0.86,0.86,0.86,0.85,0.86,0.86,0.85,0.86,0.86,0.86,0.86,0.86,0.86,-1.03,0.86,0.86,0.84,0.86,0.86,0.86,0.86,0.84,0.84,0.86,0.86,0.85,0.86,0.84,0.86,0.86,-1.12,0.86,0.84,0.86,0.86,0.86,0.86,0.84,0.76,0.84,0.86,0.84,-1.11,0.86,0.86,0.84,0.86,0.86,0.86,0.85,0.86,-1.14,0.67,0.85,0.86,-1.13,0.85,0.86,0.86,0.86,0.86,0.85,0.86,0.86,0.86,0.86,0.86,0.77,0.85,0.86,0.86,0.86,0.83,0.86,0.85,0.86,0.86,0.8,0.85,0.86,0.86,0.86,0.86,0.86,0.86,0.86,0.86,0.86,0.86,0.85,-1.06,0.86,-1.12,0.86,-1.14,0.86,0.86,0.86,0.86,0.86,0.85,0.86,0.86,0.86,0.86,0.86,0.84,0.86,0.86,0.86,0.86,-1.14,0.86,0.86,0.86,0.86,0.86,0.86,0.86,0.86,0.86,0.86,0.86,0.86,-1.05,0.86,0.86,0.86,0.79,0.86,0.86,0.86,0.86,0.86,0.86,0.86,0.86,0.86,0.86,0.86,0.86,0.86,0.85,-1.03,0.86,0.85,0.86,0.86,0.86,0.85,0.86,0.86,0.86,-1.1,0.86,0.86,0.86,0.86,0.84,0.86,0.86,-1.02,0.86,0.86,0.86,0.86,0.85,0.86,0.86,0.86,0.86,0.86,0.86,0.86,0.86,0.85,0.86,0.86,0.86,-1.01,0.86,0.86,0.86,0.84,0.86,0.86,0.86,0.86,0.86,-1.03,0.86,0.86,0.86,0.86,0.86,-1.08,0.86,0.86,0.85,0.86,0.86,0.86,0.86,0.86,0.7,0.85,0.86,0.86,0.86,0.86,0.86,0.84,0.86,-1.05,0.83,0.86,0.86,0.86,0.86,0.86,0.86,0.86,0.77,0.86,0.73,0.86,0.86,0.84,0.78,0.85,0.86,0.85,0.86,0.86,0.86,0.85,0.79,0.86,0.86,0.84,0.86,0.82,0.86,0.86,0.86,0.86,0.86,0.85,0.86,0.86,0.86,0.86,0.86,0.86,0.86,0.86,0.86,0.86,0.85,0.84,0.85,0.86,0.86,0.85,0.85,0.86,0.86,0.86,0.86,0.85,0.86,0.86,0.85,0.86,0.86,0.86,0.86,0.86,0.86,0.86,0.86,-1.01,0.86,0.86,0.86,0.86,0.86,0.86,0.86,-1.05,0.86,0.86,0.73,0.85,0.85,0.86,0.86,0.86,0.86,0.86,0.84,0.86,0.86,0.86,-1.06,0.84,0.86,0.86,0.86,0.86,0.84,0.86,0.86,0.86,0.86,0.86,0.86,0.85,0.86,0.86,0.84,0.86,0.84,0.86,0.86,0.86,0.86,0.86,0.86,0.86,0.86,0.86,0.86,0.86,0.86,-1.07,0.85,0.86,0.86,0.86,0.85,0.86,0.86,0.86,0.85,0.86,0.85,0.86,0.86,-1.0,-1.05,-1.02,0.84,0.84,0.83,0.86,-1.13,0.86,-1.06,0.74,0.86,-1.12,0.86,0.86,0.86,0.86,0.86,0.85,0.84,-1.03,0.86,0.86,-1.05,0.86,0.86,0.85,0.86,0.86,0.86,0.86,0.86,0.86,0.86,0.86,0.86,0.86,0.86,0.86,0.86,0.86,-1.01,-1.02,0.85,0.86,0.82,0.86,0.85,0.86,0.86,0.86,0.86,0.84,0.86,0.86,0.86,-1.14,-1.14,0.86,0.86,0.86,0.86,0.78,0.84,0.76,0.84,0.86,0.86,0.86,0.86,0.86,0.86,0.86,0.84,0.86,0.85,0.86,0.86,0.86,0.85,0.86,0.86,0.86,0.85,0.86,0.84,0.86,0.86,0.86,0.86,0.84,0.86,0.85,0.83,0.86,0.86,0.86,0.86,0.86,-1.04,0.86,0.86,0.86,0.86,0.86,0.86,0.85,0.86,0.84,0.7,0.85,0.86,0.86,0.86,0.86,0.86,0.86,0.85,0.86,0.86,-1.07,-1.07,0.86,0.83,-1.13,0.86,0.83,0.84,0.85,0.86,-1.07,0.85,0.82,0.86,0.86,0.86,0.86,-1.1,0.84,0.85,-1.07,0.85,0.86,0.86,0.84,0.86,0.86,0.85,0.86,0.86,0.8,0.84,0.86,0.86,0.86,0.86,0.86,-1.02,0.86,0.86,0.86,-1.12,0.86,0.78,0.86,0.86,0.86,0.86,0.86,0.86,0.86,0.86,0.86,0.8,0.86,0.86,-1.11,0.86,-1.2,0.83,0.74,0.86,0.86,0.85,0.86,0.86,0.85,0.73,0.86,0.86,0.86,0.84,0.86,0.86,0.86,0.86,0.86,0.86,0.86,0.84,0.86,0.86,0.86,0.86,0.86,0.86,0.86,-1.11,0.86,0.85,0.86,0.86,0.86,0.86,0.86,0.86,0.86,0.86,0.86,0.86,0.86,0.86,0.86,0.84,0.86,0.83,0.86,0.86,0.86,0.86,0.86,0.84,0.86,0.86,0.86,0.86,0.84,0.79,0.86,0.86,0.86,0.86,0.84,-1.07,0.86,-1.07,0.85,0.86,0.85,0.84,0.86,0.86,0.84,0.86,0.86,0.86,0.85,0.86,0.78,0.86,0.86,0.86,0.86,0.86,0.86,0.86,0.86,0.86,0.86,0.86,0.86,0.86,0.83,-1.04,0.86,0.86,0.86,0.86,0.86,0.86,0.86,0.86,0.85,0.62,0.86,0.77,0.84,-1.12,0.86,-1.17,0.86,0.86,0.86,0.86,0.86,-1.02,0.81,0.86,0.86,0.86,0.86,0.86,0.86,0.84,0.86,0.86,0.84,0.86,0.86,0.86,0.86,0.86,0.73,0.86,0.86,0.85,0.86,0.86,0.86,0.86,0.86,0.86,0.86,0.86,0.86,-1.13,0.86,0.86,0.86,0.86,0.86,0.86,0.86,0.86,0.86,0.86,0.85,0.85,0.81,0.86,0.86,0.86,0.86,0.86,0.86,0.85,0.86,0.85,0.85,0.85,0.86,0.86,0.86,0.86,0.86,0.86,-1.13,0.84,0.86,0.86,0.86,0.86,0.85,-1.02,0.86,0.86,0.85,0.86,-1.11,0.85,0.86,0.85,0.82,0.86,0.86,0.86,0.86,0.86,0.83,0.86,0.86,0.86,0.86,0.86,0.86,0.86,0.86,0.86,0.86,0.86,0.85,0.83,0.86,0.86,0.86,0.85,0.85,0.86,0.86,0.86,-1.01,0.84,0.86,0.86,0.86,0.86,0.86,0.86,0.86,0.86,0.86,0.86,0.86,0.86,0.86,0.86,0.86,0.86,0.84,-1.04,0.86,0.86,0.86,0.86,0.86,0.81,0.86,0.85,-1.0,0.86,0.86,0.86,0.86,0.86,0.86,0.86,0.77,0.86,0.86,0.86,0.86,0.86,0.86,0.86,0.86,-1.02,0.86,0.86,0.86,-1.09,0.86,0.86,0.86,0.86,0.86,0.86,0.86,0.86,0.86,0.86,0.86,0.84,0.86,0.86,0.84,0.86,0.86,0.86,0.85,0.85,0.86,0.86,0.82,0.86,0.86,0.76,0.85,0.86,0.85,0.86,0.86,0.86,0.85,0.86,0.84,0.86,0.86,0.86,0.79,0.86,0.85,0.86,0.86,0.86,0.86,0.85,0.86,0.86,0.86,0.86,0.86,0.84,0.86,0.86,0.86,0.79,0.86,0.86,0.86,0.86,0.86,0.84,0.86,0.84,0.86,0.86,0.86,0.86,0.86,0.86,0.86,0.86,0.86,0.86,0.86,0.85,0.84,0.86,0.86,0.86,0.86,-1.09,0.84,0.86,0.86,0.85,0.86,0.86,0.86,0.86,0.86,0.74,0.86,0.86,0.84,0.85,0.86,0.84,0.86,0.86,0.86,0.86,0.86,0.86,0.86,0.86,0.86,0.81,0.86,0.86,0.83,0.86,0.86,0.86,0.86,0.84,0.86,0.86,0.84,0.86,-1.07,0.86,0.86,0.86,0.86,0.86,0.84,0.86,0.86,0.86,0.84,0.86,0.86,0.86,0.86,0.86,0.85,0.72,0.86,0.86,0.81,0.86,0.86,0.86,0.86,0.86,0.72,0.86,0.86,0.86,0.86,0.86,0.86,0.86,0.85,0.76,0.85,0.86,0.86,0.86,0.86,0.86,0.86,0.86,0.86,0.84,0.86,0.81,0.86,0.86,0.86,0.86,0.86,0.83,0.86,0.86,0.85,0.85,0.86,0.86,-1.02,-1.08,0.84,0.85,0.86,-1.05,-1.07,0.86,0.84,0.86,0.86,0.86,0.86,0.85,0.79,0.86,0.86,0.86,0.86,0.85,0.86,0.86,0.86,0.86,0.86,0.86,0.86,0.86,0.85,0.86,0.86,0.85,-1.08,0.85,0.86,0.86,0.86,0.86,0.86,0.85,0.86,0.86,0.86,0.86,0.86,0.86,0.86,0.84,0.85,0.85,0.77,-1.01,0.86,0.85,0.86,0.84,0.86,0.86,0.85,0.86,0.86,0.86,0.85,0.84,0.86,0.84,0.86,0.86,0.86,0.86,0.84,0.78,0.82,0.86,0.86,0.76,0.86,0.83,0.86,0.86,0.86,0.86,0.86,0.86,0.86,0.86,0.85,0.86,0.85,0.83,-1.02,0.86,0.86,0.86,0.84,0.86,0.86,0.86,0.86,0.86,0.86,0.85,0.86,0.86,0.86,-1.07,0.86,0.86,0.86,0.86,0.86,0.86,0.85,0.86,0.86,0.86,0.82,0.86,0.86,-1.02,0.86,0.77,0.86,0.86,0.86,0.86,0.86,0.86,0.86,0.86,-1.03,-1.1,0.86,0.85,-1.03,0.78,0.84,0.84,0.83,0.86,0.86,0.86,0.86,0.86,0.86,0.86,0.86,0.86,0.82,0.86,0.86,0.86,0.86,0.77,0.83,0.86,0.81,0.86,0.86,-1.07,0.86,0.86,0.86,0.85,0.84,0.84,0.86,0.86,-1.14,0.85,0.86,0.84,0.86,0.86,0.86,0.85,0.86,0.86,0.86,0.86,0.86,0.86,0.86,0.86,0.86,0.86,0.86,0.86,0.86,0.86,0.86,0.86,0.85,0.86,0.86,0.86,0.85,0.86,-1.14,0.86,0.86,-1.14,0.85,0.86,0.86,0.81,0.85,0.85,0.86,0.86,0.86,0.84,0.83,0.85,0.86,0.84,0.85,0.86,0.86,0.86,0.8,0.86,0.84,0.86,-1.09,0.86,0.86,0.86,0.86,0.86,0.86,0.85,0.86,0.86,0.83,0.86,0.86,0.86,0.86,0.86,0.86,0.86,0.86,-1.03,0.86,0.84,0.86,0.86,0.86,0.85,0.86,0.86,0.86,-1.12,0.86,0.72,0.85,0.86,0.86,0.86,0.86,0.86,-1.01,0.86,0.84,-1.05,0.75,0.86,0.86,0.86,0.86,0.84,0.86,0.85,0.85,0.86,0.86,0.86,0.86,0.75,0.8,0.86,0.86,-1.0,0.86,0.86,0.86,0.85,0.86,-1.1,0.86,0.85,0.86,0.86,0.86,0.86,-1.01,0.85,0.86,0.85,0.86,0.86,0.86,0.86,0.85,0.84,0.86,0.86,0.86,0.86,0.85,0.85,0.86,0.86,0.86,0.85,0.86,0.86,0.86,0.86,0.86,0.86,0.86,0.86,0.86,0.86,0.86,0.86,0.86,0.86,0.86,0.8,0.86,0.86,0.85,0.86,0.86,0.86,0.86,0.86,0.86,0.86,0.85,0.86,0.86,0.86,0.84,0.86,0.86,0.86,0.86,0.86,0.84,0.83,0.86,0.86,0.86,0.86,0.86,0.86,0.86,-1.11,0.85,0.86,0.79,0.86,0.86,0.86,0.86,0.86,0.86,0.85,0.86,0.86,0.86,0.86,0.86,0.86,0.86,0.86,0.86,0.86,0.84,0.86,0.86,0.86,0.85,0.85,0.86,0.86,0.86,0.69,0.81,0.86,0.85,0.86,0.86,0.86,0.86,0.86,0.86,-1.12,0.84,0.86,0.86,0.86,0.86,0.86,-1.05,0.86,0.86,0.86,0.86,0.86,0.86,0.86,0.86,0.86,0.86,0.86,0.86,0.86,0.86,0.86,0.86,0.86,-1.02,0.85,-1.07,0.86,0.85,0.86,0.86,0.86,0.85,0.79,0.86,0.86,0.85,0.86,-1.14,0.86,0.86,0.86,0.86,0.86,0.86,0.86,0.86,0.86,0.86,0.86,0.86,0.86,0.86,0.86,0.86,0.86,0.86,0.86,0.86,0.86,0.86,0.86,0.86,0.84,0.86,-1.04,0.86,0.86,0.86,0.86,0.85,-1.14,0.82,0.85,0.86,0.86,0.86,0.86,0.84,-1.04,0.79,0.86,-1.08,0.86,0.86,-1.03,0.85,-1.06,0.85,-1.23,0.86,0.86,0.86,0.86,0.86,0.84,0.86,0.86,0.86,0.86,0.86,0.86,0.86,0.86,0.86,0.86,0.86,0.86,-1.12,-1.13,-1.08,0.84,-1.03,0.76,0.84,0.86,0.86,0.86,0.86,0.86,0.86,0.86,0.86,0.86,-1.09,0.85,0.86,0.86,0.86,0.86,0.86,0.86,-1.04,0.86,0.86,0.86,0.86,0.86,0.86,0.86,0.86,0.86,0.73,-1.02,0.85,0.86,0.86,0.82,0.86,0.85,0.86,0.86,0.86,0.86,-1.13,0.86,0.78,0.86,-1.0,0.84,0.86,0.86,0.86,0.86,0.86,0.86,0.86,0.86,0.86,0.85,0.86,0.86,0.84,0.86,0.86,-1.12,0.86,0.86,0.86,0.86,0.86,0.85,0.84,0.86,0.73,0.7,0.86,0.86,0.86,0.86,0.84,0.86,0.86,-1.13,0.78,0.85,0.86,0.85,0.86,0.86,0.86,0.84,0.86,0.85,0.82,0.86,0.86,0.86,0.86,0.86,0.86,0.86,0.85,0.84,0.85,0.86,0.85,0.86,0.8,0.84,0.86,0.86,0.86,0.86,0.86,-1.14,0.72,0.85,0.73,0.86,0.86,0.86,0.86,0.85,0.86,0.81,-1.0,0.85,0.86,0.86,0.83,0.86,0.86,0.83,0.85,0.86,0.85,-1.11,0.8,0.86,0.86,0.86,0.86,0.86,0.85,0.86,0.86,-1.04,0.86,0.82,0.84,0.83,0.86,0.83,0.86,-1.14,0.85,0.84,0.86,-1.03,0.86,0.82,0.86,0.86,0.86,0.86,0.86,-1.09,0.85,0.83,0.86,0.86,0.85,0.85,0.86,0.86,0.86,0.85,0.86,0.86,0.85,0.85,0.86,0.85,0.86,0.85,0.86,-1.13,0.86,0.86,0.86,0.86,0.86,0.86,0.86,0.84,0.82,0.86,0.86,0.86,0.86,0.86,-1.12,0.86,0.86,0.86,0.86,0.86,0.86,0.86,0.85,0.86,0.86,0.86,-1.02,0.86,0.86,0.86,0.86,0.86,0.86,0.86,0.7,0.86,0.86,0.86,0.86,0.86,0.86,0.86,0.74,0.86,0.86,-1.02,0.86,0.86,0.86,0.86,0.86,-1.14,0.85,0.85,0.86,0.83,0.77,0.85,0.86,0.86,0.81,0.86,0.86,0.86,0.86,0.86,-1.07,0.86,0.86,0.86,0.86,0.84,0.85,0.85,0.86,0.86,-1.0,0.86,0.85,0.86,0.86,0.86,0.82,0.86,0.86,-1.01,0.85,0.86,0.86,0.85,0.86,0.86,0.85,0.86,0.86,0.86,0.86,0.86,0.84,0.84,0.86,0.86,0.86,0.86,0.86,0.86,0.85,0.86,-1.01,0.85,0.86,0.86,0.86,0.86,0.86,0.86,0.86,0.86,0.85,0.86,0.86,0.86,0.86,-1.14,0.86,0.86,0.86,0.86,0.86,0.86,0.86,0.85,0.86,0.86,0.85,0.86,0.86,0.86,0.86,0.85,0.86,0.85,0.86,0.85,0.85,0.86,0.86,0.86,0.86,0.86,0.83,0.86,0.86,0.85,0.86,0.86,0.86,0.86,0.82,0.85,0.86,0.86,0.86,0.86,0.86,0.86,0.86,0.86,0.86,0.86,0.83,0.85,0.86,0.86,0.86,0.86,0.85,0.86,0.86,0.86,0.86,0.86,0.85,0.86,0.86,0.86,0.86,0.85,0.86,0.86,0.83,-1.03,0.86,0.86,0.86,0.86,0.86,0.86,0.86,0.67,0.86,0.86,0.86,0.86,0.86,0.86,-1.03,0.86,0.86,0.86,0.86,0.86,0.85,0.86,0.86,0.86,0.86,0.86,0.86,0.86,0.86,-1.08,0.85,0.85,0.85,0.86,0.86,0.86,0.86,0.86,0.86,-1.01,0.86,0.86,-1.14,0.82,0.86,0.85,0.86,0.86,0.86,-1.06,-1.09,0.86,0.86,0.84,-1.03,0.86,0.86,0.86,0.86,0.86,0.86,0.86,0.86,0.86,0.85,0.86,0.86,0.86,0.86,0.83,0.86,0.86,0.86,-1.13,0.85,0.86,0.84,0.85,0.82,0.86,0.86,0.86,0.86,0.86,0.86,0.86,0.86,0.86,0.86,0.86,0.86,0.86,0.86,0.86,0.86,-1.13,0.86,0.86,0.86,0.86,0.86,0.86,0.86,0.85,0.86,0.86,-1.11,-1.09,0.84,0.82,0.86,-1.02,0.77,0.86,0.83,-1.03,0.84,0.86,0.86,0.86,0.85,0.86,0.86,0.85,0.86,0.86,0.86,0.85,0.86,0.86,0.85,0.86,0.86,0.86,0.86,0.86,0.86,0.85,0.86,0.86,0.86,0.86,0.86,0.86,-1.12,0.86,0.86,0.86,0.86,0.86,0.86,0.79,0.86,0.86,0.86,-1.03,0.86,0.86,0.86,0.86,0.86,0.84,-1.08,-1.01,0.84,0.85,0.86,0.86,0.86,0.86,0.86,0.86,0.86,0.86,-1.13,0.86,0.86,0.86,0.86,0.86,0.86,0.86,0.86,0.86,0.86,-1.09,0.85,0.86,0.86,0.86,0.86,-1.09,0.86,0.86,0.86,0.86,-1.12,0.77,0.85,0.86,0.86,0.86,0.86,0.86,0.84,0.86,0.86,0.76,0.86,0.85,0.86,0.82,0.86,0.86,0.84,0.86,0.86,0.86,0.86,0.86,0.86,0.85,0.86,0.86,0.86,0.86,0.86,0.86,0.86,0.84,0.86,0.86,-1.11,0.85,0.83,0.86,0.86,0.86,0.83,0.86,0.86,0.86,0.86,0.86,-1.07,0.86,-1.09,0.85,0.86,0.82,0.86,0.86,0.86,0.86,0.85,0.86,0.86,-1.04,0.86,0.85,0.86,0.86,0.86,0.85,-1.04,0.85,0.86,0.86,0.8,0.86,0.84,0.86,0.85,0.86,0.86,0.86,0.86,0.86,0.86,0.86,-1.03,0.86,0.86,0.86,0.86,0.85,-1.03,0.84,0.85,0.85,-1.03,0.86,0.86,0.86,0.86,0.86,0.86,0.86,0.85,0.86,0.86,0.86,0.86,0.86,0.86,0.86,0.85,0.86,0.86,0.86,0.86,-1.03,0.86,0.86,-1.04,0.85,0.86,-1.14,0.86,0.86,0.86,0.86,0.86,0.86,0.83,0.86,0.86,-1.05,0.86,0.86,0.86,0.85,0.86,-1.02,-1.08,0.86,0.86,0.86,0.85,0.86,0.86,0.86,0.84,0.84,0.84,0.86,0.86,0.86,-1.12,0.85,0.86,0.86,0.86,-1.02,0.84,0.86,-1.06,0.85,0.84,0.84,-1.0,0.86,0.86,0.86,0.86,0.86,-1.02,0.82,0.86,0.86,0.86,0.86,0.86,0.86,0.86,-1.13,0.86,0.86,0.86,0.86,0.86,0.86,0.86,0.86,-1.08,0.85,0.86,0.86,0.86,0.86,0.86,0.86,0.86,0.86,0.86,0.84,0.86,0.86,0.86,0.86,0.86,-1.14,0.86,0.86,-1.03,0.84,0.86,0.86,0.86,0.86,0.86,0.86,0.86,0.86,0.86,0.86,0.74,0.86,0.86,0.85,0.86,0.86,0.86,0.86,0.86,-1.03,0.84,0.86,0.83,0.86,0.86,0.86,0.73,0.86,0.86,0.86,0.86,0.86,0.86,0.86,-1.0,0.86,0.86,0.86,0.84,0.85,0.86,0.86,0.86,-1.11,0.84,0.85,0.86,0.86,0.86,0.86,0.83,0.86,0.86,0.85,0.86,0.86,0.86,0.86,0.86,0.86,0.86,0.85,0.86,0.86,0.75,0.86,0.86,0.86,0.83,0.86,0.86,0.86,0.85,0.85,0.85,0.86,0.86,0.86,0.86,0.86,0.84,0.86,0.85,0.86,0.84,0.85,0.86,-1.04,-1.12,-1.16,0.8,0.85,-1.1,0.85,0.86,-1.02,0.85,0.84,0.86,0.86,0.86,0.86,0.86,0.86,0.86,0.86,0.86,0.86,0.86,0.86,0.86,0.85,0.86,0.86,0.86,0.86,0.86,0.86,0.86,0.86,0.86,0.86,0.86,0.86,0.86,0.84,0.83,0.86,0.85,0.85,0.86,0.86,0.86,0.86,0.86,0.86,0.79,0.84,0.86,0.86,0.86,0.84,0.85,0.86,0.86,0.86,0.86,0.86,0.86,0.86,0.86,0.86,0.85,0.84,0.86,-1.17,0.84,0.86,0.72,0.86,0.85,0.85,0.85,0.84,0.86,0.72,0.86,0.86,0.86,0.86,0.86,0.86,0.7,0.86,0.85,0.86,0.84,0.86,0.86,0.86,0.86,0.86,0.86,0.86,0.86,0.86,0.85,0.86,0.86,0.86,-1.1,0.84,0.85,0.86,0.86,0.86,0.86,0.84,0.86,0.86,0.86,-1.03,0.86,0.86,0.85,-1.04,0.86,0.86,0.83,0.81,0.84,0.86,0.84,0.85,0.86,0.86,0.86,0.86,0.86,0.86,0.86,0.86,0.86,0.86,0.86,-1.14,0.85,0.84,0.86,0.83,0.85,0.86,0.86,0.86,0.85,0.86,0.86,0.86,0.86,0.76,0.83,0.84,0.85,0.86,0.85,0.84,0.85,0.86,-1.02,0.83,0.86,0.85,0.86,0.79,0.86,0.72,0.86,0.86,0.86,0.85,0.86,0.86,0.72,0.85,0.84,-1.05,0.83,0.86,0.86,0.86,0.86,0.86,0.76,0.86,0.86,0.86,0.86,0.86,0.86,0.86,0.85,0.73,0.86,0.85,0.86,0.86,-1.04,0.86,0.86,0.85,0.86,0.86,0.84,0.86,0.8,0.76,0.86,0.86,0.86,0.86,0.85,0.72,0.83,0.85,0.86,0.85,0.86,0.84,0.86,0.86,0.86,0.86,-1.05,0.86,0.86,0.75,0.85,0.86,0.86,0.86,0.86,0.86,0.85,0.86,0.85,0.86,0.86,0.77,0.86,0.76,0.86,0.86,0.86,0.85,0.85,0.86,0.86,0.86,0.86,0.86,0.86,0.86,0.86,0.86,0.86,0.86,-1.14,0.85,0.86,0.86,0.86,0.82,0.73,0.85,0.86,0.86,0.86,0.84,0.86,0.86,0.86,0.83,0.86,0.86,0.86,0.86,0.86,0.86,0.86,0.86,0.86,0.86,0.86,0.86,0.86,0.86,0.86,0.86,0.86,0.86,0.86,0.86,0.86,0.86,0.76,-1.11,0.84,0.86,-1.03,0.82,0.85,0.86,0.86
-1.02,-1.02,-1.1,0.82,-1.09,0.65,0.82,0.83,-1.11,0.77,0.8,-1.0,-1.13,-1.14,0.73,-1.0,-1.04,0.8,0.81,-1.1,0.85,-1.12,0.7,-1.06,0.85,-1.03,-1.03,0.84,0.61,-1.14,0.83,0.83,0.86,0.83,0.84,0.86,0.84,-1.01,0.79,0.86,0.8,-1.03,0.86,-1.26,0.84,0.81,0.86,0.82,0.86,-1.07,0.82,0.86,0.69,-1.1,-1.02,0.86,0.86,0.86,0.86,0.78,0.86,0.86,0.84,0.86,0.81,0.86,0.86,0.86,0.86,0.86,0.86,0.86,0.86,0.84,0.86,0.86,0.86,0.86,0.86,0.86,0.86,0.86,0.86,0.86,0.86,0.86,0.86,0.86,0.86,0.86,0.85,0.86,0.86,0.86,0.74,0.86,0.86,-1.09,0.86,0.86,0.86,0.86,-1.04,0.86,0.86,0.86,0.86,0.86,0.86,0.86,0.86,0.86,0.86,0.86,0.86,0.86,0.86,0.86,-1.05,0.84,0.86,0.86,-1.1,0.86,0.86,0.86,0.86,0.86,0.86,0.86,-1.12,0.84,0.86,0.86,0.86,0.86,0.72,0.85,0.84,0.86,0.86,0.86,0.86,0.84,0.85,0.86,0.86,0.84,0.86,0.86,0.86,0.86,0.86,0.74,0.84,-1.09,0.86,0.86,0.76,0.86,0.86,0.86,0.86,0.86,0.82,0.85,0.84,0.85,0.86,0.86,0.86,0.86,0.86,0.86,-1.01,-1.09,0.86,0.85,0.86,0.73,0.86,0.86,0.86,-1.04,0.83,0.86,0.86,0.86,0.86,0.85,0.86,0.84,0.86,0.86,0.85,0.86,0.86,-1.05,-1.03,0.86,0.84,0.86,0.86,0.86,0.86,0.86,0.86,0.86,0.86,0.86,0.86,0.86,0.85,0.86,0.86,0.86,0.86,0.85,0.86,0.86,0.86,0.86,0.86,0.86,0.86,0.86,0.86,0.86,0.85,0.85,0.86,0.85,0.84,0.85,0.86,-1.11,0.82,-1.14,0.85,0.86,0.86,0.84,0.86,0.77,0.86,0.86,0.86,0.86,0.86,0.86,0.84,0.84,0.86,0.86,0.86,0.8,-1.08,0.86,-1.05,0.86,0.86,0.85,0.86,0.86,0.86,0.86,0.86,0.86,0.86,0.86,0.86,0.81,0.86,0.85,0.86,0.83,0.86,0.83,0.85,-1.02,0.86,-1.12,0.86,0.85,0.86,-1.03,0.85,0.86,0.86,0.85,0.86,0.84,0.86,0.86,0.86,0.86,0.86,0.86,0.84,0.86,0.86,0.85,0.86,0.82,0.86,0.86,0.84,0.86,0.86,0.86,-1.09,0.77,0.86,0.75,0.86,0.86,0.86,0.86,0.85,0.84,0.86,0.86,0.85,0.86,0.85,0.86,0.83,0.85,0.86,0.86,0.86,0.86,0.86,0.86,0.84,-1.04,0.85,0.86,-1.08,0.86,0.86,0.85,0.81,0.86,0.86,0.84,0.86,0.86,0.86,0.86,0.86,0.74,0.86,0.86,0.8,0.86,0.86,0.85,0.85,0.86,0.86,0.86,0.86,0.84,0.86,0.86,0.81,0.86,0.86,0.86,0.86,0.86,0.84,0.65,0.86,0.86,0.84,0.86,0.85,0.82,0.85,0.86,0.86,0.86,0.86,0.86,0.86,0.86,0.85,0.86,0.86,0.86,-1.08,0.86,0.86,0.86,0.86,0.86,-1.14,-1.06,0.8,0.78,0.86,0.86,0.86,0.86,0.8,0.86,0.86,0.86,0.85,0.86,0.84,0.86,0.82,0.86,0.86,0.86,0.86,-1.11,-1.04,0.86,0.86,0.86,0.86,0.86,0.86,0.86,0.86,0.86,0.86,0.86,0.84,0.86,0.65,0.86,0.86,0.85,0.85,-1.09,0.86,0.86,0.86,0.86,0.86,0.86,0.86,-1.09,0.86,0.86,0.86,0.86,0.86,0.86,0.86,0.86,0.86,0.86,0.84,0.85,0.86,0.86,0.85,0.76,0.86,0.86,0.86,0.86,-1.12,0.82,0.86,0.86,0.86,0.86,-1.04,0.86,0.86,0.84,0.86,0.86,0.86,0.86,0.86,0.85,0.86,0.86,0.86,0.84,-1.13,0.86,0.86,0.84,0.86,0.86,0.85,0.86,0.79,0.86,0.85,0.86,0.85,0.86,0.86,0.86,0.86,0.86,0.86,-1.09,0.86,0.7,0.86,0.86,0.86,0.84,0.86,-1.0,0.86,-1.13,0.86,0.86,0.86,0.86,0.85,0.86,0.86,0.86,0.86,0.86,0.86,0.86,0.86,0.84,0.86,0.86,0.86,0.86,0.86,0.86,0.86,0.86,0.85,0.85,-1.13,0.86,0.86,0.86,-1.07,0.86,0.86,0.85,0.86,0.86,0.85,0.84,0.86,0.84,0.86,0.86,0.86,0.86,0.85,0.86,0.85,0.83,0.86,-1.1,0.86,0.86,0.86,0.86,0.86,0.79,0.86,-1.04,-1.02,0.86,0.86,0.86,0.86,0.85,0.8,0.86,0.86,0.86,0.86,0.85,0.86,0.86,0.86,0.85,0.86,0.86,0.85,0.86,0.86,0.86,0.86,0.85,0.86,0.86,0.86,0.85,0.86,0.84,0.86,-1.04,0.86,0.86,0.85,0.86,0.86,-1.04,0.86,0.86,0.85,0.85,-1.06,0.85,0.83,-1.08,0.84,0.86,0.86,0.86,0.86,0.85,0.84,0.86,0.86,0.86,0.86,0.86,0.86,0.86,0.86,0.86,0.86,0.86,0.84,0.86,0.86,0.86,0.85,0.85,0.86,0.86,0.86,0.86,0.86,0.86,0.86,0.86,0.72,0.86,0.86,-1.13,0.86,0.86,0.84,0.86,0.77,0.86,0.86,0.86,0.86,0.85,0.86,0.86,0.86,0.8,0.86,0.86,0.86,-1.09,0.86,0.83,0.86,0.86,0.86,0.86,0.86,0.86,0.86,0.86,0.86,0.86,0.86,0.84,0.84,0.86,-1.02,0.86,0.84,-1.03,0.85,0.86,0.86,0.77,0.86,0.86,0.86,0.86,0.86,0.86,0.85,0.86,0.86,0.86,0.84,0.85,0.86,0.86,0.84,0.85,0.86,0.86,0.86,0.86,0.86,0.86,0.86,0.83,0.86,0.86,0.86,0.86,0.86,-1.06,0.86,0.85,-1.02,0.86,0.86,0.86,0.85,0.86,0.86,0.86,-1.14,0.86,0.86,0.72,0.84,-1.13,0.85,0.86,0.85,0.86,0.86,0.72,0.85,0.86,0.86,0.86,0.85,0.86,0.86,0.86,0.86,0.86,0.85,-1.12,0.86,0.83,0.86,0.86,0.86,0.78,0.86,0.86,0.85,0.85,0.86,0.86,0.86,0.83,0.86,0.86,0.85,0.86,0.86,0.86,0.86,0.86,0.85,0.86,0.86,0.86,0.83,0.86,0.86,0.86,0.86,0.86,0.86,0.86,0.86,0.86,0.82,0.83,0.86,0.86,0.86,0.86,0.86,0.86,0.86,0.84,0.86,0.86,0.86,0.71,0.86,0.86,0.86,0.86,0.86,0.86,0.86,0.86,0.86,0.86,0.86,0.86,0.83,0.86,0.86,0.85,0.85,0.86,-1.12,0.85,0.86,0.86,-1.0,0.86,0.82,0.86,0.86,-1.05,0.86,0.86,0.86,0.86,0.77,0.86,0.86,0.86,0.86,-1.14,0.86,0.86,0.86,0.86,0.86,0.86,0.86,-1.06,0.86,0.86,0.86,-1.11,0.72,0.86,0.86,0.86,0.86,0.84,0.86,0.85,0.83,0.86,0.84,0.86,0.86,0.86,0.86,0.86,0.86,0.86,0.84,-1.1,0.85,0.86,-1.04,-1.07,0.86,0.85,0.86,0.85,0.86,0.86,0.84,0.86,0.86,0.86,0.84,0.85,0.75,-1.02,0.84,0.84,0.86,0.86,0.86,0.86,0.86,0.86,0.73,0.86,0.86,0.85,0.86,0.86,0.86,0.86,0.85,0.86,0.86,0.86,0.85,0.86,-1.06,0.86,0.86,-1.07,0.86,0.86,0.84,0.85,0.85,0.86,0.84,0.83,0.84,0.85,0.86,0.84,0.86,0.85,0.86,0.86,0.86,0.85,0.86,0.85,0.86,0.86,0.86,0.74,0.86,0.85,0.86,0.85,0.86,0.84,0.86,0.86,0.86,0.84,0.86,0.84,0.84,0.86,0.86,0.86,0.85,0.86,-1.07,0.86,0.86,0.86,0.8,-1.12,0.86,0.86,0.86,-1.01,-1.13,0.81,0.86,0.86,0.86,0.86,0.85,0.86,0.86,0.86,0.86,0.86,0.84,0.86,0.86,0.86,0.86,0.86,0.86,0.86,0.86,0.85,0.85,0.86,0.86,0.85,0.86,0.86,0.85,0.84,0.86,0.86,0.86,0.84,0.86,0.86,0.86,0.86,-1.02,0.86,0.85,0.84,0.84,0.85,0.86,0.86,0.86,0.86,0.84,0.85,0.86,0.84,0.86,0.86,0.86,0.86,0.86,0.76,0.86,0.86,0.86,0.86,0.86,0.73,0.86,0.86,0.86,0.86,0.86,0.86,0.86,0.84,-1.14,-1.05,0.85,0.86,0.86,0.85,0.86,0.86,0.86,0.86,0.86,0.86,0.86,-1.12,0.83,0.86,0.85,0.86,0.86,0.86,0.85,0.85,0.86,0.84,0.84,0.85,0.86,0.86,0.85,0.86,0.86,0.85,0.86,0.86,0.86,0.86,0.86,-1.14,0.85,0.86,0.86,-1.03,0.86,0.86,0.86,0.86,0.86,0.86,0.86,0.85,0.85,0.84,-1.01,0.86,0.85,0.86,0.83,0.86,0.83,0.86,0.86,0.86,0.86,0.86,0.86,0.86,0.78,0.86,0.86,0.86,0.86,0.86,0.86,0.82,0.86,0.86,0.86,0.86,0.86,0.85,0.86,0.83,0.86,0.86,0.85,0.84,0.85,0.86,0.86,0.86,0.86,0.86,0.86,0.86,0.84,0.86,0.86,0.86,0.86,0.86,0.86,0.86,0.86,0.86,0.86,0.86,0.86,0.76,0.86,-1.03,0.86,0.74,0.86,0.86,0.86,0.86,0.86,-1.1,-1.12,0.86,0.86,0.86,0.83,0.86,0.86,0.86,0.85,0.86,0.86,0.84,0.86,0.86,0.86,0.83,0.86,0.86,0.86,0.83,0.86,0.86,0.86,0.85,0.86,0.86,0.84,0.86,0.86,0.86,0.86,0.84,0.86,0.86,0.86,0.86,0.86,0.86,0.86,0.85,0.86,0.86,0.86,0.86,0.86,0.86,0.86,0.86,0.85,0.86,0.86,0.86,0.86,0.86,0.86,0.86,0.86,-1.01,0.84,0.86,0.84,0.84,0.86,0.85,0.86,0.83,0.85,-1.04,0.84,-1.03,0.86,0.86,0.86,0.86,0.86,-1.05,0.86,0.86,0.86,0.85,0.86,0.86,0.86,0.86,0.86,0.86,0.86,0.85,0.86,0.86,0.86,0.79,0.86,0.86,0.86,-1.0,-1.01,0.84,0.86,0.86,0.86,0.86,0.86,0.74,0.86,0.86,-1.13,0.86,0.86,0.86,0.73,0.86,0.86,0.83,0.86,0.86,0.86,0.86,0.86,0.86,0.86,0.86,0.86,-1.09,0.86,0.85,0.85,0.86,0.86,0.84,0.86,0.86,0.86,0.84,0.86,0.86,0.86,0.86,0.86,0.83,0.84,0.86,0.86,0.86,0.86,0.86,0.86,0.86,0.86,0.86,0.83,0.86,0.86,0.84,0.84,0.86,-1.07,0.86,0.85,0.86,0.84,0.86,0.86,0.86,0.86,0.86,0.86,0.76,0.86,0.81,0.82,0.86,0.86,0.86,0.86,0.86,-1.12,0.86,0.86,0.85,0.83,0.86,0.86,0.86,0.86,0.86,0.85,0.86,0.86,0.86,-1.0,0.86,0.86,0.86,0.86,0.86,0.86,0.86,0.86,0.82,0.86,0.86,0.86,0.86,0.84,0.86,0.86,0.86,0.86,0.86,0.86,0.86,0.85,0.86,0.86,0.86,0.85,0.86,0.86,0.86,0.86,0.86,0.86,0.86,0.86,-1.01,0.84,0.85,0.86,0.86,0.86,0.86,0.86,0.8,0.86,0.86,0.86,0.85,0.86,0.86,0.86,0.86,0.86,0.86,0.86,0.78,0.86,0.86,0.86,0.86,0.86,0.86,0.85,0.86,0.86,0.86,0.86,0.86,-1.09,0.86,0.86,-1.13,-1.07,0.85,0.86,0.86,0.86,0.86,0.86,0.86,0.86,0.86,0.86,0.86,-1.04,-1.06,0.85,0.86,0.86,0.86,0.86,0.85,0.86,0.85,-1.1,0.86,0.86,0.86,0.86,0.86,0.86,0.86,0.86,0.86,0.86,0.84,0.86,0.86,0.86,0.85,0.86,0.86,0.86,0.84,0.86,-1.0,0.86,-1.12,0.84,0.86,0.86,0.86,0.86,0.86,0.84,0.86,0.85,-1.1,0.86,0.86,0.86,0.86,0.85,0.85,0.86,0.86,0.86,0.86,0.86,0.86,0.85,0.84,0.86,-1.04,0.84,0.85,0.86,0.86,0.86,-1.01,0.81,0.85,0.76,0.86,0.86,0.81,0.86,-1.02,0.86,0.85,0.86,0.86,0.86,0.85,0.86,-1.04,0.86,0.86,0.8,0.85,0.84,0.86,0.86,-1.02,-1.12,0.86,0.86,0.86,0.86,0.86,0.86,0.85,0.86,0.84,0.86,0.83,0.7,-1.03,0.86,0.86,0.86,0.86,0.86,0.86,0.84,0.86,-1.04,0.86,-1.09,0.85,0.85,0.86,0.84,0.86,0.86,0.86,0.85,0.86,0.86,0.86,0.84,-1.15,-1.13,0.86,0.86,0.86,0.86,0.86,0.82,0.86,0.86,0.86,0.85,0.86,0.86,0.86,0.86,0.86,0.86,0.84,0.86,0.86,0.86,0.86,0.86,0.86,0.86,0.86,0.86,0.86,0.86,0.86,0.86,0.85,0.85,0.86,0.86,0.85,0.86,0.86,0.86,0.86,0.86,0.86,0.86,0.86,0.86,0.86,0.86,0.86,0.86,-1.0,0.86,0.86,0.86,0.86,0.86,0.86,0.86,-1.01,0.86,0.85,0.86,-1.0,0.85,0.86,0.86,0.86,0.84,0.86,0.86,0.86,0.86,0.86,-1.12,0.83,0.86,0.86,0.85,0.86,0.85,0.86,0.86,0.86,0.86,0.84,-1.02,0.77,0.86,0.86,0.86,0.86,0.86,-1.14,0.86,0.86,0.86,0.86,0.86,0.86,0.86,0.85,0.86,0.86,0.86,0.86,0.84,0.86,0.86,0.77,0.84,0.86,0.86,0.86,0.86,0.86,0.84,0.86,0.86,-1.06,0.86,0.79,0.86,0.86,0.86,0.79,0.86,0.83,-1.06,0.77,0.86,0.86,0.86,0.86,0.86,0.86,0.86,0.86,0.86,0.86,0.85,0.86,-1.14,0.86,0.84,0.86,-1.02,0.84,-1.12,0.86,0.86,-1.14,0.86,0.86,0.86,0.85,0.86,0.86,0.86,0.86,0.86,0.86,0.86,-1.13,0.86,0.86,0.86,0.86,0.86,-1.13,0.86,0.86,-1.1,0.86,0.86,0.86,0.86,0.86,-1.09,0.84,0.84,0.84,0.85,0.86,0.86,0.86,0.85,0.86,-1.03,0.85,0.84,0.85,0.84,0.85,0.85,0.85,0.86,0.85,0.86,0.86,0.86,-1.12,-1.02,0.86,-1.14,0.84,0.82,0.85,0.86,0.86,0.86,0.86,0.86,0.86,0.86,0.86,0.75,0.86,0.86,0.86,0.84,0.83,0.86,0.86,0.86,0.86,0.86,0.86,0.86,0.86,-1.13,0.83,0.84,0.86,0.84,0.86,0.84,0.86,0.86,0.86,0.86,0.86,0.86,0.86,0.86,0.86,0.86,0.86,0.86,-1.13,0.73,0.84,0.85,0.74,0.86,0.85,-1.02,0.86,0.86,0.86,0.86,0.85,0.85,0.86,0.85,0.86,0.86,0.85,0.86,0.84,0.86,0.86,0.86,0.86,0.86,0.86,0.85,0.86,0.86,0.86,0.85,0.86,0.86,0.86,0.86,0.86,0.86,0.86,0.86,0.86,0.86,0.86,0.77,0.86,-1.09,0.86,0.86,0.86,0.86,0.86,0.86,0.86,0.86,0.86,0.86,0.86,0.85,0.86,0.86,0.86,0.86,0.77,0.86,0.86,0.86,0.86,0.86,0.85,0.86,0.86,0.86,0.86,-1.14,0.86,0.86,0.85,0.86,0.86,0.86,0.86,0.86,0.86,0.86,0.86,0.86,0.86,-1.03,0.86,0.86,0.86,0.86,0.86,0.86,0.86,0.86,0.86,0.86,0.86,0.86,0.85,0.86,0.86,0.86,0.82,0.86,0.86,0.86,0.86,0.81,0.85,0.84,0.86,0.75,0.83,0.85,0.85,0.81,0.86,0.86,0.86,0.86,0.86,0.84,0.86,0.86,0.86,0.86,0.85,0.86,0.86,0.86,-1.16,0.86,0.78,0.86,0.84,0.86,-1.03,0.86,0.86,0.86,0.86,0.86,-1.08,-1.05,0.83,0.86,0.86,0.86,0.85,0.86,0.86,0.86,0.86,0.84,0.86,0.86,0.86,0.86,0.86,0.86,0.86,0.86,0.86,0.86,0.86,0.86,0.86,0.85,0.86,0.86,0.86,0.84,0.86,0.86,0.86,0.84,0.86,0.86,0.86,0.86,0.86,-1.15,-1.13,0.84,0.86,0.85,0.86,0.86,0.86,-1.05,0.86,0.86,0.84,0.86,0.85,0.85,0.86,0.85,0.86,0.86,0.85,0.86,0.86,0.69,0.84,0.86,0.86,0.86,0.86,0.86,0.86,0.86,0.86,0.86,0.84,0.86,0.84,0.86,0.86,0.86,0.86,0.84,0.86,-1.16,0.86,0.86,0.84,0.84,0.86,0.86,0.86,0.86,0.86,0.86,0.86,0.86,0.84,0.84,-1.12,0.85,0.84,0.68,0.86,0.86,0.84,0.86,0.71,0.86,0.85,0.83,0.86,0.86,0.86,0.86,0.86,0.86,-1.06,0.86,0.86,0.85,0.86,0.86,0.85,0.86,0.86,0.79,0.86,0.86,0.86,0.86,0.83,0.86,0.86,0.86,0.86,0.86,0.86,0.86,0.86,0.85,0.84,-1.09,0.86,-1.02,-1.09,0.86,0.78,0.81,0.86,0.85,0.86,-1.13,0.86,-1.01,0.86,0.86,0.85,0.83,0.86,0.86,0.86,0.86,0.86,0.86,0.86,0.86,0.86,0.85,0.86,0.86,0.86,0.86,0.86,0.86,0.86,0.86,0.85,0.86,0.86,0.84,0.86,-1.09,0.86,0.86,0.86,-1.04,0.86,0.86,0.83,0.86,0.86,0.86,0.85,0.86,0.8,-1.12,0.86,0.86,0.83,0.86,0.84,0.86,0.76,0.86,0.86,-1.11,0.86,0.82,0.83,0.86,0.86,0.86,0.86,0.86,0.86,0.85,0.86,0.86,0.86,-1.02,0.86,0.86,0.86,0.85,0.86,-1.01,0.86,0.86,0.86,0.86,0.86,0.84,0.86,0.86,0.86,0.84,0.86,0.85,0.84,0.86,0.85,0.86,0.85,0.86,0.85,0.86,0.86,0.86,0.86,0.86,0.69,0.81,0.86,0.86,0.86,0.86,0.86,0.86,0.86,0.86,0.86,-1.02,0.86,0.85,0.84,-1.01,0.84,0.85,0.85,0.86,0.86,0.86,0.86,0.86,0.86,0.86,0.86,0.86,-1.05,0.86,0.86,0.86,0.84,0.86,0.86,0.86,0.86,0.85,0.86,0.86,0.86,0.83,0.86,0.86,-1.08,0.84,-1.1,0.86,0.86,0.86,0.84,0.86,0.86,0.8,0.86,0.7,0.86,0.84,0.85,0.83,0.86,0.86,0.86,0.86,0.86,0.85,0.86,0.85,0.86,-1.13,0.86,0.86,0.86,0.86,0.86,0.85,0.86,0.86,0.85,0.86,-1.12,0.83,0.86,0.86,0.86,-1.02,0.86,0.85,0.86,0.73,-1.13,0.84,0.86,-1.04,0.83,0.86,0.85,0.86,0.86,0.86,0.86,0.86,0.85,0.86,0.86,0.86,0.86,0.86,0.85,0.86,0.86,0.86,0.86,0.86,0.83,0.86,0.86,0.86,0.86,0.83,0.86,0.86,0.86,0.86,0.86,-1.03,0.86,0.86,0.86,0.83,0.86,0.86,0.86,-1.13,0.86,0.86,-1.2,0.86,0.86,0.86,0.86,0.86,0.86,0.86,0.82,0.84,0.86,0.86,0.86,0.86,-1.13,0.86,0.86,0.86,0.86,0.86,0.86,0.85,0.86,0.86,0.86,0.86,0.86,0.85,0.86,0.86,0.86,-1.15,0.86,0.86,0.85,0.86,0.85,0.86,0.86,0.86,0.86,0.86,0.86,-1.14,0.86,0.86,0.86,0.86,0.78,0.86,0.85,0.86,-1.08,-1.13,0.86,0.85,0.84,0.86,0.86,0.86,0.86,0.86,0.74,0.86,0.86,-1.03,0.85,0.86,0.86,0.86,0.86,0.86,0.86,0.86,0.86,-1.13,0.86,0.86,0.86,0.86,0.86,0.85,0.86,0.85,0.86,0.86,0.86,0.85,0.86,0.86,0.86,0.86,0.86,0.86,0.86,0.82,0.86,0.86,0.86,0.86,0.86,0.86,0.86,-1.06,0.86,0.84,0.77,0.84,0.86,0.86,0.86,0.86,0.86,0.86,0.86,-1.06,0.86,0.86,0.86,0.86,0.86,0.86,0.86,0.84,0.86,0.86,0.86,0.86,0.84,0.85,0.86,0.86,0.86,0.77,-1.05,0.86,0.83,0.86,0.86,0.86,0.86,0.79,0.86,0.85,0.86,0.85,0.86,0.86,0.86,0.81,0.86,0.86,0.86,-1.09,0.86,0.86,0.71,0.85,0.86,0.84,0.72,0.86,0.86,-1.02,0.86,0.85,0.86,0.86,0.86,0.86,0.86,0.85,0.83,0.86,0.86,0.86,0.86,0.86,0.86,0.86,0.86,0.86,0.85,0.86,0.86,0.86,0.86,0.86,0.86,0.86,0.86,0.85,0.86,0.86,0.86,0.86,0.86,0.86,0.86,0.86,0.86,0.86,0.86,0.86,0.86,0.86,0.86,0.85,0.86,0.86,0.86,0.86,0.86,0.86,0.74,0.86,0.86,0.85,0.86,0.86,-1.12,0.86,0.86,0.85,0.8,0.84,0.86,0.85,0.86,0.84,0.84,0.75,0.72,0.85,0.85,0.86,0.86,0.86,0.86,0.86,0.86,0.85,0.86,0.85,0.86,0.86,0.86,0.86,-1.13,0.85,0.85,0.86,0.86,0.78,0.86,0.86,0.86,0.86,0.85,0.86,0.86,0.86,0.86,0.86,0.86,0.85,0.86,0.85,0.86,0.86,0.85,0.83,0.86,0.84,0.86,0.84,0.86,0.86,0.86,0.86,0.86,0.86,0.85,0.86,0.86,0.84,0.84,0.86,0.86,-1.08,0.74,-1.0,0.86,0.86,0.86,0.86,0.86,0.86,0.86,0.86,0.86,0.86,0.86,0.84,0.86,0.86,0.86,0.86,0.85,0.86,0.86,0.86,0.86,-1.03,0.86,0.86,0.86,0.64,0.86,0.86,-1.13,0.86,0.85,-1.14,0.86,0.82,0.86,-1.15,0.85,0.84,0.86,0.86,-1.02,0.85,0.85,0.86,0.86,0.84,0.86,0.86,0.86,0.86,0.86,0.86,0.76,-1.03,0.84,0.86,-1.01,0.86,0.86,0.85,0.86,0.86,0.86,-1.18,0.84,0.85,0.86,0.86,0.86,0.85,0.86,0.84,0.86,0.85,0.85,0.85,0.86,0.86,0.86,0.86,0.84,0.86,0.86,0.86,0.86,0.86,-1.13,0.86,0.86,0.73,0.85,0.86,0.86,0.86,0.86,0.72,0.85,0.86,0.86,0.85,0.86,0.86,0.86,0.85,0.79,0.84,0.86,0.86,0.82,0.86,0.86,0.84,0.86,0.86,0.84,0.85,0.86,0.85,0.86,0.86,0.86,0.85,0.86,0.86,0.83,0.86,0.86,0.86,0.86,0.86,0.85,-1.01,0.85,0.85,0.77,0.86,0.86,0.86,0.86,0.84,0.86,0.86,0.85,0.86,0.81,0.86,0.86,0.79,0.86,0.86,0.83,0.86,0.86,0.86,0.86,0.86,0.86,-1.1,0.82,0.86,0.86,0.85,0.85,0.85,0.86,0.72,-1.01,0.84,-1.02,0.86,0.85,0.85,0.85,0.86,0.77,0.83,0.86,0.71,0.86,0.86,0.84,0.85,0.72,0.86,-1.0,0.86,0.85,0.86,0.86,0.86,0.86,0.85,0.84,0.83,0.86,0.86,0.86,0.86,0.83,0.86,0.86,0.86,0.86,0.86,0.86,0.86,0.86,0.86,-1.04,0.86,0.85,0.86,0.86,0.86,0.85,0.68,0.86,0.86,0.86,0.82,-1.02,0.84,0.86,0.86,0.86,0.86,0.85,0.7,-1.12,0.86,0.83,0.85,0.84,0.86,0.84,0.86,0.86,0.85,0.69,0.86,0.84,0.85,0.85,0.86,0.86,0.86,0.86,0.84,0.74,0.86,0.86,0.85,0.81,0.84,0.86,0.85,0.86,0.86,0.86,0.86,0.86,0.81,0.86,0.84,0.86,0.85,0.84,0.85,0.86,0.86,0.86,0.86,0.86,0.86,0.86,-1.14,0.86,0.84,0.85,0.85,0.85,0.86,0.85,0.86,0.77,0.86,0.8,0.84,0.86,0.85,0.86,0.85,-1.07,0.86,-1.13,0.86,0.86,0.86,-1.03,0.86,0.86,0.85,0.86,0.86,0.86,0.86,0.86,0.86,0.86,0.86,0.84,0.84,0.85,0.84,0.86,0.86,0.86,0.86,0.86,0.86,0.86,0.86,0.86,0.86,0.86,0.86,0.86,0.86,0.86,0.86,0.84,0.86,0.86,0.86,0.86,0.85,0.86,0.86,0.82,0.86,-1.02,0.86,0.86,0.86,0.86,0.86,0.85,0.86,0.85,0.86,0.86,-1.12,0.84,0.77,0.86,0.85,0.86,0.86,0.84,0.86,0.86,0.86,0.84
0.71,0.74,-1.03,0.83,-1.11,-1.05,-1.03,0.85,0.84,-1.08,-1.04,-1.03,-1.28,0.72,-1.29,-1.08,0.82,0.7,-1.16,-1.09,-1.11,0.86,0.72,0.82,-1.03,-1.11,0.81,-1.15,0.84,-1.05,0.84,-1.2,0.86,0.84,0.83,0.77,0.86,0.86,0.82,0.82,0.78,0.86,0.71,0.86,-1.08,0.86,0.86,0.83,0.86,-1.06,0.84,0.86,0.86,0.85,0.82,0.84,0.86,0.86,0.86,0.86,0.85,0.86,0.81,0.84,0.86,-1.03,0.85,0.86,0.86,0.86,0.86,-1.13,0.86,0.86,0.86,0.86,0.86,0.76,0.86,0.85,0.86,0.86,0.86,0.83,0.86,0.85,0.85,0.86,0.86,0.86,0.86,-1.11,0.86,0.85,0.86,0.85,0.86,0.86,0.86,0.85,0.85,0.86,0.86,0.8,0.86,0.86,0.86,0.86,0.86,0.86,0.86,0.86,-1.08,0.86,0.85,0.86,0.86,0.85,0.86,-1.07,0.86,0.84,0.85,0.86,0.86,0.75,0.86,0.86,0.85,0.84,0.86,0.86,0.86,0.84,0.86,0.86,0.86,0.84,0.86,0.86,0.86,0.86,0.86,0.86,0.86,0.86,0.86,0.86,0.86,0.86,0.86,0.86,0.86,0.86,0.86,0.84,0.84,0.84,0.86,0.86,0.86,0.86,-1.12,0.86,0.86,0.86,0.86,-1.02,0.85,0.86,0.86,0.86,0.86,0.86,0.86,-1.13,0.86,0.86,0.85,0.86,0.86,0.86,0.86,0.86,0.86,0.86,-1.1,0.86,0.86,0.86,0.86,0.86,0.86,0.84,0.86,0.86,0.86,0.86,0.85,0.86,-1.07,0.86,-1.11,0.86,0.84,0.86,0.86,0.86,0.84,0.86,0.86,0.84,0.86,0.86,0.85,0.86,0.74,0.86,0.86,0.86,-1.02,0.77,0.81,0.86,0.86,0.86,0.86,0.86,0.86,-1.13,0.84,0.86,0.86,0.71,0.86,0.86,0.86,0.85,0.73,0.86,0.86,0.86,0.86,-1.03,0.86,0.86,0.86,0.86,0.86,0.86,0.85,0.86,0.85,-1.12,0.86,0.86,-1.02,0.86,0.86,0.86,0.86,0.86,0.86,0.84,0.86,0.86,0.86,0.86,0.86,0.86,0.84,0.84,0.86,0.71,0.86,0.86,0.86,0.86,0.79,0.86,0.86,-1.02,-1.22,0.86,0.86,0.83,0.86,0.86,0.85,0.86,0.86,0.86,0.86,0.86,0.84,-1.07,0.86,0.86,0.8,0.86,0.86,0.86,0.86,0.86,0.86,0.8,0.86,0.86,0.86,-1.08,0.85,0.86,0.86,0.86,0.86,0.86,0.8,0.86,0.85,0.86,0.86,0.85,0.86,0.85,0.86,0.86,0.86,0.86,0.86,0.86,0.86,0.86,0.86,0.86,0.84,-1.13,0.86,0.86,0.86,0.86,0.85,0.78,0.86,0.86,0.86,0.84,0.86,0.86,0.86,0.86,0.86,0.85,0.86,0.86,0.86,0.86,0.86,0.86,0.82,0.86,-1.03,0.86,0.86,-1.03,0.85,0.86,0.86,0.86,0.86,0.86,0.85,0.86,0.86,0.86,0.81,0.86,0.86,0.86,-1.13,0.86,0.86,0.86,0.86,0.86,0.86,0.86,0.86,0.86,0.86,0.86,0.86,0.86,0.86,0.86,0.86,0.86,0.84,0.84,0.84,0.86,0.86,0.86,0.86,0.86,0.86,0.85,0.8,0.86,0.85,0.85,0.85,0.86,0.86,0.82,0.85,0.86,0.86,0.85,0.86,0.86,0.86,0.85,0.86,0.86,0.86,0.86,0.84,0.86,0.84,0.86,0.86,0.84,0.86,0.86,0.86,0.86,0.86,0.85,0.86,-1.09,0.86,0.86,0.75,0.86,0.86,0.86,0.86,0.86,0.86,0.86,0.86,0.85,0.86,0.79,0.86,0.86,0.86,0.86,0.86,0.86,0.86,0.85,0.86,0.72,-1.07,0.86,0.86,0.85,0.86,0.86,0.85,0.86,0.86,0.86,0.86,0.86,0.85,0.86,0.85,0.71,0.86,0.82,0.86,0.86,0.86,0.86,0.86,-1.14,0.86,0.86,0.86,0.86,0.86,0.86,0.86,0.83,0.86,-1.08,0.86,0.84,0.86,0.86,0.86,0.86,0.86,0.86,0.86,0.85,0.86,0.86,0.86,0.83,0.85,-1.02,0.86,0.86,0.86,0.72,0.86,0.86,0.86,0.86,-1.08,0.86,0.86,0.86,0.86,0.86,0.86,0.86,0.86,0.86,0.86,0.86,0.86,0.86,0.86,0.85,0.85,0.86,0.86,0.86,0.86,0.86,0.84,0.86,0.84,0.86,0.86,0.85,0.86,0.86,-1.17,0.86,-1.03,0.86,0.85,0.86,0.86,-1.11,0.86,0.86,-1.06,0.85,0.86,-1.01,0.86,0.86,0.86,0.86,0.86,0.86,0.86,0.85,0.86,0.86,0.86,0.84,0.86,0.86,0.86,0.86,0.86,0.86,0.85,0.86,0.86,0.79,0.86,0.86,0.82,0.85,0.86,0.86,0.8,0.86,0.86,0.86,0.85,0.86,0.86,0.86,0.86,0.86,0.86,0.86,0.86,0.86,0.86,0.86,0.86,0.86,0.86,0.86,0.86,0.86,0.86,0.86,0.86,-1.08,0.86,0.85,0.86,0.86,0.86,0.86,-1.08,0.86,0.85,0.86,0.86,0.86,-1.07,0.86,0.86,0.86,0.85,0.86,0.86,0.85,-1.13,0.86,0.86,0.86,0.86,0.86,0.86,0.84,0.86,0.85,0.74,0.84,0.71,0.83,0.86,0.86,0.86,0.86,0.86,0.86,0.86,0.86,0.86,0.85,-1.01,0.86,0.63,0.8,0.86,0.76,0.86,-1.04,0.86,0.86,0.86,0.85,0.86,0.86,0.86,0.86,0.86,0.86,0.86,0.86,0.86,0.86,-1.03,0.85,0.81,0.84,0.85,0.85,0.86,0.86,0.85,0.86,0.85,0.86,0.86,0.86,0.86,0.86,0.86,0.86,0.86,0.86,0.86,0.86,0.86,0.86,0.84,0.86,0.86,0.86,0.86,0.86,-1.03,0.86,-1.01,-1.06,0.86,0.84,0.86,0.86,0.86,0.86,0.86,0.79,0.86,0.86,0.86,0.86,0.86,0.82,0.86,0.86,0.86,0.86,0.86,-1.0,0.86,0.86,0.86,0.86,0.85,0.86,0.86,0.86,0.86,0.86,0.84,0.86,0.86,0.86,0.82,0.86,0.84,0.86,0.86,0.85,0.86,0.86,0.86,0.86,0.86,0.86,0.86,0.86,0.86,0.86,0.84,0.86,-1.03,0.86,0.85,0.86,0.86,0.86,0.86,-1.13,0.86,0.86,0.84,0.85,0.86,0.84,0.84,0.86,0.86,0.86,0.86,0.86,0.86,0.86,0.86,0.86,0.86,0.86,0.85,0.85,-1.15,0.86,0.86,0.84,0.86,0.84,0.86,0.86,0.85,0.84,0.86,0.86,0.86,0.86,0.84,0.85,0.86,0.86,0.86,0.86,0.86,0.86,0.86,0.86,-1.05,0.86,0.86,0.86,0.85,0.86,-1.08,0.86,0.85,0.85,0.86,-1.04,-1.01,0.84,0.75,0.86,0.86,0.86,0.82,0.86,0.86,0.86,-1.03,0.86,0.86,-1.05,0.86,0.86,0.85,0.86,0.86,0.86,0.86,-1.04,0.86,0.86,0.86,0.84,0.86,0.86,0.86,0.86,0.76,0.84,0.86,-1.09,0.86,0.86,0.85,0.86,0.84,0.86,0.86,0.86,0.85,0.86,0.86,0.86,0.86,0.84,0.85,0.84,0.86,0.86,0.86,0.86,0.86,0.83,0.86,0.86,0.86,0.86,0.86,0.86,0.86,0.86,0.86,0.86,0.84,0.86,0.86,0.72,0.85,0.86,0.86,0.86,0.86,0.86,0.86,0.86,0.86,-1.09,0.86,0.86,0.86,0.86,0.86,0.86,0.86,-1.06,0.86,0.86,0.86,0.84,0.86,0.86,0.86,0.86,0.85,0.86,0.85,0.86,0.86,0.86,0.86,0.86,0.86,0.85,0.86,0.86,0.86,0.86,0.85,0.86,0.86,0.86,0.85,0.74,-1.14,0.86,0.86,0.86,0.86,0.86,0.86,0.86,0.86,0.86,0.85,0.86,0.85,0.86,0.86,0.86,0.86,0.86,0.86,-1.12,0.86,0.86,0.86,-1.05,0.86,0.84,-1.08,0.86,0.85,0.86,0.85,0.71,0.86,0.86,0.83,0.85,0.86,0.84,0.85,0.71,0.86,0.85,0.86,0.86,0.72,0.86,0.81,0.72,0.86,0.86,0.85,0.86,0.86,0.68,0.86,0.86,-1.02,0.86,0.85,0.86,0.86,-1.13,0.86,0.84,0.86,0.86,0.86,0.86,0.86,0.86,0.86,0.86,0.86,0.86,0.86,0.86,0.86,0.86,0.86,0.86,0.86,0.86,0.86,0.86,-1.02,0.71,0.86,0.86,0.86,-1.01,0.86,0.86,0.84,0.86,0.86,0.86,0.86,0.86,0.86,0.86,0.86,0.83,0.84,0.86,0.86,0.86,0.86,0.86,0.85,0.68,0.85,0.86,0.86,0.86,-1.09,0.84,0.85,0.86,0.85,0.86,0.84,0.8,0.75,0.86,0.86,0.86,0.78,0.86,-1.05,0.82,0.71,0.86,0.84,0.86,0.86,0.86,0.86,0.86,0.86,0.86,0.86,0.86,0.86,0.84,0.86,0.85,0.79,0.86,0.86,-1.06,0.85,0.84,0.84,0.86,0.86,0.86,0.86,-1.11,0.86,0.84,0.85,0.86,0.86,0.86,-1.07,0.78,0.85,0.86,0.85,0.86,0.86,0.83,0.86,0.86,0.86,0.86,0.85,0.86,0.86,0.86,0.86,0.86,-1.01,0.86,0.86,0.86,0.86,0.86,0.86,-1.12,0.85,0.86,0.86,0.86,0.86,0.85,-1.09,0.86,0.86,0.86,0.86,0.86,0.86,0.86,0.86,0.84,0.86,0.85,0.86,0.86,0.86,0.86,0.86,0.85,0.86,0.84,0.86,0.86,0.86,0.86,-1.02,0.85,0.84,0.86,0.86,-1.08,0.84,0.86,0.78,-1.12,0.85,0.86,0.84,0.86,0.86,0.85,0.86,0.86,0.86,0.86,0.86,0.86,0.86,0.86,0.86,0.84,0.86,0.84,0.86,-1.01,0.86,0.86,0.86,0.85,0.86,0.86,0.86,0.86,0.84,0.86,0.86,0.86,0.86,0.86,0.86,0.85,0.86,0.86,0.85,0.86,0.86,0.86,0.86,0.86,-1.05,0.86,0.86,0.86,0.86,0.73,0.86,0.86,0.86,0.86,0.86,0.86,0.84,0.86,0.86,0.73,0.85,0.86,0.86,0.86,0.86,0.86,0.85,0.86,0.85,0.84,0.75,0.86,0.86,0.86,0.86,0.86,0.86,0.86,0.86,0.86,-1.08,0.86,0.86,0.86,0.86,0.86,0.86,0.86,0.84,0.86,0.86,0.86,0.86,0.86,0.86,0.86,0.86,0.86,0.84,0.86,0.86,0.86,0.86,0.86,0.83,0.86,0.86,0.84,0.86,0.86,0.86,0.86,0.86,0.86,0.86,0.85,0.85,0.86,0.86,0.85,0.86,0.86,0.82,0.84,0.86,0.86,0.86,0.86,0.86,0.86,0.86,-1.12,0.85,0.86,0.8,0.86,0.85,0.86,0.85,0.86,0.86,0.86,0.83,-1.07,-1.11,0.85,0.86,0.83,-1.1,0.84,0.86,0.86,0.83,0.84,0.86,0.86,0.86,0.86,0.86,0.84,0.86,0.86,0.86,0.86,-1.14,0.86,0.86,0.86,0.86,0.86,0.86,0.85,0.86,-1.01,0.85,0.83,0.86,0.86,0.86,0.86,0.86,0.86,0.86,0.85,0.85,0.81,0.84,0.85,0.86,0.82,0.86,0.86,0.86,0.85,0.86,0.86,0.86,0.86,0.86,0.86,0.85,-1.02,0.85,0.86,0.86,0.86,0.86,0.79,0.86,0.86,0.85,0.86,0.86,0.86,0.86,0.86,0.86,0.85,0.84,0.85,0.86,0.85,0.86,0.86,0.86,0.85,0.85,0.86,0.86,0.86,0.86,0.86,-1.02,0.86,0.86,0.86,-1.02,0.86,0.86,0.86,0.84,-1.0,0.86,0.77,0.86,0.86,0.86,0.86,0.86,0.86,0.86,0.86,0.86,0.86,0.86,0.86,0.85,0.84,0.86,0.84,0.86,0.72,0.86,0.86,0.86,0.86,0.86,0.86,0.84,0.86,0.86,0.86,0.86,0.86,0.86,0.84,0.85,0.86,0.85,0.86,0.8,0.86,0.86,0.86,0.86,0.81,0.86,0.86,0.86,0.84,0.86,-1.09,0.85,0.86,0.86,0.86,0.86,0.86,0.86,-1.12,0.84,0.86,0.86,0.86,0.86,-1.07,0.86,0.86,0.86,0.86,0.86,0.86,0.86,0.86,0.86,-1.12,0.86,0.86,0.86,0.84,0.86,0.86,-1.04,0.86,0.86,0.86,0.86,0.86,0.86,0.86,0.86,0.86,0.86,0.86,0.86,0.86,0.86,0.86,0.84,0.86,0.86,0.86,0.79,0.86,-1.13,0.86,0.86,0.86,0.86,0.86,0.86,0.84,0.86,0.85,0.86,0.86,0.86,0.86,0.86,0.85,0.86,0.85,0.86,0.86,0.86,-1.03,0.86,0.86,0.86,0.84,0.86,0.86,0.86,0.86,0.86,0.86,0.85,-1.15,0.83,0.86,0.86,0.86,-1.1,0.86,0.86,0.86,0.84,0.86,0.86,0.86,0.86,0.86,0.86,0.86,0.84,0.86,0.86,0.86,0.86,0.86,0.76,0.75,0.85,0.86,0.85,0.86,0.84,-1.04,0.86,0.82,0.86,0.85,0.86,0.86,-1.03,-1.0,0.85,0.84,0.85,0.86,0.85,0.86,-1.14,0.86,0.86,0.86,-1.13,0.86,0.86,0.84,0.86,-1.06,0.84,0.86,0.85,0.85,0.86,0.86,0.73,0.86,0.86,0.86,0.86,0.86,0.86,0.85,0.86,0.86,-1.06,-1.13,0.86,0.86,0.86,0.86,0.84,-1.07,0.85,0.86,0.85,0.86,0.86,0.73,0.84,0.86,-1.09,0.86,-1.11,0.86,0.81,0.86,0.85,0.85,0.85,0.86,0.86,0.86,0.85,0.86,0.86,0.86,0.86,0.86,0.85,0.86,0.86,0.86,0.86,0.86,0.7,0.86,0.86,0.86,0.86,-1.1,0.86,0.86,0.78,0.86,-1.02,0.84,0.86,0.85,0.86,0.84,-1.02,0.85,0.85,0.86,0.86,0.86,-1.09,0.75,0.86,0.86,0.86,0.86,0.86,0.86,0.86,0.86,0.86,0.86,-1.13,0.86,0.86,0.85,-1.02,0.78,0.85,0.86,0.86,0.86,0.86,0.86,0.86,0.86,0.86,0.86,0.76,0.6,0.86,0.86,0.85,0.86,0.86,0.86,0.86,0.86,0.83,0.86,0.86,0.86,0.86,0.86,0.86,-1.13,0.86,0.86,0.86,0.86,-1.1,0.85,0.86,0.86,0.79,0.86,0.86,0.86,0.86,0.85,0.84,-1.11,0.86,0.86,0.86,0.86,-1.05,0.85,0.85,0.86,0.85,0.86,0.74,0.86,0.86,0.86,0.86,0.85,0.86,0.86,0.86,0.86,0.86,0.86,0.86,0.86,0.86,0.86,0.86,0.86,0.86,0.86,0.84,0.86,0.86,0.86,-1.12,0.86,-1.02,0.85,0.86,0.86,0.83,0.86,0.83,0.84,0.86,0.85,0.86,0.86,0.86,0.85,0.86,0.68,0.86,-1.11,0.86,0.86,0.86,0.86,0.86,0.86,0.86,-1.08,0.86,0.86,0.86,0.86,0.86,-1.06,0.85,0.86,0.86,0.85,0.85,0.86,0.86,-1.02,0.86,0.86,0.83,0.83,0.86,0.86,0.85,0.86,0.86,0.86,0.86,0.86,0.84,0.86,0.86,0.84,0.86,0.86,0.86,0.86,0.85,0.86,-1.07,0.85,-1.07,0.86,0.86,0.86,0.86,0.85,0.86,-1.12,0.86,0.85,0.78,0.86,0.85,0.86,0.86,0.86,0.86,0.85,0.86,0.86,0.86,0.85,0.86,0.84,0.86,0.86,0.86,0.86,0.86,0.86,0.86,0.86,0.86,0.85,0.82,-1.07,-1.12,-1.13,0.83,0.84,0.85,0.72,0.86,0.86,0.86,0.86,0.86,-1.05,0.85,0.81,0.85,0.86,0.84,0.86,0.86,0.84,0.85,0.7,0.85,0.86,0.85,0.85,0.86,0.86,0.86,0.86,0.86,0.86,0.86,0.86,0.86,0.78,0.86,0.86,0.86,0.86,0.86,0.86,0.86,0.86,0.86,0.85,0.86,0.86,0.86,0.86,-1.11,0.83,0.86,0.86,0.86,0.86,0.86,0.86,0.86,0.86,0.86,-1.01,0.85,0.85,0.86,-1.02,0.86,0.85,0.86,0.86,0.86,0.85,0.86,0.86,-1.13,0.86,0.84,0.84,0.86,0.86,-1.0,0.86,0.86,0.82,0.86,0.86,0.86,0.86,0.85,0.86,0.86,0.85,0.86,0.86,0.84,0.73,0.86,0.86,0.84,0.86,-1.02,0.86,0.84,0.86,0.86,0.86,0.86,0.86,0.86,0.86,0.86,0.86,0.86,0.86,0.86,-1.02,0.84,-1.13,0.85,0.86,0.86,-1.09,0.86,0.86,0.86,0.86,0.86,0.86,0.84,-1.24,0.85,0.84,0.84,-1.02,0.86,0.86,0.86,0.86,0.85,0.86,0.86,-1.0,0.86,0.85,0.86,0.86,0.86,0.86,0.86,0.84,0.86,0.86,0.86,0.86,0.86,0.86,0.86,0.85,0.86,-1.13,0.86,0.85,0.86,-1.12,0.78,0.84,0.84,0.86,0.86,0.86,0.86,0.86,0.86,0.86,0.86,0.86,0.86,0.86,0.86,0.84,0.86,0.86,0.86,0.86,0.86,0.86,0.86,0.86,-1.03,0.86,0.83,0.84,0.86,0.86,0.86,0.86,0.85,0.86,0.86,0.86,0.85,0.86,0.86,0.86,0.86,0.86,-1.02,0.86,0.85,0.86,0.86,0.86,0.86,0.8,0.86,0.86,0.84,0.85,0.85,0.86,0.85,0.86,0.83,0.86,0.86,0.86,0.76,-1.06,-1.12,0.85,0.86,0.84,0.86,0.86,0.85,0.84,0.86,0.86,0.86,0.86,0.84,0.86,-1.01,0.84,0.86,0.86,0.86,0.86,0.86,0.86,0.77,0.86,0.86,0.7,-1.09,0.84,0.84,0.86,0.86,0.81,0.86,0.86,0.86,0.86,0.86,0.86,-1.03,0.86,0.86,0.86,0.86,0.86,0.86,0.86,0.86,0.85,0.86,0.86,0.86,0.86,0.84,0.86,0.85,0.77,0.86,0.86,0.86,0.86,0.86,0.86,0.86,0.84,0.86,0.72,0.84,0.86,0.86,0.86,-1.04,0.84,0.78,0.86,0.86,0.86,0.86,-1.01,0.85,0.86,0.85,0.86,0.86,-1.01,0.85,0.85,0.85,0.85,-1.02,0.86,0.84,0.85,0.84,0.86,0.86,0.86,0.86,0.86,0.86,0.86,0.86,0.86,0.85,0.86,0.86,0.86,0.85,-1.03,0.86,0.86,0.86,0.86,0.86,0.86,0.86,0.86,0.86,0.86,0.86,0.86,0.86,-1.1,0.86,0.86,-1.06,0.86,0.86,0.86,0.86,0.86,0.86,0.85,0.84,0.86,0.86,0.86,0.86,0.86,0.86,0.86,0.86,0.76,0.86,0.86,0.86,0.86,0.85,0.84,0.86,0.86,0.76,0.86,0.86,0.86,-1.1,0.86,0.86,0.86,0.86,0.86,0.8,0.86,0.85,0.86,0.86,0.86,0.86,0.86,0.86,0.84,0.86,-1.07,0.86,0.85,-1.04,-1.0,-1.05,0.84,-1.14,0.86,0.85,0.85,0.86,0.86,0.85,0.84,-1.0,0.86,-1.0,0.86,0.68,0.86,0.86,0.86,0.86,-1.05,0.85,0.82,0.84,0.71,0.86,0.86,0.86,0.85,0.85,0.86,0.86,0.85,0.86,0.84,-1.08,0.86,0.86,0.86,0.85,0.86,0.86,0.86,0.86,0.86,0.86,0.85,0.86,0.86,0.86,0.84,0.86,0.86,0.86,0.85,0.86,0.86,0.86,0.86,0.85,0.86,0.86,0.86,0.86,0.86,0.86,0.86,0.86,0.86,0.86,0.84,0.86,0.86,0.86,0.73,0.86,0.86,0.76,0.86,0.86,0.86,0.82,0.86,0.86,0.86,0.83,0.86,0.86,0.81,0.85,0.86,0.86,0.86,0.86,0.86,0.86,0.86,0.86,0.86,0.86,0.86,0.86,0.85,0.85,0.86,0.86,0.86,0.86,0.86,0.86,0.85,0.86,0.86,0.86,0.86,0.86,0.84,0.86,0.86,0.86,0.86,0.86,0.86,0.86,0.86,0.86,0.86,0.86,0.84,0.86,0.86,0.86,0.86,0.86,0.86,0.86,0.86,0.86,0.84,0.86,-1.04,0.85,0.85,0.86,0.84,-1.06,0.84,0.86,0.86,0.86,0.86,0.84,0.86,0.86,0.86,0.86,0.86,0.86,0.86,-1.03,0.86,0.83,-1.13,0.86,0.86,0.86,0.72,-1.05,0.85,0.86,0.86,-1.05,0.84,0.86,0.86,0.86,0.86,0.86,0.84,0.86,0.86,0.86,0.86,0.86,0.86,0.84,0.86,0.86,0.86,0.86,0.86,0.86,0.86,0.83,0.86,0.86,0.86,0.86,0.86,0.86,0.86,0.85,0.85,0.86,0.84,0.7,0.86,0.86,0.86,0.86,0.86,0.86,0.84,0.86,0.81,0.86,0.86,0.86,0.85,0.86,0.86,0.86,0.86,0.86,0.86,0.86,0.86,0.86,0.86,0.86,0.86,0.84,0.86,0.85,0.86,0.86,0.86,0.84,0.86,0.86,0.86,0.86,0.86,0.86,0.86,0.86,0.86,0.86,0.86,0.85,0.86,0.86,0.86,-1.01,0.85,-1.12,0.86,0.86,-1.04,0.86,0.86,0.84,0.84,0.85,0.86,0.86,0.86,0.86,0.86,0.86,0.86,0.84,0.86,0.86,0.86,0.86,0.86,0.86,0.86,0.86,0.86,0.86,0.86,0.83,0.85,0.86,0.86,0.83,-1.04,0.86,0.81,0.86,0.86,0.86,0.86,0.86,0.86,0.86,0.82,0.86,0.85,0.86,0.78,0.86,0.86,0.86,0.86,0.71,0.86,0.86,0.86,-1.11,0.86,0.86,-1.12,0.85,0.85,0.85,0.84,0.86,0.86,0.85,0.86,0.86,0.83,0.85,0.69,0.86,0.86,0.86,0.85,0.84,0.86,0.84,0.83,0.85,0.85,-1.13,0.86,0.86,0.85,0.86,0.86,0.86,0.86,0.86,0.86,0.86,0.86,0.61,0.86,0.86,0.85,-1.07,0.85,0.86,0.86,0.86,0.86,0.86,0.86,0.85,0.86,0.77,0.86,0.86,0.86,0.86,0.86,0.84,0.84,0.86,0.86,0.86,0.81,0.86,0.86,0.84,0.86,0.85,0.86,0.84,0.86,-1.14,0.86,0.86,0.86,0.85,-1.14,0.86,0.86,0.78,0.77,0.86,0.86,0.86,0.86,0.86,0.86,0.86,0.85,0.86,0.86,0.86,0.86,0.86,0.86,0.85,0.86,0.86,0.86,0.84,0.86,0.85,0.85,0.86,0.86,0.86,0.86,0.86,0.84,-1.03,0.85,0.85,-1.12,0.84,0.86,0.84,0.86,0.86,0.86,0.86,0.86,0.86,0.86,-1.11,0.86,0.85,0.86,0.86,0.86,0.86,-1.14,0.86,0.82,0.7,0.8,-1.15,-1.01,0.85,0.86,0.84,0.86,0.85,0.86,0.85,0.86,0.85,0.86,0.71,0.84,0.86,0.84,0.86,0.86,0.86,0.84,0.86,0.85,0.86,0.86,0.86,0.86,0.86,-1.1,0.86,0.86,0.86,0.83,0.86,0.85,0.86,0.86,0.86,-1.15,0.86,0.86,0.86,0.74,0.86,0.85,0.86,0.86,0.86,0.86,0.84,0.86,0.86,0.86,0.86,-1.04,0.76,0.85,0.86,0.86,0.86,0.86,0.86,0.86,0.85,0.86,0.85,0.86,0.86,0.86,0.86,0.86,0.83,0.84,0.86,0.86,0.86,0.76,-1.11,0.84,0.86,0.85,-1.13,0.86,0.86,-1.02,-1.01,0.86,0.86,0.85,0.86,-1.12,0.86,0.86,0.86,0.86,0.86,0.84,0.86,0.86,0.84,0.86,0.86,0.86,0.86,0.86,0.86,0.85,0.86,0.83,0.86,0.85,0.86,0.86,0.86,0.86,0.86,0.86,0.86,0.85,0.86,0.85,0.86,0.86,-1.13,0.86,-1.27,0.8,0.86,0.86,0.86,0.86,0.86,0.85,0.86,0.86,0.86,0.86,0.86,0.86,0.86,0.86,0.86,0.85,0.86,0.86,0.86,0.86,0.84,0.86,-1.08,0.85,-1.12,0.85,-1.03,0.85,0.86,0.86,0.84,0.84,0.86,0.84,0.86,0.86,0.86,0.86,0.86,0.86,0.86,0.86,0.86,0.86,0.86,0.75,0.85,0.86,0.86,0.85,0.86,0.77,0.84,-1.24,0.8,0.86,0.86,0.86,0.86,0.86,0.86,0.86,0.86,0.86,0.85,0.84,0.86,0.86,-1.2,0.85,0.85,0.86,0.86,0.86,0.86,0.86,0.85,0.84,0.86,0.86,0.86,0.86,0.86,0.83,0.86,0.86,0.86,0.85,0.86,0.86,0.86,-1.05,0.84,0.86,0.86,0.74,0.84,0.86,0.86,0.86,0.86,0.85,0.86,0.86,0.86,0.86,0.86,0.86,-1.13,0.84,0.86,0.86,0.86,0.84,0.86,0.86,0.67,0.86,0.86,0.86,0.86,-1.13,0.84,-1.14,-1.13,0.86,0.86,0.78,0.86,0.86,0.83,0.86,0.85,0.85
0.68,-1.16,0.73,0.8,-1.11,0.85,-1.16,0.84,-1.03,-1.02,-1.02,-1.22,-1.07,0.84,-1.02,0.81,0.82,-1.11,0.85,0.75,-1.2,0.74,0.86,-1.04,0.81,-1.02,0.77,-1.1,0.82,-1.03,0.72,0.69,0.83,0.84,0.84,0.86,0.86,0.85,0.84,0.86,0.83,0.71,0.86,-1.1,0.83,0.84,0.83,0.86,0.78,0.82,0.86,-1.01,0.72,0.85,0.61,0.86,0.86,0.86,0.86,-1.0,0.86,0.84,0.86,0.86,0.86,0.85,0.86,0.86,0.86,0.86,0.83,0.86,-1.02,0.86,0.86,0.86,0.86,0.86,0.86,0.86,0.86,0.86,0.86,0.86,0.71,-1.1,0.86,0.86,0.86,-1.05,0.85,0.86,0.86,0.86,0.86,-1.02,0.86,0.82,0.86,0.86,0.86,0.86,0.86,0.86,0.86,0.84,0.85,0.86,0.86,0.73,0.85,0.79,-1.1,-1.16,0.86,0.86,0.86,0.86,0.86,0.86,0.86,0.86,0.86,0.86,0.81,-1.13,0.86,0.86,0.86,0.85,0.86,0.77,0.86,0.86,0.84,0.86,0.86,0.86,0.86,0.83,0.86,0.86,0.78,-1.06,0.85,-1.02,0.86,-1.13,0.84,0.84,0.86,0.86,0.86,0.86,0.74,0.86,-1.03,0.86,0.83,0.83,0.86,0.86,0.86,0.84,0.86,0.86,0.86,0.86,0.85,0.86,0.86,0.73,0.84,0.86,0.86,-1.12,0.86,0.86,0.85,0.86,0.84,0.86,0.86,0.85,0.86,0.86,0.86,0.86,0.86,0.86,-1.04,0.86,0.85,0.86,0.86,0.81,0.86,0.86,0.86,0.86,0.75,0.86,0.86,0.86,0.85,0.86,0.86,-1.02,0.86,0.86,0.86,0.84,0.86,0.86,0.86,0.86,0.86,0.86,0.85,0.85,0.86,0.86,0.86,0.86,0.86,0.86,0.86,0.86,0.86,0.86,0.86,0.86,0.86,0.84,0.86,0.86,0.86,0.86,0.84,0.85,0.85,0.86,-1.16,0.85,0.86,-1.03,0.85,0.86,0.86,0.79,0.86,0.86,0.85,0.86,0.86,0.84,0.76,0.86,0.85,0.86,0.86,0.86,0.86,0.86,0.86,0.86,0.86,0.86,0.86,0.86,0.86,0.69,0.85,0.86,0.86,0.86,0.86,0.86,0.86,0.85,0.86,0.8,0.86,-1.11,0.86,0.86,0.83,0.73,0.86,0.86,0.86,0.86,0.86,0.85,0.71,0.86,0.86,0.86,0.86,0.86,0.86,0.86,0.86,0.86,0.86,0.86,0.86,-1.12,0.86,0.85,0.86,0.86,0.86,0.86,0.86,0.84,0.86,0.86,0.83,0.86,0.86,0.83,0.86,0.86,0.86,0.85,0.86,0.86,0.86,0.85,0.86,0.86,-1.11,-1.05,0.86,0.86,0.86,0.85,0.86,0.86,0.86,0.86,0.86,0.86,0.86,0.86,0.86,0.86,0.86,0.86,0.85,0.86,0.85,0.84,-1.04,-1.09,0.86,0.86,0.86,0.86,-1.12,0.83,0.84,0.86,0.85,-1.06,0.78,0.86,0.86,0.85,0.84,0.86,0.86,0.85,0.75,0.86,0.86,0.86,0.86,0.86,0.86,0.86,0.85,0.86,0.86,0.86,0.86,0.86,0.86,0.86,-1.02,0.86,0.83,0.85,0.86,0.86,0.84,0.85,0.86,0.86,0.84,0.86,0.86,0.86,0.86,0.86,0.86,0.86,0.85,0.86,0.86,0.85,0.86,0.86,0.86,-1.03,0.85,0.86,-1.11,0.86,0.86,0.86,-1.1,0.84,0.86,0.86,0.86,0.85,0.86,0.86,0.86,0.86,0.86,0.86,0.86,0.86,0.86,0.77,0.86,0.86,0.86,0.86,0.84,0.86,0.86,0.86,0.86,0.79,0.86,0.86,0.86,0.86,0.86,0.84,0.86,0.85,0.86,0.86,0.86,0.86,0.86,0.86,0.86,0.86,0.86,0.86,0.86,0.86,0.86,0.86,0.86,0.86,0.86,0.86,0.86,-1.13,0.86,0.86,0.85,0.86,0.86,0.86,0.86,0.84,0.86,0.86,0.86,-1.05,0.86,0.86,0.84,0.86,0.86,0.86,0.86,0.86,0.86,0.86,0.86,0.86,0.84,0.86,-1.0,0.85,0.86,0.86,0.86,0.86,0.86,0.86,0.86,0.85,0.86,0.85,0.84,0.84,0.84,0.86,0.86,0.86,0.84,-1.07,0.86,0.86,0.86,0.86,0.86,0.86,0.85,0.86,0.86,0.86,0.86,0.77,0.86,0.86,0.85,0.86,0.86,0.86,0.86,0.86,0.86,0.83,0.86,0.86,0.86,-1.01,0.86,0.86,0.86,0.86,0.86,0.86,0.86,0.86,0.86,0.85,0.86,0.85,0.86,0.86,0.86,0.84,0.86,-1.13,0.86,0.86,0.86,0.85,0.86,0.86,0.86,0.86,0.86,0.86,0.86,0.85,0.86,0.86,0.86,0.86,0.85,0.86,0.86,0.86,0.86,0.86,0.86,0.86,0.86,0.86,0.84,0.86,0.86,0.86,0.86,0.82,0.72,0.86,0.86,0.86,0.85,0.86,0.86,0.86,0.86,0.86,0.84,0.86,0.86,0.86,0.86,0.86,0.86,0.84,0.86,0.86,0.86,0.86,0.86,0.86,-1.03,0.86,0.86,0.86,0.86,0.86,0.86,0.86,0.86,0.86,0.86,0.86,0.86,-1.08,-1.09,0.86,0.86,-1.03,0.81,0.86,0.86,0.86,0.86,0.86,0.86,0.86,0.86,0.86,0.86,0.81,0.86,0.86,0.86,0.86,0.86,-1.12,0.86,0.86,0.86,0.86,0.85,0.85,0.85,0.86,0.86,0.86,0.86,0.84,0.84,-1.0,-1.12,0.86,0.86,0.85,-1.14,0.8,0.86,-1.01,0.86,0.84,-1.11,0.86,0.86,-1.13,0.86,0.86,0.86,-1.07,0.86,0.86,0.86,0.86,0.86,0.86,0.86,0.86,0.85,-1.12,0.86,0.86,0.86,0.86,0.83,0.85,0.86,0.86,0.86,0.86,0.86,0.86,0.86,0.86,0.86,0.85,-1.07,0.86,0.86,0.86,0.86,0.86,-1.07,0.84,0.86,0.86,0.86,0.86,-1.03,0.86,0.86,0.86,0.86,0.86,0.86,0.86,0.86,0.83,0.86,0.85,0.86,0.86,0.86,0.86,0.86,0.86,0.86,0.84,0.86,0.86,-1.05,0.86,0.86,0.86,0.86,0.86,0.86,0.85,0.86,0.86,0.85,0.84,0.86,0.85,-1.1,0.7,0.86,0.86,0.86,0.86,0.86,0.85,0.86,0.85,0.85,0.86,0.86,0.86,0.86,0.85,0.86,0.86,0.86,-1.03,0.86,0.86,0.86,-1.15,0.86,0.86,0.83,0.86,-1.02,0.86,0.86,0.86,0.86,0.86,0.86,0.86,0.86,0.86,0.86,0.86,0.84,0.86,0.86,0.85,0.86,0.85,0.86,0.86,0.86,0.86,0.85,-1.02,0.86,0.78,0.86,0.85,0.86,0.86,0.86,0.86,0.85,0.86,0.86,0.86,0.86,0.84,0.86,0.86,0.86,0.86,0.86,0.86,0.86,0.85,0.74,0.86,0.84,0.86,0.86,0.86,0.85,0.86,0.86,0.86,0.86,0.86,0.86,0.86,-1.07,0.85,0.84,0.86,0.84,0.86,0.86,0.86,0.86,0.86,0.86,0.84,0.86,-1.06,0.83,0.86,0.86,0.84,0.86,0.86,0.86,0.86,0.86,0.86,0.78,0.86,0.86,0.86,0.84,0.85,0.86,0.86,0.86,0.86,0.84,0.86,0.85,-1.08,0.86,0.85,0.86,0.75,0.86,0.84,-1.08,0.86,0.86,-1.12,0.86,0.86,0.86,0.86,0.86,-1.03,0.86,0.86,0.86,0.86,0.86,0.86,0.86,0.86,0.86,0.86,-1.03,0.84,0.86,0.86,0.86,0.86,-1.08,0.84,0.85,0.86,0.86,0.86,0.86,0.86,0.86,0.86,0.86,0.84,0.86,0.86,0.85,0.86,0.86,0.86,0.86,0.86,0.85,0.86,0.86,0.86,0.86,0.86,-1.04,0.86,0.86,0.79,0.86,0.85,0.86,0.84,0.86,0.86,0.86,0.86,0.86,0.86,0.86,0.86,0.85,0.86,0.86,0.86,0.86,0.86,0.84,0.86,0.86,0.86,0.86,0.83,0.86,0.85,0.86,0.85,0.86,0.86,0.84,0.84,0.86,0.86,0.86,0.85,0.86,0.86,0.86,0.86,0.86,0.84,0.86,0.86,0.86,0.84,0.86,-1.12,0.86,0.86,0.86,-1.07,0.86,0.86,0.86,0.86,0.86,0.86,0.86,0.86,0.86,0.86,0.85,0.86,0.86,0.86,-1.02,0.86,0.85,0.86,0.85,0.86,0.86,-1.12,0.86,0.85,0.86,0.85,0.86,0.86,0.86,0.86,0.86,0.86,0.86,0.84,0.86,0.86,0.86,0.86,0.86,0.86,0.84,0.86,0.82,0.83,0.74,0.85,0.86,0.86,0.84,0.86,0.84,0.86,0.76,0.86,0.86,0.6,0.86,0.86,0.86,0.76,0.82,0.86,0.86,0.86,0.83,0.86,0.86,0.86,0.81,-1.01,0.86,0.83,0.85,0.86,0.86,0.86,0.86,0.85,0.86,0.86,0.86,0.86,0.86,0.86,0.86,0.86,0.83,0.86,0.86,0.86,0.86,0.86,0.83,0.86,0.85,0.86,0.86,0.86,0.86,0.86,0.86,-1.12,0.86,0.85,0.86,0.84,0.86,0.7,0.86,0.86,0.86,0.74,0.86,0.86,0.86,0.86,0.86,0.86,0.86,0.86,0.85,0.86,0.86,0.86,0.86,0.73,0.86,0.86,-1.05,0.86,0.86,0.86,0.86,0.86,0.86,0.86,0.86,0.86,0.85,0.84,0.84,0.86,0.86,0.86,0.85,0.86,0.81,-1.03,0.86,0.85,0.86,0.86,0.86,0.86,0.86,0.85,0.86,0.85,0.86,0.86,0.84,0.86,0.85,0.86,0.84,0.86,0.86,0.86,0.86,0.86,0.86,0.86,0.86,0.86,0.86,0.86,0.86,0.86,-1.07,0.86,0.86,0.85,0.85,0.86,0.84,0.86,-1.03,0.86,0.86,0.86,0.86,0.86,0.85,0.86,0.86,0.74,0.86,0.86,0.86,0.86,0.85,0.86,0.86,0.86,0.86,0.86,0.86,0.86,0.83,0.86,0.86,0.86,0.86,0.86,0.86,0.84,0.86,0.86,0.86,0.86,0.86,0.86,0.86,0.86,-1.13,0.85,0.86,0.86,0.86,0.84,0.86,0.86,0.86,0.86,0.86,0.78,0.86,0.86,0.86,0.86,0.85,0.86,0.86,0.86,0.86,0.86,0.86,0.86,0.86,0.86,0.86,0.86,0.85,0.84,0.86,0.84,0.84,0.86,0.86,0.84,0.83,0.86,0.86,0.86,-1.08,0.86,0.86,0.86,0.86,0.86,0.86,0.86,0.86,0.86,0.84,0.86,0.82,0.86,-1.01,0.86,-1.03,0.83,0.86,0.86,0.86,0.86,0.86,0.71,0.85,0.86,0.86,0.85,0.86,0.84,0.85,0.86,-1.14,0.86,0.86,0.86,0.86,0.86,0.86,-1.13,0.86,0.86,0.86,0.86,0.86,0.84,0.86,0.74,0.86,0.86,0.86,0.86,0.86,0.86,0.86,0.86,0.86,0.86,0.86,0.85,0.86,0.86,0.86,0.86,0.86,0.85,0.86,0.86,0.86,0.86,0.86,0.86,0.86,0.86,-1.1,0.86,0.84,0.85,0.86,0.86,0.86,0.78,0.82,0.86,0.86,0.86,0.86,0.86,0.86,0.86,0.86,0.86,0.86,0.86,0.86,0.86,0.86,0.8,0.86,0.74,0.84,0.86,0.86,0.86,0.86,0.86,0.86,0.86,0.86,0.86,0.86,0.84,0.86,0.86,0.86,0.86,0.86,0.86,0.86,0.84,0.85,0.86,0.86,0.86,0.86,0.85,0.86,-1.01,0.86,0.86,0.86,0.86,0.86,0.86,0.86,0.86,0.86,-1.09,0.86,0.86,0.86,0.84,0.85,0.86,0.86,0.86,0.76,0.86,0.86,0.86,0.86,0.86,0.86,0.84,0.86,0.8,0.86,0.86,0.86,0.84,0.86,0.86,-1.12,-1.03,0.85,0.86,0.86,0.86,0.79,0.86,0.84,0.86,0.86,0.86,0.86,0.86,0.86,0.86,0.86,0.86,0.86,0.86,0.86,0.82,0.86,0.86,0.79,0.83,0.86,0.86,0.86,0.86,0.86,0.86,0.86,0.86,0.85,0.86,0.85,0.86,0.86,0.86,0.86,0.86,0.85,0.86,0.86,0.85,0.86,0.86,0.86,0.86,0.86,0.86,0.85,0.86,0.86,0.86,0.86,0.86,0.86,0.86,0.86,0.86,0.85,0.85,0.86,0.86,0.86,0.86,0.86,0.86,0.86,0.86,0.86,0.85,-1.02,0.86,0.84,0.84,0.86,0.86,0.86,0.86,0.86,0.86,0.85,0.86,0.86,0.75,0.85,0.86,0.71,0.85,0.86,0.86,0.86,0.84,0.84,0.84,0.86,0.86,0.86,0.86,0.86,-1.07,0.85,0.85,0.85,0.86,-1.13,0.84,0.86,0.86,0.86,0.85,0.86,0.86,0.86,0.86,0.86,0.86,0.86,0.86,0.86,0.85,0.86,0.86,0.77,0.86,0.86,-1.12,0.86,0.86,0.86,0.86,0.84,0.86,0.86,0.84,0.86,0.86,0.86,0.85,0.84,0.86,0.86,0.86,0.86,0.86,0.86,0.83,0.86,0.86,0.86,0.86,0.86,0.86,0.86,0.86,0.86,0.86,0.86,0.86,0.86,0.86,0.72,0.86,0.8,0.85,0.86,0.86,0.85,0.86,-1.14,0.85,0.86,0.85,0.86,0.81,0.86,0.86,0.86,0.86,0.86,0.86,0.86,0.86,0.86,0.8,0.85,0.86,0.86,0.86,0.86,0.86,0.86,0.86,0.86,0.86,0.86,0.86,-1.0,0.86,0.86,0.86,0.86,0.86,0.84,0.86,0.86,-1.14,0.84,0.86,0.86,0.86,0.86,0.86,0.86,0.86,0.86,0.82,0.86,0.86,0.86,0.86,-1.04,0.86,0.85,0.86,0.84,0.86,0.85,0.86,0.86,0.86,0.86,0.86,0.86,0.86,0.73,0.85,0.86,0.85,0.86,0.85,0.86,0.86,0.76,0.84,0.86,0.86,0.85,0.86,0.86,-1.1,0.86,0.84,0.86,0.84,0.75,0.86,0.86,-1.09,0.86,0.86,0.86,0.86,0.85,0.86,0.86,0.85,0.76,0.86,0.84,0.85,0.84,0.86,0.86,0.86,-1.11,0.86,0.85,0.86,0.86,0.86,0.86,0.86,0.72,0.86,0.86,0.59,0.86,0.85,0.85,0.86,0.86,0.85,0.86,0.86,0.86,0.86,0.84,-1.03,0.86,0.83,0.86,0.86,-1.03,0.86,0.85,0.86,0.86,0.86,0.84,-1.05,0.85,-1.03,0.84,0.86,0.86,0.86,0.86,0.86,0.71,0.86,-1.11,0.85,0.86,0.86,0.86,0.86,0.86,0.86,0.86,-1.03,0.86,0.86,0.84,0.86,0.86,0.86,0.86,0.86,0.86,0.86,0.81,0.86,0.86,0.86,0.86,0.86,0.86,0.85,0.86,0.86,0.73,0.86,0.86,0.86,0.86,0.84,0.86,0.86,0.86,0.86,0.85,0.86,0.86,0.86,0.86,0.86,0.85,0.86,0.86,0.84,0.86,0.86,0.86,0.86,0.86,-1.03,0.86,0.86,0.86,0.84,0.85,0.86,0.86,0.86,0.86,0.86,0.86,0.86,0.86,0.86,0.86,0.86,0.86,-1.11,0.85,0.86,0.86,0.86,0.86,0.86,0.86,0.86,0.86,-1.09,-1.1,0.86,0.82,0.86,0.86,0.86,0.72,0.86,-1.16,0.84,0.86,0.86,0.86,0.84,0.86,0.84,0.84,0.86,0.86,0.86,0.86,0.86,0.86,0.86,0.84,0.86,0.85,0.86,0.81,0.86,0.85,0.83,0.86,0.86,0.84,0.86,0.86,0.83,0.86,0.86,0.85,0.86,0.86,0.86,0.86,0.86,0.86,0.86,-1.13,0.86,-1.02,0.85,0.86,0.86,0.86,0.86,0.85,0.85,0.73,0.86,0.86,0.86,0.86,0.86,0.86,0.86,0.86,0.86,0.86,0.86,0.85,0.84,0.83,-1.12,0.86,0.86,0.85,0.86,0.86,0.86,0.86,0.86,0.86,0.86,0.86,0.86,0.85,0.86,0.85,0.86,0.86,0.86,-1.04,0.86,0.86,0.82,0.86,0.85,0.84,0.86,0.86,0.82,0.81,0.86,0.86,0.86,0.86,0.86,0.85,0.86,0.83,0.86,0.86,0.83,0.86,0.86,0.86,0.85,0.76,0.86,0.85,0.86,0.86,0.85,0.84,-1.06,0.84,0.86,0.85,0.86,0.86,0.86,0.86,0.84,0.86,0.86,0.71,0.86,0.84,0.86,0.86,0.85,0.86,0.86,0.86,0.86,-1.06,0.85,0.86,-1.13,0.86,0.86,0.86,0.86,0.86,0.86,0.86,0.86,0.86,0.84,0.86,0.86,0.86,0.84,-1.08,0.85,0.86,0.86,0.86,0.85,0.86,0.85,0.86,0.86,0.86,0.86,0.86,0.84,0.86,0.86,0.86,0.86,0.86,0.84,0.86,0.86,0.86,-1.0,-1.13,-1.01,0.85,0.85,0.86,0.86,0.84,0.85,0.86,0.86,0.86,0.86,0.83,0.86,0.84,0.86,-1.03,0.86,0.86,0.86,0.86,0.86,0.86,0.86,0.86,0.86,0.86,0.86,0.86,0.84,0.86,0.86,0.86,0.85,0.86,0.86,0.86,0.86,0.86,0.84,0.86,0.72,0.86,0.86,0.86,0.86,0.86,0.86,0.86,0.86,0.86,0.86,0.85,0.86,0.86,0.86,0.86,0.86,0.83,0.86,0.85,0.85,0.86,0.86,-1.15,-1.03,0.86,0.86,0.85,0.84,0.86,0.86,0.86,0.86,0.84,0.85,0.86,0.85,0.86,0.86,0.85,0.86,0.86,0.86,0.86,-1.13,0.86,0.85,0.86,0.85,0.86,0.86,0.71,0.86,0.86,0.86,0.86,0.86,0.86,0.86,0.83,0.84,0.86,0.86,0.86,0.86,0.86,0.86,0.86,0.85,0.86,0.86,0.86,0.84,0.78,0.86,0.86,0.86,0.86,0.85,0.86,0.86,0.85,0.86,0.86,0.86,0.79,0.86,0.84,-1.15,0.86,0.86,0.86,0.86,-1.13,-1.12,-1.07,0.84,0.85,0.85,0.86,0.85,0.86,0.86,0.86,-1.04,0.86,0.86,0.85,0.85,0.86,0.86,0.81,0.86,0.86,0.85,0.86,0.86,0.86,0.85,0.86,0.85,-1.06,0.86,0.86,0.86,0.86,0.86,0.8,0.86,0.86,0.85,-1.06,0.86,0.71,0.69,0.85,0.85,0.86,0.84,0.86,0.86,0.86,0.86,0.85,-1.05,0.86,-1.06,0.83,0.85,0.86,0.86,0.86,0.86,0.86,-1.0,0.86,0.85,0.86,0.85,0.86,0.86,0.83,0.84,0.86,0.86,0.85,0.86,0.86,0.86,0.86,0.86,0.86,0.86,0.86,0.86,0.86,0.86,0.86,0.86,0.86,0.86,-1.03,0.84,0.86,0.86,0.86,0.85,0.84,-1.11,0.75,-1.07,0.86,0.86,0.84,0.86,-1.03,0.85,0.86,0.86,0.86,0.85,0.86,0.84,0.86,0.86,0.86,0.86,0.86,0.86,0.86,0.86,0.86,0.86,0.86,0.86,0.84,0.86,0.86,0.86,0.86,0.86,0.85,0.86,0.86,0.86,0.86,0.86,0.86,0.86,0.86,0.86,0.86,0.86,0.86,0.86,0.86,0.84,0.86,0.85,0.86,0.86,0.85,0.86,0.86,0.86,0.86,0.86,0.86,0.86,0.85,0.86,0.86,0.86,0.86,0.84,0.71,0.86,0.85,0.86,-1.03,0.86,0.86,0.83,0.86,0.86,0.77,0.86,0.78,-1.0,0.86,0.86,0.86,0.86,0.86,0.86,0.86,0.86,0.84,0.86,0.86,0.86,0.86,0.86,0.86,0.86,0.86,0.86,0.86,0.85,0.86,0.83,0.86,0.86,0.86,0.86,0.86,0.86,0.86,0.86,0.86,0.86,-1.05,-1.02,-1.02,0.86,0.86,0.85,0.85,0.86,0.85,0.86,0.86,0.86,0.86,-1.03,0.86,0.86,0.86,0.84,0.86,0.86,0.86,0.84,0.86,0.86,0.86,0.86,0.85,0.86,0.84,0.85,0.85,0.86,0.86,0.86,-1.1,-1.11,0.85,0.86,0.85,0.86,0.86,0.86,0.86,0.85,0.86,0.86,0.86,0.85,-1.06,0.86,0.85,0.79,0.84,0.86,0.86,0.85,0.86,0.86,0.86,0.86,0.86,0.86,-1.01,0.85,-1.21,0.86,0.8,0.84,0.85,0.85,-1.06,0.71,0.69,0.86,0.86,0.86,0.86,0.86,0.84,0.86,0.86,0.85,0.86,0.86,0.85,0.86,0.85,0.86,-1.05,0.85,0.86,0.86,0.86,-1.14,0.85,-1.14,0.86,0.86,0.85,0.86,0.86,0.86,0.86,0.86,0.77,0.84,0.77,0.86,0.86,0.86,0.86,0.86,0.86,0.84,0.86,0.86,0.86,0.86,0.86,0.86,0.86,0.86,0.86,0.86,0.86,0.86,0.86,0.86,0.86,0.85,0.84,0.86,0.85,0.86,0.85,0.85,0.86,0.77,0.82,0.82,0.84,0.84,0.86,0.86,0.86,0.86,0.84,0.84,-1.02,0.86,-1.14,0.86,0.85,-1.06,0.86,0.86,0.86,0.86,0.86,0.86,0.86,0.86,0.86,0.86,0.86,0.86,0.86,0.79,0.86,0.86,0.86,0.84,0.84,-1.1,0.82,0.86,0.86,0.86,0.86,0.86,0.86,0.84,0.86,0.86,0.71,0.86,-1.07,0.86,0.86,0.86,0.86,0.86,0.84,-1.04,0.85,-1.14,0.84,0.83,0.86,0.83,0.86,-1.06,0.85,0.86,0.86,0.86,0.86,-1.01,0.86,0.85,0.86,0.86,0.78,0.86,0.86,0.86,0.86,0.86,0.86,-1.15,0.85,0.83,0.86,0.85,0.7,-1.05,0.84,0.86,0.86,0.85,-1.13,0.82,0.84,0.86,0.86,0.85,-1.06,0.86,0.86,0.85,0.86,0.86,0.86,0.86,0.86,0.86,0.85,0.86,0.86,0.86,0.86,0.86,0.86,0.86,0.86,0.86,0.81,0.86,0.86,0.86,0.86,0.86,-1.13,0.86,0.86,0.86,0.86,0.86,0.86,0.86,0.86,-1.01,-1.09,0.86,0.85,0.75,0.86,0.86,0.85,0.86,0.86,0.86,0.85,-1.13,0.84,0.86,0.86,0.84,0.84,0.86,0.86,0.86,0.86,0.86,0.86,0.84,0.86,0.85,0.86,0.86,-1.03,0.86,0.85,0.86,0.74,0.86,0.86,0.86,0.86,0.86,0.85,0.86,0.86,0.86,0.86,0.86,0.86,0.86,0.82,0.86,0.86,0.86,0.86,-1.07,0.86,0.86,0.82,0.75,0.86,0.86,0.86,0.86,0.86,0.86,-1.09,0.85,0.86,0.86,0.86,0.86,0.86,0.86,0.86,0.86,-1.03,0.86,0.86,0.85,0.83,0.86,0.86,0.86,0.86,0.86,0.86,0.86,0.86,-1.01,0.86,-1.11,0.85,0.85,0.79,0.86,-1.05,0.86,0.86,0.86,0.86,0.84,0.86,0.86,0.86,0.86,0.85,0.86,0.83,0.86,0.86,0.86,0.86,0.86,0.86,0.86,-1.02,0.86,0.86,-1.03,0.86,0.71,0.86,0.86,0.86,0.82,0.85,0.86,0.86,0.86,0.84,0.86,0.86,0.86,0.86,0.86,0.86,0.84,0.83,0.86,0.86,0.86,0.86,-1.02,0.86,0.86,0.83,0.86,0.86,0.84,0.86,0.86,0.86,0.86,0.83,0.86,0.86,0.86,0.86,0.86,0.86,-1.13,0.85,0.76,0.86,0.86,0.86,-1.02,0.86,-1.06,0.85,-1.13,0.86,0.84,0.86,0.86,0.86,0.86,0.86,0.86,0.85,0.86,-1.14,0.84,0.85,0.86,0.86,0.86,0.86,0.85,0.86,0.86,0.86,0.86,0.86,0.84,-1.04,0.86,0.86,0.86,0.86,0.86,0.86,0.86,0.85,0.86,0.86,0.86,0.81,0.85,0.86,0.86,0.85,0.86,0.86,0.86,0.86,0.84,0.85,0.84,0.86,0.86,0.86,0.86,0.86,0.86,0.86,0.86,0.86,0.86,0.86,0.86,0.86,0.86,0.86,0.86,0.83,0.86,0.86,0.7,0.86,-1.09,0.86,0.86,0.86,0.86,0.86,0.86,0.86,-1.02,0.85,0.86,0.85,0.85,0.86,0.86,-1.02,0.83,0.85,0.86,0.86,0.84,0.86,0.86,0.86,0.86,0.82,0.86,0.86,0.86,0.86,0.84,0.86,0.74,-1.12,0.85,0.86,0.86,0.85,0.86,0.86,0.84,0.86,0.86,0.86,0.86,0.86,0.86,0.83,0.85,0.85,0.85,0.86,0.86,0.86,-1.07,0.86,0.86,0.86,0.86,-1.01,0.86,0.84,0.86,0.85,0.86,0.85,0.85,0.86,0.82,-1.07,0.86,0.86,0.86,0.86,0.84,0.86,0.86,0.83,-1.03,0.86,0.86,0.86,0.86,0.86,0.86,0.86,0.83,0.86,-1.03,0.85,0.86,0.86,0.86,0.86,-1.05,0.86,0.86,0.86,0.86,0.86,0.86,0.86,0.86,0.86,0.86,0.86,-1.0,0.86,0.86,0.84,0.72,0.86,0.86,0.86,0.85,0.86,0.86,-1.09,0.84,0.86,0.86,0.85,0.86
-1.19,-1.03,-1.38,-1.14,0.83,0.79,0.76,-1.06,0.79,-1.02,-1.03,-1.07,-1.03,0.8,-1.12,0.84,-1.06,0.79,-1.01,0.83,-1.05,0.77,0.84,-1.08,-1.02,0.84,0.66,-1.21,-1.07,-1.03,0.86,0.78,-1.05,0.79,0.83,-1.04,0.82,0.85,-1.14,-1.23,0.82,0.8,0.8,0.69,0.84,0.83,0.86,0.82,0.82,0.84,0.86,0.77,-1.05,0.86,0.85,0.84,0.86,0.82,0.76,0.86,0.86,0.86,0.86,0.86,0.86,0.86,0.86,0.86,0.85,0.86,0.86,0.86,0.86,0.84,0.86,0.86,0.81,0.86,0.86,0.86,0.8,0.86,0.86,0.85,0.86,0.86,0.86,0.86,0.86,0.86,-1.1,0.86,0.86,0.86,0.86,-1.05,0.86,0.86,0.84,0.86,-1.14,0.85,0.86,0.86,0.86,0.86,0.86,0.86,0.82,0.86,0.86,0.86,0.86,0.86,0.86,-1.11,0.85,-1.07,0.86,0.86,0.86,0.86,0.86,0.86,-1.11,0.86,0.85,0.85,0.86,0.73,0.86,0.86,0.86,0.86,0.85,0.86,0.86,0.86,0.84,0.85,0.85,0.77,0.86,0.86,0.84,-1.1,-1.06,0.86,0.86,0.84,0.71,0.86,-1.13,0.86,0.83,0.86,0.77,0.86,0.85,0.86,0.86,0.86,0.86,0.86,0.83,0.86,0.86,0.86,0.86,0.86,0.86,-1.13,0.85,0.84,0.86,0.85,0.86,-1.01,0.85,0.86,0.86,0.86,0.86,0.86,0.86,0.85,0.86,0.85,0.84,0.86,0.86,0.86,0.85,0.86,0.86,0.86,0.86,0.84,-1.08,0.83,0.86,0.86,0.86,0.86,0.86,0.86,0.86,0.86,0.79,0.86,0.85,0.86,0.85,0.86,0.76,0.84,0.86,0.85,0.86,0.72,0.78,0.85,0.86,0.84,0.86,-1.02,0.86,0.84,0.76,0.86,0.86,0.86,0.86,0.86,0.86,-1.11,0.86,0.85,0.84,0.86,0.86,0.86,0.84,0.84,-1.15,0.85,0.86,0.86,0.86,0.85,-1.14,0.86,0.86,0.86,-1.03,0.86,0.86,0.86,-1.01,0.85,0.73,-1.05,0.86,0.86,0.85,0.86,0.86,0.85,0.85,0.85,0.72,-1.06,-1.0,0.86,0.86,0.86,-1.11,0.85,0.86,0.84,0.86,0.86,0.86,0.85,-1.09,0.86,0.86,0.85,0.86,0.83,0.86,0.86,0.86,0.86,0.86,0.86,-1.09,0.86,0.86,-1.27,0.86,0.85,0.85,0.86,0.85,0.86,0.85,0.86,0.85,0.85,-1.1,0.83,0.84,0.86,0.84,-1.11,0.86,-1.03,0.86,0.86,0.86,0.86,0.86,0.84,0.85,0.85,0.86,0.86,0.86,0.86,0.86,0.86,0.86,0.86,0.86,0.86,0.86,0.85,0.86,0.86,0.86,-1.14,0.78,0.86,-1.08,0.86,0.86,0.86,0.85,0.86,0.85,-1.24,-1.07,0.85,0.86,0.86,0.86,0.86,0.86,0.86,0.86,0.83,0.86,-1.03,0.86,0.86,0.86,-1.06,0.86,0.86,0.85,0.86,0.86,0.86,0.86,0.85,0.86,0.86,0.86,0.86,0.86,0.86,0.86,0.86,0.86,0.86,0.86,0.84,0.86,0.86,0.86,0.86,0.86,0.84,0.86,0.85,0.85,0.86,0.84,0.86,0.86,0.86,0.86,0.86,-1.14,0.86,-1.09,0.86,0.85,0.86,0.86,0.86,0.86,0.86,0.86,-1.06,0.86,0.86,0.86,0.86,0.86,0.86,0.86,0.84,0.86,0.86,0.86,0.86,0.86,0.86,0.86,0.86,0.86,0.86,0.86,0.86,0.83,0.86,0.86,0.73,0.86,0.86,0.85,0.86,0.86,0.86,0.86,0.86,0.86,0.86,0.84,0.86,0.86,0.84,0.86,-1.08,0.86,0.86,0.86,-1.06,0.86,0.86,0.84,0.86,-1.05,0.86,0.86,0.85,0.85,-1.13,0.86,0.86,0.86,0.86,0.86,-1.05,0.86,0.86,0.86,0.86,0.83,0.86,0.86,-1.14,0.86,-1.06,0.85,0.86,0.86,0.86,0.86,0.86,-1.04,0.86,-1.11,0.86,-1.08,0.86,0.86,0.76,0.85,-1.02,0.86,0.86,0.86,0.86,0.86,0.86,0.85,0.86,-1.08,0.86,0.86,0.84,-1.09,0.86,0.86,0.85,0.86,0.86,0.86,0.86,0.86,0.85,0.82,0.86,0.86,0.86,0.86,0.86,0.86,0.85,0.86,0.86,0.86,0.86,0.86,0.86,0.82,0.86,0.86,0.86,0.86,0.86,0.85,0.86,0.86,0.86,0.85,0.86,0.86,0.86,0.86,0.86,0.86,-1.02,0.86,-1.1,0.73,0.84,0.86,0.86,0.85,0.86,-1.1,0.86,0.86,0.86,0.86,0.86,0.86,0.85,0.86,0.86,0.86,-1.12,0.85,-1.14,0.86,0.86,-1.02,0.86,0.83,0.86,0.86,0.86,0.86,0.86,0.84,-1.13,0.77,0.85,0.86,0.86,0.86,0.86,0.85,0.86,0.86,0.86,0.86,0.85,0.86,0.84,0.86,0.86,0.86,0.86,0.86,0.86,0.86,0.86,0.86,0.82,0.86,0.85,0.86,0.86,0.86,0.86,-1.0,0.86,0.86,0.86,0.86,0.86,0.85,0.84,0.84,0.86,0.86,0.86,0.86,0.85,0.86,0.86,0.85,0.86,0.86,0.86,0.86,0.86,-1.11,0.86,0.86,0.86,0.86,0.86,0.86,0.85,0.86,0.86,0.86,0.86,0.86,0.86,-1.08,0.86,0.86,0.86,0.86,0.86,0.86,-1.02,0.86,0.86,0.86,0.86,0.85,0.86,0.8,0.86,0.85,0.86,0.86,0.86,0.86,0.86,0.86,0.71,0.86,0.86,0.84,0.86,0.86,0.86,0.86,0.86,-1.07,0.86,-1.01,0.86,0.86,0.85,0.86,0.86,0.85,0.86,0.86,-1.1,0.86,0.85,0.86,0.65,0.77,0.86,0.86,0.84,0.86,0.86,0.86,0.86,0.86,0.86,0.84,0.86,0.84,0.85,-1.12,0.86,0.86,0.86,0.86,0.86,0.71,0.86,0.86,0.86,0.86,0.86,0.85,0.86,0.86,0.86,0.86,0.86,0.86,0.86,0.86,0.86,0.86,0.78,0.86,0.86,0.86,0.86,0.86,0.86,0.86,0.86,0.86,0.84,0.86,0.85,-1.14,0.86,0.85,0.86,0.86,0.86,0.85,0.86,0.86,0.84,0.86,0.82,0.86,0.86,0.86,0.86,0.83,0.86,0.86,0.86,0.86,0.86,0.84,0.86,0.84,0.86,0.86,0.85,0.86,0.86,0.86,-1.0,0.86,0.85,0.86,0.86,0.86,0.86,0.86,0.86,0.86,0.86,0.86,0.86,0.86,0.86,0.79,0.85,0.86,0.86,0.86,0.86,-1.0,0.72,-1.13,0.86,0.85,0.86,0.86,0.85,0.86,0.86,0.81,0.85,0.86,0.86,0.86,0.86,0.86,0.86,0.86,0.86,0.85,0.86,0.86,0.86,0.86,0.85,0.84,0.86,0.84,-1.06,0.86,0.86,0.86,-1.09,0.86,0.86,0.86,0.86,0.86,0.86,0.86,0.86,0.86,0.86,0.86,0.85,0.84,0.86,0.85,-1.19,0.84,0.86,0.86,0.86,0.85,-1.0,0.86,-1.02,0.83,0.86,0.86,0.86,0.84,0.86,0.85,0.86,0.86,0.86,0.86,0.86,0.86,-1.14,0.86,0.86,0.86,0.84,0.85,0.85,0.84,0.86,0.86,0.86,0.86,-1.12,0.84,0.85,0.86,-1.02,0.86,0.86,0.84,0.83,0.85,0.85,0.86,0.86,0.86,-1.03,0.84,0.85,0.86,0.86,0.86,0.86,0.86,0.86,0.86,0.76,0.86,0.86,0.86,0.84,0.86,0.86,0.86,0.86,0.86,0.86,0.85,0.86,0.84,0.86,0.86,0.86,0.86,0.86,0.86,0.85,0.86,0.86,0.86,0.86,0.86,0.86,0.86,0.86,0.86,0.86,0.86,0.84,0.86,0.86,0.86,0.86,0.86,0.84,0.75,0.86,0.86,0.86,0.86,0.84,0.86,-1.06,0.84,0.86,0.86,0.86,0.85,0.86,0.86,0.85,-1.1,0.81,0.86,0.86,0.86,0.86,0.86,0.86,0.86,0.85,0.86,0.86,0.86,0.86,0.86,0.86,0.86,0.86,-1.03,0.86,0.84,0.86,0.86,0.86,0.86,-1.12,0.86,0.86,0.86,0.86,0.86,0.86,0.86,0.85,0.86,-1.03,0.86,0.86,0.86,0.86,0.86,0.86,0.86,0.86,0.86,0.86,0.85,-1.0,0.86,0.86,0.86,0.85,0.86,0.86,0.76,0.86,0.86,0.86,0.86,0.86,0.86,0.86,0.86,0.86,0.86,0.86,0.86,0.86,0.78,0.86,0.86,0.86,0.84,0.85,0.84,0.86,0.86,0.86,0.86,0.86,0.86,0.86,0.86,0.84,0.85,0.86,0.86,0.86,0.86,0.86,0.85,0.86,0.86,0.84,0.86,0.86,0.84,0.75,0.85,0.79,0.86,0.86,0.86,0.86,0.86,0.75,0.78,0.86,-1.12,0.86,0.84,0.86,0.86,0.86,0.86,0.82,0.86,0.86,0.86,0.86,0.86,0.86,0.86,0.86,0.86,0.85,0.86,0.86,0.85,0.86,0.86,0.86,0.86,0.86,0.86,0.86,0.86,0.86,0.86,0.85,0.8,0.86,0.86,0.86,0.86,0.86,0.86,0.85,0.86,-1.12,0.86,0.86,0.86,0.86,0.86,0.86,0.86,0.86,0.86,0.84,0.86,0.86,-1.05,0.85,0.76,0.84,0.86,0.86,-1.12,0.86,0.86,0.84,0.86,0.86,0.86,0.86,0.86,0.86,-1.03,0.86,0.86,0.85,0.86,-1.12,0.84,0.86,0.84,0.85,0.86,0.86,0.86,0.86,0.84,0.86,0.84,0.86,0.86,0.86,0.86,0.74,0.86,0.86,0.86,0.86,0.86,0.86,0.83,0.86,-1.03,0.86,0.86,0.86,0.86,0.86,0.86,0.86,0.86,0.86,0.86,0.86,0.84,0.86,0.86,0.86,0.86,0.86,0.86,0.86,0.86,-1.13,-1.27,0.86,0.86,-1.01,0.86,0.86,0.86,0.86,0.86,0.85,-1.13,0.86,0.84,0.86,0.86,0.84,0.86,0.86,0.86,0.85,0.86,0.86,0.86,0.86,0.86,0.85,0.86,0.84,0.76,0.86,0.86,0.86,0.86,0.86,-1.13,0.86,-1.11,0.86,0.86,0.83,0.86,0.86,0.84,0.86,0.86,0.86,0.86,0.86,0.86,0.86,0.86,0.86,0.85,0.85,0.86,0.72,0.86,0.84,0.85,0.86,-1.06,0.85,0.85,0.85,0.85,0.85,0.72,0.86,0.86,0.84,0.85,0.86,0.86,0.86,0.85,0.86,0.84,0.86,0.85,0.86,0.86,0.86,0.86,0.86,0.86,-1.0,0.86,0.86,0.85,0.86,0.86,0.86,0.86,0.86,0.86,-1.02,0.86,0.85,0.86,0.86,0.86,0.86,0.86,0.86,0.82,0.86,0.86,0.85,0.86,0.86,0.85,0.86,0.86,-1.15,0.86,-1.15,0.86,0.86,0.86,0.81,0.86,0.84,0.84,0.86,0.86,0.86,0.86,0.86,0.83,0.85,0.85,0.83,0.85,0.85,0.85,0.86,0.86,0.85,0.86,0.85,0.86,0.86,0.77,0.86,0.86,0.86,0.86,0.86,0.86,0.86,0.86,0.71,0.86,0.86,0.86,0.85,0.86,0.86,0.86,0.84,0.86,0.86,0.86,0.86,0.86,0.86,0.86,0.86,0.86,0.86,0.85,0.86,0.86,0.86,0.86,0.86,0.86,0.86,0.85,0.86,0.86,0.86,0.86,0.86,0.86,0.86,0.85,0.86,0.86,0.84,0.83,0.86,0.86,0.86,0.86,0.86,0.86,-1.02,-1.07,0.84,0.86,0.86,0.86,0.86,0.86,0.86,0.86,0.85,0.86,0.84,0.86,0.86,0.86,0.82,-1.01,0.86,0.83,0.86,0.85,0.86,0.84,0.86,0.86,0.86,0.84,0.86,0.86,0.86,0.86,0.86,0.86,0.86,0.86,0.86,0.86,0.86,0.86,0.85,0.86,0.86,0.86,-1.05,0.86,0.86,0.86,0.86,-1.17,0.86,0.86,0.86,0.86,0.86,0.84,0.86,0.86,0.86,0.86,0.83,0.86,-1.13,0.86,0.72,0.85,0.86,0.86,0.86,0.86,0.85,0.86,0.86,0.86,0.86,0.86,0.86,0.86,0.86,0.86,0.86,-1.04,0.85,0.86,0.86,0.71,0.84,0.86,0.86,0.86,0.86,0.85,0.86,0.86,0.86,0.85,0.84,0.86,0.84,0.86,-1.05,0.86,0.86,0.85,0.86,0.86,0.71,0.86,0.84,0.86,0.86,0.85,0.86,0.84,-1.12,0.86,0.86,0.86,0.85,0.85,0.86,0.85,0.86,0.86,0.86,0.86,0.86,0.86,0.78,0.85,0.86,0.86,0.86,0.86,0.86,0.71,0.86,0.86,0.86,0.84,0.86,0.86,0.86,0.86,0.84,0.86,0.86,-1.08,0.86,0.86,0.85,0.86,0.84,0.85,0.86,0.71,0.86,0.86,0.86,0.86,0.86,0.86,0.83,0.86,0.86,0.86,0.86,0.69,0.86,0.86,0.86,0.85,0.86,0.83,0.86,0.84,0.86,0.85,0.86,0.86,0.86,0.86,0.86,0.86,0.86,0.86,0.86,0.86,0.86,0.86,0.86,-1.06,0.86,0.83,0.86,0.86,0.86,-1.02,0.86,0.84,0.86,0.84,0.85,0.86,0.86,0.85,0.86,0.84,0.86,0.84,0.85,0.83,0.86,0.73,0.86,0.86,0.86,-1.13,0.86,0.86,0.86,0.86,0.8,0.86,0.85,0.86,0.86,0.86,0.86,0.86,0.86,0.86,0.86,0.85,0.86,0.86,0.86,0.86,0.86,0.86,0.86,0.86,0.83,-1.03,0.86,0.86,0.84,0.85,0.85,0.85,0.86,0.86,0.86,0.84,0.86,-1.13,-1.1,0.86,0.86,0.86,-1.02,0.86,0.86,0.86,0.86,0.86,0.86,0.86,0.86,0.86,0.86,0.86,0.86,0.86,0.86,0.82,0.86,0.86,0.86,0.86,-1.08,0.84,0.86,0.86,0.86,0.79,0.86,0.72,-1.08,0.86,0.85,0.86,0.86,0.85,0.86,0.86,0.86,0.86,0.86,0.86,0.85,0.86,0.86,0.86,0.66,0.86,0.86,0.86,0.73,0.86,0.86,0.78,0.86,0.83,0.83,0.86,0.85,0.86,0.86,0.86,0.73,0.86,0.86,0.84,0.86,0.86,0.84,0.86,0.84,0.86,0.86,-1.13,0.85,0.86,0.86,-1.03,0.85,0.82,-1.06,0.86,0.86,0.86,0.85,0.79,0.86,0.86,0.86,0.86,0.86,0.86,0.86,0.86,-1.09,-1.12,0.85,0.86,0.85,0.85,0.86,0.86,0.86,0.86,0.86,0.86,0.86,0.86,0.86,0.86,0.84,0.86,0.83,0.86,0.86,0.86,0.72,0.86,0.86,0.86,0.85,0.86,0.86,0.86,-1.09,0.86,0.86,0.86,0.74,0.84,0.86,0.86,0.86,0.86,0.86,0.86,0.86,0.85,0.86,0.86,0.86,-1.14,0.86,0.86,0.86,0.86,0.86,0.86,-1.01,0.86,0.86,0.85,0.86,0.83,0.86,0.86,0.86,0.84,0.86,0.86,0.8,0.86,0.86,0.86,0.85,0.86,0.86,0.86,-1.01,-1.04,0.86,0.86,0.86,0.86,0.86,0.85,0.85,0.86,0.86,0.86,0.86,0.86,0.86,0.86,0.86,0.86,0.85,0.86,0.86,0.86,-1.03,0.86,0.86,0.86,0.86,0.86,0.86,0.86,0.86,0.86,0.86,0.86,0.84,0.71,0.86,0.86,0.84,0.86,0.86,0.86,0.86,0.84,0.86,0.86,0.86,0.86,0.86,0.86,0.86,0.86,-1.03,0.86,0.86,0.86,0.86,-1.03,0.86,0.86,-1.12,-1.06,0.85,0.86,0.85,0.86,0.86,0.86,0.86,0.86,0.86,0.86,0.86,0.86,0.86,0.86,0.86,0.85,0.86,0.86,0.86,0.86,0.86,0.86,0.86,0.86,0.86,0.86,-1.01,0.86,-1.02,0.86,0.86,0.86,0.86,0.86,0.86,0.86,0.85,0.86,0.85,0.86,0.86,0.85,0.86,0.86,0.86,0.86,0.86,-1.13,0.86,0.86,0.86,0.86,0.86,0.85,0.86,-1.06,0.86,0.85,0.86,0.86,0.84,0.85,0.86,0.86,0.86,0.86,0.86,0.86,0.86,0.86,-1.16,0.86,0.86,0.86,0.86,-1.0,0.86,0.86,0.86,-1.02,0.86,0.84,0.86,0.85,0.86,0.86,0.86,0.86,0.86,0.86,0.85,0.86,0.86,0.84,-1.03,0.85,0.85,0.86,0.86,0.86,0.86,0.86,0.86,0.86,0.86,0.86,0.86,0.86,0.86,0.86,0.86,0.86,0.85,0.85,0.86,0.86,0.83,0.86,0.85,0.86,-1.27,0.71,-1.03,0.86,0.86,0.83,0.85,0.86,0.85,0.86,-1.02,0.84,0.86,0.85,0.86,0.86,0.86,0.86,0.86,0.86,0.86,-1.12,-1.06,0.86,-1.07,0.83,0.85,-1.02,0.82,0.86,0.86,0.86,0.85,-1.11,0.76,0.84,0.85,0.84,-1.15,0.81,0.86,0.86,0.85,0.85,0.86,0.84,0.85,0.86,0.86,0.86,0.86,-1.03,0.86,0.86,0.86,0.85,0.86,-1.06,0.84,0.86,0.86,0.85,0.86,0.84,0.85,0.85,0.86,0.86,0.86,0.86,0.86,0.85,0.85,0.86,0.86,-1.13,0.86,0.86,0.84,0.86,0.86,0.86,0.86,0.86,0.86,-1.04,0.86,0.86,0.86,0.86,0.86,0.75,0.86,0.86,0.86,0.85,0.86,0.74,0.86,0.86,0.84,0.86,0.86,0.86,0.86,0.84,0.85,0.86,0.86,-1.05,0.86,0.86,0.86,0.86,0.86,0.86,0.86,0.86,0.86,0.86,0.86,0.86,0.86,0.86,0.86,0.86,0.86,0.86,0.86,0.86,0.86,0.86,0.84,0.86,0.86,0.86,-1.03,0.85,0.86,0.86,0.86,-1.01,0.86,0.84,0.84,0.79,0.86,0.86,0.86,0.86,0.86,0.86,0.79,0.86,0.86,0.86,-1.02,0.86,0.86,0.86,0.85,0.86,0.86,0.86,0.86,0.86,-1.14,0.84,0.79,0.86,0.86,0.86,0.86,0.86,0.86,0.74,0.86,0.86,0.85,0.86,0.86,0.86,0.86,0.86,0.86,0.76,0.79,0.84,0.86,0.86,0.85,0.86,0.85,0.84,0.86,0.86,0.86,0.86,0.86,0.86,0.86,0.86,0.86,0.86,0.86,0.86,0.86,0.86,0.86,0.85,0.86,0.86,0.86,0.74,0.86,0.86,0.85,0.78,0.86,0.86,0.84,0.86,0.86,-1.0,0.86,0.83,0.86,0.86,0.86,0.84,0.85,0.86,0.86,0.86,0.86,0.86,0.86,0.85,0.85,0.86,0.82,0.86,0.83,0.84,-1.14,0.86,0.86,0.86,0.86,0.85,0.86,0.86,0.86,0.85,0.86,0.86,0.86,0.86,0.84,0.86,0.86,0.86,0.86,0.86,0.86,0.85,0.86,0.86,0.86,0.86,0.86,0.86,0.85,0.86,0.86,-1.01,0.84,0.86,0.86,0.86,0.85,0.86,0.85,0.86,0.86,0.86,-1.12,0.86,0.84,0.86,0.85,0.86,0.86,0.86,0.77,0.86,0.86,0.86,0.86,0.85,0.86,0.86,-1.02,0.85,-1.15,0.85,0.86,0.86,0.86,0.86,0.86,0.86,0.86,-1.0,0.86,0.86,0.86,0.85,0.86,0.86,0.86,0.86,0.76,0.86,0.72,0.83,0.86,-1.1,0.85,0.86,0.86,0.86,0.86,0.86,0.85,0.84,0.86,0.86,0.85,0.86,0.86,0.7,0.86,0.86,0.86,0.86,0.86,0.86,0.85,0.86,0.84,0.86,0.86,0.85,0.86,0.86,0.85,0.86,0.86,0.86,0.86,0.71,0.86,0.86,0.86,0.86,-1.1,0.86,0.86,0.85,0.86,0.86,0.86,-1.01,0.86,0.86,0.86,0.86,-1.04,0.86,0.86,0.86,0.84,0.86,0.86,0.86,0.85,-1.11,0.86,0.86,0.86,-1.12,0.86,0.85,0.86,0.86,0.86,0.86,0.86,0.86,0.84,0.86,0.86,0.86,0.86,0.86,0.86,0.83,0.86,-1.08,0.86,0.86,0.86,-1.02,0.86,0.85,-1.03,0.86,0.86,0.84,0.86,0.85,-1.01,0.86,0.85,-1.18,0.86,0.86,0.86,0.86,0.86,-1.12,0.86,0.82,0.86,0.84,0.86,0.71,0.73,0.86,0.85,0.86,0.86,0.86,0.86,0.86,0.85,0.84,0.86,0.83,0.84,0.86,0.85,0.86,0.86,0.85,-1.12,0.86,0.85,0.86,0.86,0.86,0.86,0.86,0.86,0.86,0.86,-1.14,0.86,0.85,0.86,0.86,0.82,0.86,0.86,0.85,0.86,0.86,0.86,0.84,0.86,0.86,0.86,0.79,0.86,0.85,0.84,0.77,0.86,0.86,0.86,0.86,0.86,0.86,0.86,0.86,0.86,0.86,0.86,0.86,0.86,0.86,0.86,0.86,0.86,-1.01,0.86,-1.13,0.86,0.86,0.84,0.86,0.86,0.86,0.86,0.86,0.86,0.82,0.86,0.86,0.86,0.86,0.86,-1.02,0.86,0.85,0.86,0.85,0.85,0.86,0.83,0.86,0.86,0.86,0.86,0.86,-1.12,0.85,0.86,0.82,-1.1,0.86,0.71,0.86,0.86,0.85,0.85,0.86,0.86,0.84,0.86,0.77,0.85,0.86,0.86,0.86,0.86,0.86,0.86,0.86,0.84,-1.04,0.86,0.86,0.86,0.86,0.86,0.86,0.86,0.86,-1.12,0.85,0.86,0.86,0.86,0.86,0.85,0.86,0.58,0.86,-1.1,0.82,0.84,0.86,0.86,0.86,0.86,0.86,0.86,0.86,0.85,0.86,0.73,0.86,0.86,0.82,0.86,0.86,0.86,0.86,0.84,0.86,0.86,0.86,0.86,0.86,-1.16,0.85,0.86,0.83,0.86,0.86,0.85,0.86,0.86,0.83,0.71,0.86,0.86,0.86,0.86,0.83,0.86,0.86,-1.0,0.85,0.86,0.84,0.86,0.86,-1.02,0.86,0.86,0.84,0.86,0.85,0.86,0.85,0.86,0.84,0.84,0.86,0.86,0.86,0.84,0.86,0.86,0.86,0.86,0.86,0.86,0.86,0.78,0.86,0.83,0.85,0.75,0.85,0.86,0.86,0.86,0.86,0.84,0.86,0.86,0.86,0.86,0.85,-1.07,0.85,0.85,0.86,0.86,0.86,0.86,0.86,0.86,0.85,0.85,0.86,-1.02,0.86,0.85,0.86,0.86,0.86,0.86,0.86,0.79,0.86,0.86,0.86,-1.14,0.86,0.86,0.86,-1.1,0.86,0.85,0.86,0.84,0.84,0.86,0.86,0.86,0.86,0.84,0.86,0.86,-1.05,0.86,0.83,0.86,0.72,0.86,0.86,0.86,0.81,0.85,0.86,0.83,0.85,0.86,0.86,0.86,0.86,0.86,0.86,0.72,0.84,0.85,0.86,0.86,0.86,0.86,-1.12,0.86,0.7,0.85,0.84,0.84,0.86,0.86,0.86,0.86,0.86,0.86,0.83,0.85,0.75,0.85,0.85,0.86,0.86,0.86,0.86,0.86,0.86,-1.06,0.84,0.85,0.73,0.85,0.86,0.86,0.86,-1.0,0.86,-1.12,0.85,0.86,0.85,0.86,0.86,0.86,0.86,0.86,0.85,0.86,0.86,0.73,0.86,-1.03,0.86,0.86,-1.14,0.84,0.86,0.86,0.85,0.86,0.86,-1.05,0.86,0.84,0.86,0.86,0.86,0.85,0.85,0.86,0.86,-1.11,0.84,0.86,0.84,0.86,0.85,0.86,0.86,0.86,-1.09,0.86,0.85,0.85,0.86,0.79,0.86,0.86,0.86,0.86,0.85,0.86,0.86,0.86,0.86,0.86,0.85,0.86,0.86,0.86,0.86,0.86,0.86,0.86,0.84,0.86,0.86,0.84,0.86,0.86,0.86,0.86,0.85,0.86,0.86,0.86,0.85,0.84,0.86,0.86,-1.1,0.86,0.85,0.86,0.86,0.86,0.86,0.86,0.84,0.86,-1.13,0.84,0.85,0.86,0.86,0.86,0.86,0.86,0.86,0.71,0.84,0.86,0.86,0.86,0.86,0.85,0.86,0.86,0.86,0.86,0.86,0.86,0.83,0.86,0.86,0.86,0.81,0.86,0.86,0.84,0.86,0.86,0.86,0.86,0.86,0.84,0.82,0.86,0.83,0.86,0.86,0.85,0.86,0.86,0.85,0.86,0.86,0.86,0.86,0.86,0.86,0.86,0.86,0.86,0.86,0.85,0.85,0.83,0.84,0.85,0.84,0.86,0.86,0.86,0.86,0.86,0.86,0.85,-1.12,0.86,0.84,0.86,0.86,0.86,0.86,0.84,0.86,0.86,0.86,-1.1,0.86,0.86,0.86,0.86,0.69,-1.09,0.86,0.81,0.86,0.86,0.86,0.86,0.86,0.86,0.86,0.86,-1.18,0.85,0.86,0.86,0.86,0.86,-1.14,0.86,0.86,0.85,-1.17,0.86,0.84,0.86,0.86,-1.0,0.86,0.86,0.86,0.85,0.85,0.85,0.85,0.85,0.85,0.86,0.85,0.86,0.86,0.86,0.81,0.86,0.86,0.86,0.86,0.86,0.86,0.86,0.86,0.86
-1.11,0.82,0.84,-1.1,-1.03,-1.05,0.81,-1.13,-1.11,0.72,0.86,-1.0,-1.02,-1.01,-1.21,0.82,0.83,-1.15,-1.04,-1.08,0.75,0.85,-1.05,-1.06,0.7,0.81,0.77,0.73,0.84,0.84,0.8,0.85,0.79,0.83,0.82,0.66,-1.16,0.63,0.83,0.86,0.82,0.83,0.82,-1.09,0.86,0.86,0.84,0.85,0.82,0.86,0.86,-1.12,0.84,0.86,0.86,0.86,-1.0,0.86,0.86,0.73,-1.14,0.86,0.71,0.82,0.74,0.86,0.86,-1.14,0.85,0.86,0.86,0.86,0.86,0.86,0.86,0.86,0.86,0.86,0.86,0.86,0.86,0.86,0.86,0.86,0.86,0.86,0.86,0.86,0.86,0.86,0.86,0.86,0.86,0.71,-1.07,0.86,0.86,0.86,0.86,-1.15,0.86,0.86,0.86,0.86,0.85,0.86,0.86,0.86,0.84,0.86,0.86,0.86,0.86,0.86,0.84,0.86,0.86,0.83,-1.02,0.86,0.86,0.86,0.86,-1.0,0.85,0.86,0.86,0.86,0.86,0.86,0.86,0.86,0.86,0.86,0.85,0.85,0.86,0.86,0.86,0.85,0.81,0.86,0.86,0.86,0.85,0.86,0.86,0.86,0.86,0.86,0.86,0.84,0.86,0.86,0.86,0.86,0.86,0.86,0.85,0.86,0.71,0.86,0.86,0.86,0.86,0.86,0.84,0.86,0.86,0.86,0.86,0.86,0.86,0.86,0.86,0.86,0.84,0.86,-1.0,0.86,0.86,0.86,0.86,0.86,0.86,-1.07,0.86,0.86,0.86,0.86,0.86,0.86,0.86,0.86,0.86,0.86,0.85,0.73,0.85,0.86,0.86,0.86,0.86,0.86,0.86,-1.01,0.86,0.86,0.86,0.86,0.86,0.86,0.86,0.86,0.85,0.86,0.86,0.86,-1.11,0.86,0.84,0.86,0.86,0.86,0.86,0.84,0.85,0.86,0.86,0.86,0.86,0.86,0.86,0.84,-1.07,0.86,0.86,0.83,0.83,0.86,0.86,0.86,-1.1,0.86,0.86,0.86,0.86,0.86,0.86,0.86,0.86,0.86,0.86,0.85,-1.14,0.86,0.86,0.84,0.84,0.86,0.86,0.86,0.85,0.86,0.86,0.85,-1.03,0.86,0.86,0.86,-1.14,0.86,-1.09,0.85,0.86,-1.14,0.86,0.85,0.84,-1.08,0.86,0.86,0.86,0.86,0.86,0.86,0.86,0.85,0.86,-1.14,0.86,0.86,-1.03,0.86,0.86,0.86,0.86,-1.01,0.86,0.86,0.86,0.86,0.86,0.86,0.85,0.86,0.85,0.86,0.86,0.86,0.84,0.86,0.84,0.86,0.86,0.86,0.86,0.86,0.86,0.86,0.86,0.86,0.86,0.86,-1.14,0.86,0.86,0.86,0.86,0.86,0.86,0.86,0.86,0.86,0.86,0.85,0.86,0.86,0.86,0.85,0.86,0.81,0.85,-1.0,0.86,0.86,0.86,0.86,0.86,0.85,0.86,0.86,0.86,0.86,0.86,0.86,0.86,0.86,0.75,0.86,-1.06,0.86,-1.13,0.86,0.86,0.86,0.86,0.86,-1.14,0.86,0.84,0.84,0.84,0.86,0.86,0.86,0.86,0.83,-1.12,0.86,-1.15,0.86,0.85,0.86,0.86,0.86,0.86,0.73,0.86,0.86,0.86,0.86,0.86,0.86,0.85,0.86,0.86,-1.1,-1.07,-1.06,0.85,0.86,0.84,0.86,0.86,0.85,0.86,0.82,0.86,0.86,0.82,0.86,-1.13,0.86,0.86,0.86,0.86,0.86,0.84,0.84,0.86,0.86,0.86,0.86,0.86,0.86,0.86,0.86,0.86,0.76,0.86,-1.12,0.73,0.86,0.86,0.86,0.86,0.86,0.86,0.86,0.86,0.85,0.86,0.86,0.86,0.83,0.86,0.7,0.86,0.86,0.85,0.84,0.84,0.86,0.84,0.86,0.86,0.75,0.83,0.86,0.86,0.75,0.86,-1.04,0.85,0.83,0.86,0.86,0.86,0.85,0.83,0.86,0.86,0.86,0.84,0.86,0.86,0.86,0.86,0.86,0.86,0.86,0.86,0.86,0.86,0.86,0.86,0.86,0.86,0.86,0.86,0.86,0.86,0.86,0.86,0.86,0.85,0.86,0.86,0.86,0.86,0.86,0.86,0.86,0.86,0.85,0.86,0.86,0.86,-1.1,-1.12,0.85,0.86,0.86,0.86,0.84,0.86,0.86,0.86,0.86,0.86,0.86,-1.05,0.86,0.86,0.84,0.86,0.84,0.75,0.86,0.84,0.86,0.83,0.86,0.86,0.86,0.83,0.86,0.86,0.86,0.85,0.8,0.85,0.86,-1.0,0.86,0.86,0.85,0.86,0.86,0.86,-1.12,0.86,0.86,0.86,0.86,0.86,0.85,0.85,0.84,0.8,0.83,0.84,0.86,0.86,0.86,0.86,0.86,0.85,0.86,0.86,0.86,0.86,0.86,0.86,0.86,-1.1,0.86,0.86,0.86,0.86,0.85,0.86,0.86,0.81,0.86,0.86,0.86,0.86,0.86,0.86,0.86,0.86,0.83,0.85,0.86,0.86,0.85,0.86,0.86,0.84,0.86,0.84,0.86,0.86,0.86,0.78,0.86,0.86,-1.12,0.86,0.86,0.85,0.86,0.86,0.85,0.84,0.86,0.77,-1.0,0.86,0.85,0.85,0.86,0.86,0.86,0.86,0.86,0.86,0.86,0.86,0.86,0.86,0.86,-1.0,0.82,0.86,0.85,0.86,0.86,0.86,0.86,0.85,0.86,0.84,0.86,0.86,0.83,0.86,0.86,0.86,0.85,0.86,0.86,0.86,0.86,0.83,0.85,0.86,-1.0,0.83,0.86,-1.13,0.85,0.86,0.86,0.83,0.86,0.86,0.86,0.86,0.86,0.86,0.86,0.71,0.86,0.86,0.86,0.86,-1.1,0.86,0.86,0.86,0.86,-1.06,0.86,0.86,0.84,0.85,0.86,0.86,0.86,0.86,0.86,0.86,0.86,0.86,0.86,0.85,0.85,0.86,0.85,0.86,0.86,0.86,0.7,0.85,0.85,0.86,0.86,0.86,0.86,0.86,0.86,0.86,0.86,0.86,0.86,0.85,0.86,0.86,0.86,0.86,0.86,0.86,0.86,0.86,0.86,0.86,0.85,0.84,0.86,0.86,0.84,0.86,0.82,0.85,0.86,0.71,0.86,0.86,0.86,0.86,0.86,0.85,0.86,0.85,0.85,0.86,0.86,0.86,0.86,0.85,0.86,0.86,0.86,0.86,0.86,0.86,0.86,0.86,0.86,0.86,0.86,0.84,0.86,0.86,0.86,0.86,-1.08,0.86,0.86,0.86,0.86,0.86,0.86,0.86,0.86,0.86,0.86,0.8,0.86,0.86,0.86,0.86,0.86,0.76,0.86,0.86,0.86,-1.1,0.85,0.84,0.84,-1.03,-1.02,0.86,0.86,0.86,0.86,0.86,0.85,0.86,0.86,0.86,0.86,0.86,0.86,0.86,0.86,0.86,0.83,0.78,0.86,0.86,0.86,0.86,0.86,0.86,0.86,0.86,0.84,0.86,0.86,0.78,0.85,0.86,0.86,0.86,-1.1,0.85,0.85,0.86,-1.0,0.8,-1.12,-1.11,0.84,0.85,0.86,0.86,0.86,0.86,0.86,0.86,0.86,0.86,0.86,0.81,0.86,0.86,0.75,0.86,0.85,0.86,0.81,-1.14,0.85,0.84,0.86,0.85,0.86,0.86,0.86,0.85,0.86,0.86,0.85,0.86,0.86,0.86,0.83,0.86,0.86,0.86,0.86,0.84,0.86,0.86,0.86,0.85,0.86,0.84,0.86,0.86,0.86,0.7,0.86,0.86,0.86,0.86,0.86,0.81,-1.12,0.86,0.86,0.86,0.86,0.86,0.85,-1.09,0.86,0.86,0.86,0.86,0.86,0.86,0.86,-1.09,0.86,0.86,-1.04,0.86,0.86,0.86,0.86,0.86,0.86,0.86,0.86,0.86,0.85,0.86,0.86,0.86,0.85,0.86,0.84,0.85,-1.22,0.85,0.86,-1.14,0.85,0.86,0.86,0.86,0.86,0.86,0.85,0.86,0.86,0.86,0.85,0.86,0.86,0.86,0.86,0.86,0.86,0.86,0.86,0.86,0.86,0.85,0.85,0.86,0.86,0.85,0.85,0.84,0.86,0.86,0.86,0.84,-1.04,0.8,0.86,0.86,0.86,0.86,0.86,0.86,0.86,0.86,0.86,-1.1,0.86,0.86,0.84,0.85,0.86,0.86,0.86,0.86,0.86,0.75,0.71,0.86,0.86,0.86,0.86,0.86,0.79,0.86,0.86,0.86,0.86,0.86,-1.12,-1.02,0.86,0.86,0.86,0.86,0.86,0.83,0.86,0.86,0.86,0.86,0.86,0.86,0.84,0.86,0.86,0.85,0.86,0.86,0.86,-1.13,-1.13,0.74,0.76,0.86,0.86,0.86,0.84,0.85,0.86,0.86,-1.13,0.86,0.86,0.86,0.86,0.86,0.86,-1.1,0.85,0.86,0.86,0.86,0.86,0.86,0.86,0.84,0.85,0.86,0.84,0.85,0.86,0.85,-1.08,0.86,0.83,0.86,0.85,0.86,0.86,0.85,0.86,0.86,0.86,0.86,0.85,0.86,0.86,0.86,0.86,0.86,0.84,0.86,0.86,0.77,0.86,0.86,0.86,0.86,0.85,0.86,-1.01,0.86,0.86,0.86,0.85,0.86,0.86,-1.09,0.85,0.86,0.86,-1.11,-1.12,0.86,0.86,0.86,0.86,0.86,0.85,0.86,0.86,0.86,0.86,0.86,0.86,0.86,0.85,0.86,0.86,0.86,0.86,0.85,0.86,0.86,0.86,0.84,0.83,0.85,0.85,0.86,0.86,0.86,0.86,0.86,0.86,0.86,0.86,0.86,0.86,0.85,0.86,0.86,0.86,0.86,0.85,0.86,0.86,0.86,0.86,0.83,0.74,0.86,0.86,0.86,0.85,0.86,0.86,0.86,0.86,0.86,0.86,0.86,0.84,0.86,0.75,0.86,0.86,0.86,0.85,0.86,-1.03,0.84,0.86,0.85,0.84,0.81,0.86,0.86,0.86,0.86,0.86,0.86,0.86,0.86,0.86,0.86,0.86,0.86,0.86,0.85,0.85,0.86,0.84,0.86,0.86,0.86,0.86,0.86,0.86,0.86,0.86,0.86,0.86,-1.01,0.86,0.84,-1.0,0.86,-1.09,0.85,0.86,0.78,0.85,0.85,0.86,0.86,0.86,0.72,0.86,0.86,0.6,0.86,0.86,0.86,0.85,0.86,0.86,0.86,0.85,0.86,0.76,0.84,-1.03,0.86,0.86,0.85,0.85,0.86,0.84,0.86,0.85,0.86,0.86,0.86,0.86,0.86,0.86,0.86,0.85,0.86,0.86,0.86,0.86,0.86,0.86,0.85,0.86,0.86,0.84,0.85,0.86,-1.04,0.86,0.85,0.86,0.85,0.86,0.84,0.8,0.86,0.86,0.86,0.86,0.86,0.86,0.86,0.85,-1.08,0.78,0.85,0.86,0.86,0.86,0.86,0.86,-1.13,0.86,0.86,0.84,0.84,0.85,0.85,0.84,-1.15,0.86,0.83,0.86,0.86,0.86,0.86,0.86,0.86,0.86,0.86,0.83,0.86,0.86,0.86,0.86,0.86,0.86,0.86,-1.09,-1.03,0.86,0.85,0.86,0.84,0.85,0.86,0.86,0.86,0.86,0.84,0.86,0.86,0.85,0.86,0.86,0.86,0.86,-1.1,0.86,0.71,0.86,0.85,-1.14,0.86,0.85,0.86,0.86,0.86,0.86,0.86,0.86,0.84,0.86,0.83,0.86,0.86,0.86,-1.04,0.86,0.86,0.86,0.86,0.84,0.84,0.86,0.86,0.86,-1.05,0.86,0.84,-1.02,0.86,0.86,0.77,-1.02,0.84,0.86,0.86,0.86,0.86,-1.12,0.85,0.86,-1.04,0.86,0.86,0.86,0.86,0.85,0.86,0.86,0.72,0.86,0.86,0.86,0.86,0.85,0.85,-1.12,0.75,0.86,0.86,0.84,0.86,0.86,0.86,0.86,0.85,0.86,0.86,0.85,0.86,0.85,0.85,0.86,0.86,0.86,0.86,0.86,0.85,0.86,0.86,0.86,0.86,0.86,0.86,0.84,0.86,-1.04,0.86,0.84,0.83,0.86,0.86,0.86,0.85,0.86,0.86,0.84,0.86,0.85,0.86,0.86,0.86,0.86,0.86,0.86,0.86,0.86,0.86,0.84,0.86,0.83,0.86,0.86,0.86,-1.14,0.82,0.84,0.86,-1.01,0.85,0.86,0.86,0.86,0.86,0.86,-1.04,0.86,0.76,-1.26,0.86,0.86,0.86,0.84,0.86,0.85,0.86,0.86,0.86,0.86,0.86,-1.07,0.84,0.86,0.86,0.86,0.86,0.86,-1.01,0.85,0.86,0.86,0.86,0.86,0.86,0.86,0.86,0.86,0.86,0.86,-1.1,0.86,0.77,0.85,0.86,0.86,0.83,0.85,0.86,0.86,0.86,0.84,0.86,0.8,0.86,0.86,0.84,0.86,0.86,0.86,-1.02,0.85,0.86,-1.12,0.85,0.86,-1.08,0.84,0.86,0.85,0.86,0.86,0.86,0.86,0.86,0.86,0.86,0.86,0.86,0.58,0.86,0.86,0.84,0.86,0.86,0.84,0.86,0.85,0.86,0.86,0.86,0.86,0.86,0.85,0.86,0.86,0.86,0.86,-1.02,0.86,0.86,0.86,-1.11,0.86,0.83,-1.23,0.8,0.86,0.86,0.86,0.86,0.86,0.86,0.86,0.86,0.86,0.86,0.86,0.86,0.85,0.86,0.86,0.84,0.86,0.86,0.86,0.85,0.86,0.86,0.86,0.86,0.86,0.83,0.86,0.86,0.86,0.86,0.86,0.86,0.85,0.84,0.86,-1.12,0.85,0.86,0.85,0.86,0.86,0.86,0.81,0.86,0.86,0.86,0.86,0.86,0.86,0.86,0.86,-1.06,0.86,0.83,0.83,0.86,0.86,0.85,0.85,0.86,0.86,0.86,0.86,0.86,0.86,0.86,0.84,0.86,0.85,0.86,0.86,0.86,0.86,0.86,0.86,0.86,0.86,0.86,0.86,0.86,0.86,0.86,0.67,-1.04,0.71,0.85,0.86,0.86,0.86,0.84,0.85,0.86,0.86,0.86,0.85,0.86,0.86,0.86,-1.1,0.86,-1.07,0.86,0.86,0.86,0.86,0.86,0.86,0.86,0.83,-1.14,0.86,0.86,0.86,0.86,0.86,0.83,0.85,0.86,0.84,0.86,0.86,0.86,0.85,0.86,0.86,-1.09,0.86,0.84,0.83,0.78,0.86,0.86,0.86,0.86,0.85,0.86,0.86,0.86,-1.02,0.86,0.86,0.86,0.86,0.85,0.85,0.86,0.86,0.86,0.86,0.85,-1.14,0.86,0.86,0.86,0.86,0.86,0.81,0.82,0.86,0.85,0.86,0.86,0.86,0.86,0.86,0.85,0.86,0.86,0.84,-1.12,0.85,0.85,-1.04,0.85,0.86,0.86,-1.13,0.86,0.86,0.86,0.86,0.86,0.86,0.86,0.86,0.86,0.86,0.85,0.86,0.86,0.86,0.86,0.86,0.86,0.72,-1.05,0.86,0.86,0.86,0.84,0.86,0.84,0.86,0.86,0.86,0.86,0.84,0.86,0.86,0.86,0.86,0.86,0.86,0.86,0.86,0.86,0.86,0.86,0.85,-1.18,0.84,0.85,0.86,0.86,0.86,0.84,0.75,0.86,0.86,0.74,0.86,0.86,0.86,0.75,0.86,0.86,0.86,0.86,0.86,0.84,0.86,0.86,0.83,0.86,0.86,-1.15,0.85,0.86,0.86,0.85,0.83,0.73,0.86,0.86,0.86,0.85,0.86,0.86,0.86,0.86,0.86,0.86,0.86,0.84,0.86,0.86,0.86,0.83,0.86,0.86,0.86,0.86,0.86,0.86,0.86,0.86,0.82,0.85,0.86,0.86,0.84,0.86,0.84,0.86,0.84,0.86,0.86,0.81,0.86,0.85,-1.02,0.86,-1.11,0.83,0.86,0.86,0.86,0.86,0.85,0.86,0.86,-1.02,0.78,0.86,0.86,0.86,0.84,0.86,0.84,0.86,0.84,-1.12,0.86,0.86,0.85,0.86,0.86,0.86,0.86,0.86,0.86,0.86,0.86,0.86,0.86,0.86,0.85,0.86,0.86,0.86,0.86,0.86,0.86,0.86,0.86,0.86,0.86,-1.03,-1.09,-1.13,0.86,0.86,0.86,0.86,0.86,0.85,0.86,0.84,0.85,0.85,0.86,0.86,0.86,0.85,0.86,0.86,-1.1,0.85,0.86,0.86,-1.02,0.86,0.86,0.86,0.86,0.86,0.86,0.86,0.86,0.86,0.86,0.86,0.86,0.85,0.86,0.84,0.86,0.86,0.86,0.86,0.86,0.86,0.86,0.86,0.84,0.85,0.86,0.86,-1.05,0.86,0.84,0.86,0.86,0.86,0.86,-1.03,0.86,0.86,0.84,0.86,0.86,-1.03,-1.03,0.83,0.86,0.86,0.86,-1.03,0.86,0.86,0.86,0.84,0.86,0.86,0.85,0.86,0.86,0.85,0.86,0.86,0.86,0.86,0.86,0.86,0.86,0.86,0.86,0.85,0.86,0.83,0.84,0.86,0.86,0.86,0.86,0.85,-1.15,0.86,0.86,0.82,0.85,0.86,0.86,0.86,0.86,0.86,0.86,0.86,0.86,0.86,0.86,0.86,0.86,0.86,0.86,0.86,0.86,-1.11,0.85,0.86,0.76,0.86,-1.03,0.86,0.77,0.82,0.86,0.86,0.86,0.86,0.86,-1.02,0.84,0.86,0.86,0.85,0.86,0.85,0.86,-1.13,0.84,0.86,0.86,0.83,0.86,0.86,0.86,0.86,-1.03,0.86,0.85,0.86,-1.02,0.84,0.86,0.85,0.86,0.85,0.86,0.86,0.86,0.81,0.86,-1.05,0.86,0.86,0.84,0.84,0.85,0.85,0.86,0.86,0.86,-1.03,0.86,0.84,0.86,0.86,0.86,-1.02,0.85,-1.01,0.86,0.83,0.85,0.86,0.86,0.84,-1.14,0.85,0.85,0.86,0.86,0.86,0.86,0.83,0.86,0.86,0.85,0.86,-1.07,-1.02,0.85,0.85,0.86,0.86,-1.02,0.86,-1.01,0.78,0.86,0.86,0.86,0.86,0.75,0.86,0.86,0.86,0.71,0.86,0.86,0.86,0.84,0.85,0.75,-1.14,0.86,0.86,0.86,0.86,0.86,0.84,0.86,0.86,0.86,0.86,0.86,0.86,0.86,0.86,0.86,0.86,-1.01,0.86,0.86,0.86,0.8,0.76,0.86,0.86,0.83,0.86,0.85,0.86,0.86,0.84,0.86,0.86,-1.08,0.85,0.86,0.85,0.86,0.86,0.86,0.86,0.85,0.86,0.86,0.85,0.86,0.85,0.86,0.84,0.84,0.86,0.86,0.85,0.83,0.86,0.86,0.86,0.86,0.86,0.86,0.86,0.86,0.86,0.86,0.86,0.72,0.86,0.86,0.86,0.86,0.86,0.86,0.86,0.86,0.83,0.86,0.86,0.86,0.86,0.84,0.81,0.86,0.86,0.86,0.86,0.86,0.86,0.86,0.86,0.86,0.85,0.85,0.86,0.86,0.86,0.86,0.86,0.86,0.86,0.86,0.86,0.86,0.86,0.86,-1.13,0.85,0.86,-1.15,0.86,0.86,0.86,0.85,0.85,0.82,0.86,0.86,0.86,0.86,0.86,0.86,0.86,0.86,-1.02,0.86,0.86,0.84,0.86,0.86,0.85,0.86,0.84,0.86,0.86,-1.06,0.86,0.85,0.86,0.86,0.86,0.84,0.85,0.86,0.83,0.86,0.84,0.86,0.85,-1.02,0.86,0.81,0.85,0.84,0.85,0.84,0.85,0.86,0.86,0.86,0.86,0.86,0.86,0.86,0.86,0.86,0.86,0.86,0.86,0.86,0.86,0.86,0.86,0.86,0.86,0.86,0.72,0.86,0.86,0.85,0.86,0.86,0.86,-1.2,0.86,0.85,0.86,-1.14,0.86,0.85,0.83,0.86,0.84,0.86,0.86,0.86,0.86,0.84,0.85,0.86,0.86,0.86,0.86,0.71,0.86,0.83,-1.15,0.86,0.7,0.83,0.85,0.86,-1.14,0.86,0.84,0.85,-1.03,0.86,0.86,0.86,0.84,0.86,0.86,0.85,0.86,0.86,0.86,-1.04,0.81,0.86,0.86,0.86,0.86,-1.07,0.86,0.84,0.84,0.86,0.86,0.84,0.86,0.86,0.86,0.86,0.86,0.86,0.86,0.85,0.86,0.83,0.83,0.86,-1.12,0.85,0.86,0.78,0.86,0.86,0.86,0.86,0.86,0.86,0.86,0.85,0.86,0.86,0.85,0.86,0.86,0.86,0.86,0.86,0.82,0.86,0.86,0.85,-1.02,0.86,0.86,0.86,0.86,0.86,0.86,0.86,0.86,0.86,0.86,0.85,0.86,0.86,0.86,0.86,0.86,0.86,0.86,0.85,0.86,0.86,0.86,0.86,0.85,0.84,0.86,0.86,0.86,-1.14,0.86,0.86,0.85,0.86,0.84,0.86,0.86,0.86,0.86,0.86,0.86,0.86,0.82,-1.09,0.86,0.85,-1.01,0.86,0.86,0.83,0.86,0.84,0.83,0.79,0.86,0.85,0.86,0.86,0.86,0.84,0.86,0.84,0.86,0.86,0.85,0.86,0.86,0.86,0.84,0.85,0.86,0.86,0.85,0.86,0.86,0.86,0.86,0.85,0.86,0.85,-1.03,0.86,0.86,0.86,0.86,0.86,0.86,0.86,0.86,0.86,0.86,0.86,0.86,0.86,0.86,0.86,0.83,0.86,0.86,0.83,0.86,0.86,0.86,0.81,0.86,0.86,0.86,0.86,0.86,0.84,0.85,0.85,0.85,0.86,0.86,0.86,0.86,0.84,0.86,0.86,0.86,0.86,0.86,0.86,0.86,0.86,0.86,0.86,0.86,0.84,0.86,0.86,0.86,0.86,0.86,0.86,0.86,0.86,0.86,-1.12,0.85,0.86,0.86,0.84,0.86,0.73,0.86,0.86,0.83,0.86,0.86,0.86,0.83,0.84,0.86,0.83,0.83,0.86,0.86,-1.03,0.86,0.85,0.86,0.86,0.86,0.86,0.86,0.86,0.86,0.86,-1.03,0.81,0.86,0.86,-1.1,0.86,0.86,0.86,0.86,0.85,0.86,0.86,0.86,0.86,0.86,0.86,0.86,0.84,0.86,0.86,0.86,0.85,0.86,0.85,0.86,0.86,-1.13,0.85,0.86,0.85,0.86,0.86,0.86,0.69,-1.07,0.85,0.84,0.86,0.86,0.86,0.86,0.86,0.86,0.86,0.86,0.86,0.86,0.86,0.86,0.84,0.86,0.86,0.86,0.84,0.86,0.84,0.86,0.71,0.86,0.86,0.86,0.84,0.84,-1.0,0.86,0.86,0.86,0.86,0.86,0.86,0.86,0.85,0.86,-1.06,0.86,0.85,0.86,0.86,0.86,0.84,0.86,0.86,0.86,0.86,0.86,-1.14,0.86,0.86,0.86,0.86,0.86,0.85,0.86,0.86,0.86,0.86,-1.11,0.85,0.85,0.86,-1.05,0.8,0.86,0.86,0.86,0.86,0.84,0.85,0.84,0.86,0.85,0.86,0.86,0.86,0.85,0.86,0.86,0.86,0.86,0.85,0.86,0.85,0.8,0.86,0.86,0.86,0.85,0.84,0.86,0.85,0.86,0.86,0.86,0.86,0.76,0.86,0.86,0.86,0.86,0.86,0.84,0.86,-1.04,0.85,0.85,0.86,0.86,0.86,0.86,0.86,0.86,0.86,0.86,0.84,0.86,-1.07,0.86,0.86,0.86,0.83,0.86,0.85,-1.11,0.86,0.86,0.86,0.74,0.86,0.85,0.85,0.86,0.86,0.86,0.84,0.86,-1.09,0.86,0.85,0.86,0.86,0.86,0.86,0.85,-1.1,0.86,0.84,0.85,0.86,0.85,0.86,0.86,0.86,-1.16,-1.06,0.86,0.86,0.86,0.86,0.86,0.86,0.85,-1.08,0.85,0.83,0.86,0.86,0.86,0.86,0.86,0.86,0.86,0.86,0.86,0.84,0.86,-1.14,0.86,0.86,0.85,0.86,0.86,-1.0,0.86,0.83,0.86,0.86,0.86,0.86,0.86,0.86,-1.06,0.72,0.86,0.85,0.86,0.86,0.86,0.86,0.84,0.86,0.86,0.85,0.86,0.86,0.86,0.86,0.86,0.86,0.86,0.83,0.86,0.86,0.84,0.85,0.85,0.86,0.86,0.86,0.86,0.86,0.78,0.86,0.86,0.86,0.86,0.85,0.86,0.84,0.86,-1.13,0.86,0.86,0.86,0.86,0.86,0.86,0.86,0.86,0.86,0.86,0.86,0.86,0.85,0.86,0.86,0.85,0.86,0.85,0.86,0.86,0.86,-1.02,0.85,0.85,0.86,0.86,0.86,0.86,0.85,0.86,0.86,0.86,0.86,0.71,0.86,0.86,0.84,0.85,0.85,-1.13,0.86,0.83,0.86,0.86,0.86,0.86,0.86,0.86,0.81,0.86,0.86,0.86,0.84,0.81,0.86,0.86,0.86,0.86,0.86,-1.11,0.86,0.84,0.83,0.84,0.85,0.86,0.86,-1.03,-1.01,0.83,-1.0,0.85,0.85,0.84,0.86,0.86,0.86,0.86,0.86,0.86,0.86,0.86,0.86,0.85,0.86,0.84,0.75,0.84,0.86,0.86,0.85,0.84,0.74,0.71,0.84,0.86,0.86,0.83,0.86,0.86,0.86,0.86,0.86,0.86,0.86,0.86,0.84,0.86,0.86,0.86,0.86,0.86,0.86,0.86,0.85,0.86,0.86,0.86,0.86,-1.02,0.86,0.85,0.86,0.86,0.86,0.86,0.84,0.86,0.86,0.84,0.86,0.86,0.86,0.86,-1.06,0.85,0.86,0.86,0.86,0.86,0.86,0.85,-1.02,0.85,-1.15,0.85,0.86,-1.06,0.86,0.86,0.86,0.86,0.86,0.86,0.85,0.81,0.86,0.86,0.86,0.86,-1.03,0.85,0.86,0.86,-1.12,0.72,0.84,0.86
-1.19,0.83,-1.1,0.84,-1.03,-1.08,-1.24,-1.23,-1.08,-1.59,0.8,-1.07,-1.06,-1.08,-1.02,-1.09,0.8,0.8,0.84,0.85,0.75,-1.02,0.83,0.75,-1.04,0.86,-1.12,-1.03,0.85,-1.04,0.55,-1.1,0.86,0.76,0.75,0.7,0.81,0.85,0.82,0.82,-1.1,0.84,0.86,0.73,-1.13,-1.03,0.84,0.84,0.84,-1.15,0.81,0.86,0.86,0.86,-1.07,0.86,0.86,0.86,0.86,-1.1,0.79,-1.13,0.83,0.86,0.86,0.86,0.86,0.86,0.86,-1.05,0.86,0.86,0.86,0.86,0.83,0.83,0.86,0.86,0.86,0.86,0.86,0.86,0.86,-1.14,0.86,0.86,0.85,0.86,0.86,0.86,0.86,0.86,0.86,0.86,-1.13,0.86,0.86,0.86,0.86,0.86,0.85,0.86,0.77,0.86,0.86,0.85,0.84,0.86,0.86,0.86,0.86,0.84,0.86,0.86,0.86,0.86,0.73,0.85,0.86,0.86,0.86,0.86,-1.03,0.86,0.86,0.86,0.86,0.86,0.84,0.86,0.86,0.86,0.86,0.86,0.86,0.86,0.86,0.86,0.84,0.86,0.86,0.86,0.84,0.84,0.86,0.86,0.86,0.86,-1.1,0.84,0.86,0.86,-1.08,0.86,0.86,0.86,0.86,0.85,0.82,0.86,0.86,0.86,0.86,0.86,0.86,0.85,0.73,0.86,0.84,-1.11,0.84,0.86,0.86,0.86,0.86,0.86,0.83,0.86,0.86,0.85,0.86,0.86,0.86,0.86,0.84,0.86,0.86,0.86,0.86,0.85,0.86,0.85,0.85,0.86,0.86,0.86,0.86,0.86,0.85,0.86,0.86,0.86,0.86,0.86,-1.03,0.86,0.86,0.86,0.86,0.86,0.86,0.86,0.84,0.86,0.86,0.86,0.86,0.86,0.84,0.82,0.85,0.86,0.86,0.86,0.86,0.86,0.86,0.86,0.86,0.86,0.86,0.86,0.86,0.86,0.86,0.86,0.86,0.86,0.82,0.86,0.86,0.86,0.86,-1.09,0.86,0.86,0.86,0.81,0.86,0.86,0.86,0.86,0.86,0.86,-1.06,0.86,0.86,0.83,0.86,0.86,0.86,0.86,0.85,0.86,0.85,0.86,0.86,0.75,0.85,0.86,0.86,0.86,0.86,0.85,0.86,0.86,0.85,0.86,0.86,0.86,0.84,0.86,0.86,0.86,0.85,0.86,0.86,0.81,0.86,0.86,0.86,0.86,0.86,0.86,-1.11,0.86,0.86,0.86,0.86,0.86,0.86,0.86,0.86,0.86,0.85,0.86,0.86,0.86,0.86,0.84,0.86,0.86,-1.11,0.86,0.86,0.85,0.86,0.86,0.86,0.86,0.86,0.86,0.86,0.86,0.86,0.86,-1.12,0.86,0.86,0.86,-1.09,0.86,0.86,0.85,0.86,-1.01,0.86,0.86,0.63,0.86,0.86,-1.02,0.86,0.86,0.86,0.86,0.86,0.86,0.86,0.86,0.85,0.84,0.86,0.84,0.86,0.86,0.86,0.86,0.71,0.86,0.86,0.86,0.86,0.86,0.86,0.84,0.86,-1.04,0.86,0.86,0.86,0.86,0.84,-1.0,0.86,-1.13,0.86,0.86,0.86,0.85,0.85,0.86,0.86,0.86,0.86,0.84,0.85,0.86,0.86,0.86,0.86,0.86,0.86,0.86,0.86,0.84,0.86,0.86,0.86,0.86,0.86,0.86,0.86,0.86,0.85,0.85,0.86,0.86,0.86,0.86,-1.14,0.85,0.86,0.86,0.86,0.86,0.75,0.86,0.86,0.85,0.86,0.86,0.86,0.86,0.84,0.83,0.86,0.85,0.72,0.86,0.86,0.86,-1.09,0.85,0.86,0.86,0.86,0.86,0.83,0.86,0.85,0.86,0.86,0.86,0.86,0.86,0.86,-1.08,0.86,0.85,0.86,0.86,-1.01,0.85,0.86,0.86,0.86,0.85,0.86,0.86,0.86,0.86,0.86,-1.13,0.86,0.86,0.86,0.84,0.84,0.86,0.85,0.86,0.85,0.86,0.86,0.86,0.86,0.86,0.85,0.86,0.86,0.86,0.86,0.86,0.86,0.85,0.86,0.86,0.86,0.85,0.86,-1.17,0.86,0.85,0.86,0.86,0.86,0.86,0.86,0.86,0.86,0.86,0.86,0.86,0.86,0.86,0.86,0.76,0.85,0.86,0.86,0.86,0.85,0.85,0.86,0.86,0.85,0.86,0.86,0.86,0.84,0.84,0.86,0.86,0.86,0.86,0.86,0.86,0.86,0.86,0.86,0.86,0.86,0.86,0.85,0.86,0.86,0.86,0.86,0.85,0.85,0.75,0.85,0.86,0.86,0.86,-1.13,0.86,0.86,0.73,0.86,0.86,0.86,0.77,0.86,0.86,0.86,0.86,0.86,0.83,-1.05,0.86,0.86,-1.09,0.86,0.86,0.86,0.86,0.86,0.86,0.86,0.86,0.86,0.86,0.85,0.71,0.86,0.76,0.86,0.86,0.86,0.86,0.84,0.86,0.86,0.86,0.86,0.86,-1.1,-1.07,0.86,0.86,0.86,0.86,0.86,0.86,0.86,0.86,0.86,0.86,0.86,0.86,0.86,0.84,0.84,0.85,0.86,0.86,0.86,0.85,0.86,0.86,0.82,0.86,0.86,0.85,0.86,-1.0,0.85,0.85,-1.12,0.86,0.85,-1.12,0.86,0.86,0.85,0.86,0.86,0.84,0.85,0.86,0.85,0.84,0.86,0.86,0.86,0.86,0.86,0.86,0.86,0.86,0.86,-1.0,0.86,0.86,0.86,0.86,0.86,0.86,0.86,0.86,0.85,0.74,0.86,-1.15,0.85,0.86,0.86,-1.09,0.86,0.86,0.86,-1.02,0.84,0.86,0.86,0.86,0.86,0.86,0.86,-1.0,0.86,0.86,0.86,0.86,0.86,0.71,0.86,0.86,0.86,0.86,0.86,0.86,0.84,0.86,0.86,0.86,0.86,0.83,0.86,-1.04,0.86,0.86,0.86,0.86,0.86,0.86,0.86,0.73,0.86,0.85,0.86,0.86,0.85,0.86,0.85,0.86,0.86,0.86,0.86,0.86,0.86,0.86,0.86,0.86,0.86,0.86,0.85,-1.02,0.86,0.85,0.82,-1.07,0.86,0.86,0.85,0.86,0.86,0.86,0.86,0.85,0.86,0.86,0.86,0.85,0.83,0.86,0.86,0.86,0.86,-1.11,0.85,0.86,0.86,0.85,0.86,0.86,0.85,0.86,0.86,0.86,0.86,0.86,0.86,0.86,0.86,0.86,0.85,0.81,0.85,0.85,0.81,-1.08,0.86,0.86,0.86,0.84,0.86,0.85,0.86,0.86,0.86,0.86,0.86,0.86,0.86,0.86,0.73,0.86,0.86,0.86,0.85,0.86,0.86,0.8,0.86,-1.06,0.86,0.86,0.86,0.86,0.86,0.86,0.86,0.86,0.86,-1.03,0.85,0.86,0.86,0.86,0.85,0.86,-1.12,-1.03,0.85,0.86,0.86,0.86,0.86,0.86,0.86,0.86,0.86,0.85,0.86,0.86,-1.02,0.86,0.85,0.86,0.86,0.81,0.86,0.86,0.86,0.86,0.86,0.86,0.84,0.86,0.86,0.86,0.86,0.85,0.84,0.86,-1.13,0.86,0.86,0.86,0.86,0.86,0.84,0.86,0.85,0.86,-1.08,0.83,0.83,0.83,0.85,0.86,0.86,0.86,0.86,0.84,0.86,0.86,0.86,0.86,-1.05,-1.02,0.86,0.85,0.86,0.82,0.86,0.86,-1.16,0.83,0.86,0.85,0.83,0.86,0.84,0.86,0.86,0.86,0.86,0.86,0.85,0.86,0.86,0.86,0.86,-1.05,0.85,-1.08,0.86,-1.03,0.86,0.83,0.86,0.86,0.86,-1.1,0.86,0.84,0.85,0.86,0.84,0.86,0.86,0.86,0.85,0.85,0.83,0.86,0.86,0.86,0.83,0.82,0.86,0.75,0.84,0.86,0.86,0.84,0.86,0.84,-1.13,0.84,0.86,0.82,0.85,0.82,0.86,0.86,0.86,0.85,0.86,0.76,0.86,0.85,0.86,-1.12,-1.01,0.86,0.86,0.84,0.86,0.86,0.86,-1.11,0.86,0.85,0.85,0.86,0.86,0.86,0.86,0.82,0.86,0.86,0.86,0.86,-1.11,0.86,0.85,0.86,-1.09,0.86,0.86,0.86,0.86,0.86,0.86,0.86,0.86,0.86,0.86,0.86,-1.08,0.86,0.85,0.86,0.86,0.86,-1.0,0.86,0.84,0.86,0.85,0.85,0.86,0.85,0.86,0.86,0.86,0.86,0.86,0.86,0.86,0.86,0.86,0.86,0.86,0.86,0.86,0.86,0.86,0.86,0.86,0.86,0.86,0.86,0.86,0.85,0.86,0.86,0.86,0.86,0.86,-1.01,-1.04,0.86,-1.02,0.86,-1.1,0.86,0.86,0.86,0.85,0.86,0.86,0.86,0.86,0.86,0.85,0.83,-1.04,0.86,0.85,0.86,0.86,0.86,0.85,0.86,0.86,0.86,0.86,0.86,0.86,0.86,0.86,0.86,0.86,0.86,0.86,-1.14,0.84,0.86,0.85,0.86,0.86,0.86,0.86,0.86,0.86,0.86,-1.06,-1.05,0.86,0.86,0.86,0.84,0.86,0.84,0.85,0.86,0.84,0.85,0.86,0.85,0.86,0.86,0.86,0.73,0.8,0.86,0.86,0.84,0.86,0.86,0.84,0.86,0.86,0.86,0.86,0.86,0.86,0.83,0.73,0.86,0.86,0.85,0.86,0.85,0.86,0.85,-1.05,0.71,0.86,0.86,0.86,0.86,0.85,0.86,0.86,0.86,0.86,0.85,0.86,0.86,0.86,0.86,0.86,0.86,0.86,0.86,0.86,0.86,0.85,0.85,0.84,0.86,0.86,0.86,0.86,0.84,0.86,0.85,0.86,0.86,0.86,0.86,0.86,0.86,0.86,0.86,0.86,0.86,0.86,0.85,0.85,0.86,0.86,-1.09,0.85,0.85,0.86,0.86,0.86,0.86,0.78,0.84,0.86,0.86,0.86,0.86,0.86,0.86,0.85,0.86,0.75,0.84,0.86,0.86,0.86,0.86,0.86,0.86,0.86,0.86,0.86,0.86,0.86,0.85,0.86,0.86,0.86,0.82,0.86,0.86,0.86,0.86,-1.05,0.86,0.85,0.86,0.86,0.86,0.86,0.86,0.86,0.85,0.86,0.86,0.86,0.86,0.85,0.84,0.86,0.84,0.86,0.86,0.86,0.86,0.86,0.86,0.86,0.86,-1.12,0.86,0.85,0.84,0.86,0.86,0.86,0.86,-1.03,0.84,0.84,0.86,-1.26,0.86,-1.12,0.86,0.86,0.86,0.85,0.86,0.86,-1.02,0.85,0.86,0.85,0.84,0.86,0.86,0.86,0.86,0.86,0.86,0.86,0.86,0.86,0.86,0.82,0.86,0.86,0.86,0.86,-1.11,0.86,-1.07,0.86,0.86,0.86,-1.01,0.81,0.86,0.86,0.85,0.84,0.85,0.86,-1.0,0.86,0.86,0.86,0.86,0.86,0.86,-1.13,0.86,0.86,0.86,0.86,0.84,0.86,0.86,0.86,0.86,0.86,0.86,0.86,0.86,0.86,0.74,0.86,0.86,0.86,0.83,0.86,0.86,0.8,0.86,-1.12,0.84,0.86,0.86,0.86,0.86,0.85,0.86,0.86,0.86,0.86,0.86,0.86,0.85,0.86,0.86,0.86,0.86,0.86,-1.12,0.86,0.86,0.86,0.85,0.86,0.86,0.85,0.86,0.86,0.86,0.85,0.86,0.84,0.86,0.73,-1.13,0.84,0.86,0.86,0.86,0.86,0.86,0.86,0.84,0.84,0.86,0.85,0.86,0.86,0.86,0.86,0.86,-1.09,0.86,0.86,0.86,0.86,0.86,-1.09,0.86,0.85,0.86,0.86,0.86,0.86,0.82,0.86,0.86,0.86,0.86,0.84,0.84,0.86,0.86,0.86,0.86,0.86,0.86,0.86,0.85,0.84,0.86,0.86,0.86,0.86,0.86,0.86,0.86,0.86,0.85,0.86,0.85,0.86,0.86,0.86,0.84,0.86,0.72,0.84,0.84,0.86,0.85,0.86,0.86,0.86,0.86,0.85,0.86,0.85,0.86,0.85,0.84,0.86,0.86,0.86,0.86,0.86,0.86,0.85,0.86,0.86,0.86,0.86,0.83,0.86,0.86,0.85,0.85,-1.1,0.86,0.86,-1.11,0.84,0.86,0.86,0.86,0.86,0.86,0.83,-1.1,0.75,0.86,0.86,0.86,0.86,0.84,0.85,0.86,0.85,0.86,0.86,0.86,0.86,0.86,-1.03,0.86,0.86,0.83,0.86,0.86,0.86,0.85,0.85,0.86,0.86,0.86,0.86,0.84,0.86,0.86,0.86,0.8,0.86,0.86,0.86,0.85,0.86,0.86,0.86,0.84,-1.03,0.86,0.79,0.86,0.86,0.86,0.86,0.86,0.86,0.85,-1.02,0.86,0.85,0.86,0.86,0.86,0.86,0.86,0.86,0.86,0.86,0.86,0.86,0.86,0.86,0.86,0.86,0.86,0.86,0.86,0.86,0.86,-1.12,0.85,0.85,-1.09,0.86,0.85,0.84,0.86,0.86,0.86,0.86,0.86,0.86,0.85,0.86,0.84,0.86,0.86,0.86,0.86,0.86,0.86,0.86,0.86,0.86,0.85,0.86,0.86,0.86,0.86,0.86,0.77,0.85,0.86,0.86,0.86,0.86,0.86,0.86,0.86,0.86,0.85,0.86,0.85,0.86,0.85,-1.14,0.86,0.86,0.86,0.86,0.86,0.86,0.86,0.86,0.86,0.85,0.86,-1.05,0.85,0.86,0.86,0.86,0.86,0.86,0.86,0.86,0.86,0.85,0.86,0.86,0.86,0.86,0.86,0.85,0.86,0.85,0.86,0.86,0.86,0.86,0.86,0.86,0.84,0.86,0.86,0.86,-1.05,0.86,0.84,0.86,0.86,-1.15,-1.01,0.81,0.85,0.86,0.86,0.86,0.75,0.84,0.78,0.86,0.84,0.86,0.86,0.86,-1.11,0.85,0.86,0.85,0.86,0.86,0.86,0.86,0.86,0.86,0.86,0.86,0.84,0.86,0.86,0.86,0.86,0.86,0.86,0.86,-1.04,0.86,0.86,-1.12,0.71,0.86,0.85,0.86,0.86,0.86,0.86,0.86,0.85,0.83,0.86,0.86,0.84,0.86,0.86,0.86,0.86,-1.14,0.83,0.86,0.86,0.86,0.86,0.86,0.86,0.86,0.85,0.84,0.86,0.86,0.86,0.84,0.86,0.86,-1.07,0.85,0.86,0.86,0.85,0.86,0.82,0.86,-1.02,0.86,0.84,0.86,0.85,0.86,0.85,0.85,0.86,0.86,0.85,0.86,-1.04,0.86,0.86,0.86,0.86,0.84,-1.12,0.84,0.86,0.86,0.86,0.86,0.86,0.86,0.85,0.85,0.86,0.86,0.86,0.86,-1.0,0.86,0.86,0.86,0.86,0.86,0.86,0.86,0.86,0.86,0.86,0.86,0.86,0.86,0.86,0.86,0.84,0.86,0.86,0.86,0.86,0.86,0.86,0.86,0.86,0.86,0.86,0.86,0.76,0.86,0.86,0.85,0.86,-1.03,0.86,0.86,0.86,0.86,0.86,0.86,0.86,0.86,0.86,0.85,0.86,0.86,0.85,0.86,-1.13,0.86,0.86,0.86,0.86,0.86,0.86,0.86,0.86,0.86,0.86,0.86,0.86,0.86,0.86,0.86,0.86,0.86,0.86,0.86,0.86,0.84,0.86,0.86,0.86,0.86,0.86,0.86,0.86,0.86,0.85,0.86,-1.13,0.86,0.86,0.86,0.86,0.86,0.85,0.86,0.86,0.85,0.85,-1.12,0.83,0.86,0.86,0.86,0.86,0.86,0.86,0.86,0.85,0.84,0.86,0.86,0.86,0.86,0.86,0.86,-1.07,0.86,0.86,0.86,0.84,0.86,0.86,0.84,0.86,0.84,0.86,-1.02,0.84,0.78,0.85,0.75,0.83,0.85,0.86,0.86,0.77,0.85,0.86,0.86,0.86,0.86,0.85,0.86,0.86,0.86,0.86,0.86,0.86,0.86,0.84,0.86,0.86,-1.15,0.86,0.85,0.82,0.86,0.86,0.86,0.86,0.86,0.86,0.85,0.77,-1.12,0.86,0.86,0.84,0.86,0.86,0.86,0.86,-1.03,0.86,0.86,0.86,0.86,0.86,0.86,0.85,0.82,0.86,0.86,0.86,0.86,0.86,0.86,-1.04,0.73,0.86,0.86,0.86,0.86,0.86,0.86,0.86,0.85,0.86,-1.02,0.86,0.85,0.86,0.86,0.86,0.86,0.86,0.86,0.86,0.86,0.86,0.86,0.86,0.86,0.86,0.86,0.86,-1.06,0.86,0.86,0.86,0.86,0.86,0.73,0.86,0.85,0.84,0.86,0.82,0.86,0.86,0.86,-1.01,0.86,0.86,-1.14,0.86,0.86,0.86,0.86,0.86,0.86,0.86,0.86,-1.02,0.86,0.85,0.84,0.86,0.86,0.86,0.86,0.86,0.85,0.86,0.85,0.86,0.86,0.86,-1.13,0.86,0.86,0.86,0.86,-1.09,0.86,0.83,0.85,0.86,-1.02,-1.15,0.85,0.85,0.85,0.86,0.86,0.85,0.86,0.84,0.86,-1.07,0.85,0.86,0.86,0.86,0.86,0.86,-1.13,0.86,0.86,0.86,0.86,-1.09,0.85,0.85,0.86,0.85,0.86,0.86,0.85,0.86,0.86,0.86,0.86,0.86,0.62,0.84,0.86,0.86,0.86,0.86,0.86,0.86,0.85,0.86,0.86,-1.01,0.85,0.86,0.85,0.84,0.86,0.86,0.86,0.86,0.85,0.86,0.86,0.73,0.86,0.74,0.86,0.86,0.86,0.84,0.86,0.86,0.86,0.85,0.86,0.86,0.86,0.83,0.86,0.86,0.86,0.86,0.86,0.86,0.86,0.86,0.86,0.85,0.86,0.86,0.86,0.86,0.86,0.84,0.86,0.86,0.86,0.86,0.86,0.86,0.85,0.86,0.86,0.85,0.86,0.86,0.86,0.86,0.86,0.86,-1.02,0.85,0.86,0.86,-1.14,0.86,0.84,0.86,0.86,0.86,0.86,0.84,-1.13,0.86,0.86,0.85,0.85,0.86,0.86,0.86,0.86,0.85,0.84,0.81,0.86,0.86,0.86,0.86,0.85,0.86,0.86,0.86,0.86,0.86,0.86,0.85,0.86,0.86,-1.09,0.86,0.84,0.86,0.82,0.86,0.86,0.86,0.86,0.86,-1.13,0.86,0.84,0.86,0.86,0.86,0.86,0.84,0.86,0.86,0.86,0.86,0.86,0.86,-1.13,0.86,-1.07,0.86,0.81,0.86,0.85,0.86,0.84,0.78,-1.12,0.86,0.85,0.71,0.84,-1.06,0.86,0.84,0.86,0.84,0.78,0.83,0.86,0.85,0.86,0.86,0.85,0.86,0.86,0.85,0.86,0.86,0.86,-1.11,0.86,0.86,0.86,0.86,0.86,0.86,0.86,0.86,0.86,0.86,0.86,0.85,0.86,0.84,0.86,0.86,0.84,0.86,0.86,0.86,0.86,-1.13,0.84,0.86,0.86,0.86,0.86,0.86,0.86,0.86,0.86,0.86,0.86,0.86,0.86,-1.16,0.84,0.85,0.86,0.86,0.86,-1.19,0.86,0.86,0.86,0.86,0.85,0.85,0.83,0.86,0.86,0.86,0.84,0.86,0.86,0.86,0.86,0.86,0.86,0.86,0.86,0.86,0.86,0.86,0.85,0.78,0.86,0.86,0.86,0.86,0.85,0.86,0.86,0.85,0.75,0.86,0.86,0.86,0.86,0.86,0.86,0.86,0.84,0.86,0.84,0.84,0.86,0.86,0.78,0.85,0.86,0.86,0.86,0.85,0.86,0.86,0.84,0.83,0.85,0.86,0.86,0.86,0.86,-1.08,0.86,0.83,0.86,0.86,0.86,0.85,0.86,0.86,0.86,0.86,0.86,0.86,-1.09,-1.13,0.86,0.85,0.86,0.86,0.86,0.86,0.86,0.86,0.86,0.86,0.86,0.86,0.86,0.86,0.77,0.85,0.86,0.85,0.85,0.86,0.83,0.86,0.86,0.86,0.86,0.86,0.86,0.86,0.86,0.85,0.86,0.86,0.86,0.86,0.86,0.86,0.86,0.86,0.86,0.86,0.84,0.82,0.86,0.86,0.85,0.83,0.86,0.86,-1.06,0.83,0.86,0.84,0.86,0.74,0.86,0.86,0.84,0.81,0.86,0.85,0.86,0.86,0.85,0.86,0.86,0.86,0.84,0.85,0.85,0.86,0.86,-1.08,0.85,0.84,0.85,0.86,0.74,0.86,0.86,0.86,0.86,-1.03,-1.13,0.85,-1.11,0.85,0.86,0.86,0.84,0.86,0.86,0.86,0.86,-1.13,0.8,0.86,0.83,0.84,0.86,0.86,-1.1,0.85,0.82,0.86,0.83,0.86,0.85,0.86,0.84,0.86,0.86,-1.0,0.86,0.84,0.86,0.85,0.86,0.86,0.86,-1.01,0.86,0.86,0.86,0.86,0.86,0.86,0.85,0.77,-1.12,0.85,0.86,0.86,0.77,0.85,0.86,0.86,0.86,0.84,0.83,0.86,0.86,0.86,0.86,0.86,0.86,0.86,0.84,0.86,0.84,0.86,0.86,-1.13,0.85,0.86,0.86,0.86,0.85,0.86,0.86,0.86,0.84,0.86,0.86,0.86,0.86,0.86,0.86,0.86,0.86,0.86,-1.12,0.85,0.86,0.85,0.86,0.86,0.53,0.86,0.85,0.85,0.86,0.86,0.85,0.86,0.86,0.84,0.86,0.86,0.86,-1.07,0.83,0.84,0.84,0.86,0.86,0.85,0.86,0.85,0.86,0.86,0.86,0.86,0.86,0.86,0.84,0.86,0.86,0.86,-1.1,0.84,0.86,-1.14,0.84,0.86,0.86,0.86,0.86,0.86,0.86,0.86,0.86,0.84,0.85,0.86,0.86,0.86,0.86,0.86,0.86,0.86,-1.13,0.86,0.86,0.86,0.86,0.86,0.86,0.86,0.72,0.86,0.86,0.86,0.86,0.86,0.86,0.86,0.85,0.86,-1.16,0.86,0.86,0.86,0.86,-1.1,0.86,0.85,-1.05,0.84,-1.13,0.86,0.86,0.84,0.85,0.71,-1.1,0.84,0.84,0.86,0.85,0.86,0.84,0.86,0.85,0.86,-1.17,0.85,0.78,0.86,-1.12,0.85,0.77,0.86,0.84,0.82,-1.17,0.86,0.82,-1.02,0.85,0.86,0.86,0.85,0.86,0.85,0.85,0.86,0.85,0.86,0.86,0.86,0.85,0.86,0.85,0.86,0.85,-1.21,0.85,0.86,-1.13,0.86,0.86,0.86,0.72,0.83,0.86,0.84,0.74,0.86,0.86,0.86,0.86,0.86,0.86,-1.04,0.86,0.85,-1.08,0.85,0.86,0.82,0.86,0.85,0.85,0.85,0.83,0.84,0.86,0.84,0.86,0.73,0.85,0.85,0.73,0.86,0.86,-1.15,0.79,0.85,0.86,0.86,0.86,0.69,-1.07,0.85,0.86,0.86,0.86,0.86,0.86,0.86,0.86,-1.08,0.85,-1.07,0.83,0.86,0.69,0.86,0.86,0.86,0.86,0.86,0.86,0.86,0.86,0.86,0.86,0.62,0.86,0.86,0.85,0.86,0.86,0.86,0.86,0.85,0.86,0.86,0.86,0.86,0.86,0.86,0.85,0.85,0.86,0.86,0.84,0.86,0.83,0.84,0.86,0.85,0.86,0.85,0.86,0.86,0.85,0.86,0.86,0.86,0.86,0.86,0.86,0.85,0.86,0.86,0.86,0.86,0.85,0.86,0.86,0.86,0.86,0.86,0.86,0.86,0.86,0.86,0.86,0.86,0.86,0.85,0.86,0.86,0.84,0.86,-1.01,0.86,0.86,0.86,-1.08,-1.16,0.86,-1.04,0.86,0.86,0.86,0.84,0.86,0.86,0.86,0.86,0.86,0.73,0.85,0.86,0.84,0.86,0.86,0.86,0.86,-1.13,0.81,0.84,0.86,-1.03,0.86,0.84,0.86,0.86,0.86,0.86,0.86,0.86,0.85,0.85,0.86,0.8,0.84,0.86,0.86,0.86,0.86,0.86,0.86,0.86,0.86,0.86,0.86,0.86,0.86,0.84,-1.01,0.86,0.86,0.86,0.86,0.83,0.86,-1.05,0.86,0.86,0.86,0.86,0.86,0.86,0.86,0.86,0.86,0.86,0.86,0.86,0.86,0.86,0.86,0.86,0.86,0.86,0.86,0.86,0.86,0.86,0.86,0.86,-1.12,0.86,-1.02,-1.12,0.75,0.86,0.86,0.86,0.85,0.86,-1.03,0.86,0.85,0.82,0.86,0.86,0.83,0.85,0.86,0.85,0.86,0.86,0.86,0.86,0.86,0.84,0.84,0.85,0.86,0.86,0.86,0.86,0.86,0.86,0.86,0.86,0.86,0.86,0.86,-1.05,0.77,0.86,0.86,0.86,0.86,0.86,0.86,0.86,0.86,0.86,0.86,0.86,0.86,0.86,0.86,0.85,0.84,0.86,0.86,0.86,0.86,0.84,0.84,0.86,0.86,0.86,0.85,0.86,0.86,0.86,0.86,0.86,0.86,0.86,0.86,0.86,0.83,0.83,0.84,0.86,0.85,0.86,0.85,0.84,0.86,0.85,0.86,0.86,0.83,0.86,0.86,0.86,0.86,0.84,0.85,-1.09,0.84,0.86,0.86,0.86,0.86,0.86,0.86,0.86,0.86,0.86,0.86,0.85,-1.03,0.86,0.86,0.86,0.86,0.86,0.86,0.86,0.86,0.86,0.86,0.86,0.86,0.86,0.86,0.86,-1.02,0.86,0.86,0.86,0.86,0.86,0.85,0.86,0.85,0.86,0.86,0.86,0.84,0.84,0.86,0.86,0.86,0.84,0.84,0.84,0.86,0.86,0.86,-1.11,0.86,0.85,0.86,0.85,0.86,0.86,0.86,0.86,0.86,0.86,0.86,0.86,0.86,0.86,0.85,0.84,0.85,0.86,0.84,0.86,-1.04,0.85,0.82,0.84,0.85,0.86,0.84,0.86,0.86,0.82
-1.08,-1.03,0.78,0.32,0.82,-1.09,-1.11,0.83,-1.02,-1.03,0.75,0.74,-1.0,-1.08,-1.08,0.68,0.74,-1.05,0.84,0.83,0.84,0.85,0.83,-1.02,-1.06,0.83,0.85,0.83,0.81,-1.01,0.51,0.83,0.83,-1.1,0.82,0.82,0.8,0.75,0.86,-1.1,0.84,0.79,0.85,0.85,0.83,0.77,0.85,0.85,0.86,0.86,-1.04,0.86,0.86,0.84,0.86,0.86,0.86,0.86,0.86,0.86,0.86,0.86,0.86,0.86,0.86,0.86,0.86,-1.03,0.84,0.86,0.86,0.86,0.85,0.86,0.86,0.86,0.86,0.86,0.86,0.86,0.79,0.86,0.86,0.86,0.86,0.86,0.86,0.86,0.86,0.74,0.86,0.86,0.86,0.86,0.85,0.82,0.86,0.79,0.86,0.83,0.85,0.86,0.85,-1.22,0.85,0.86,0.86,0.84,0.85,0.86,0.86,-1.0,-1.01,0.86,0.86,-1.01,0.86,0.84,0.85,0.86,0.86,0.86,0.86,0.86,0.86,0.85,0.86,0.86,0.86,0.85,-1.05,0.72,-1.05,0.86,0.86,0.85,0.86,-1.09,0.86,0.86,0.84,0.86,0.86,0.86,0.86,0.86,0.72,0.86,0.82,0.86,0.73,0.83,0.86,0.86,0.86,0.86,0.86,0.86,0.86,0.86,0.86,0.85,0.86,0.86,0.86,0.72,0.86,0.86,0.86,0.86,-1.02,0.86,0.86,0.86,0.86,0.86,0.84,0.86,0.86,0.86,0.86,0.72,0.86,0.86,0.86,0.8,0.86,0.86,0.86,0.85,0.86,0.85,0.86,0.86,0.86,0.86,0.86,0.85,0.86,0.86,0.86,0.86,0.86,0.86,0.81,0.86,0.86,0.86,0.84,0.86,0.86,-1.13,0.84,0.86,0.86,0.86,0.86,0.86,0.86,0.86,0.86,0.86,0.86,0.86,0.85,0.86,0.86,0.86,0.85,0.86,0.86,0.86,0.86,0.86,0.84,0.86,0.73,0.86,0.86,0.86,0.86,0.85,0.86,0.84,0.86,0.86,0.86,0.86,0.86,0.86,0.85,0.86,0.86,0.86,0.86,0.84,-1.05,0.86,0.86,0.85,0.86,0.86,0.86,0.86,-1.11,0.86,0.85,0.86,0.86,-1.04,0.84,0.86,0.86,-1.14,0.82,0.86,0.86,0.86,0.86,-1.0,0.86,0.86,0.81,0.86,0.86,0.86,0.86,0.86,0.86,0.86,0.86,0.86,0.86,-1.07,0.86,0.86,0.78,0.86,0.86,0.86,0.72,-1.12,0.86,0.84,-1.12,0.86,0.86,0.86,0.86,0.86,0.85,0.72,0.85,-1.13,0.86,0.86,0.86,0.86,0.86,0.86,0.86,0.86,0.86,0.86,0.86,0.86,0.86,0.86,0.86,0.86,0.86,0.79,0.84,0.85,-1.05,0.85,0.86,0.86,0.86,0.73,0.86,0.86,0.85,0.86,0.86,0.86,0.86,0.86,0.78,0.84,0.86,0.86,0.86,0.86,0.86,0.86,0.86,0.86,0.86,0.86,0.85,0.86,0.86,-1.08,0.86,0.86,0.86,0.86,0.86,0.86,0.86,0.86,0.86,0.71,0.86,0.86,0.86,0.86,0.85,0.86,0.86,0.85,0.86,0.84,0.84,-1.01,0.86,0.86,0.86,0.73,0.8,0.86,0.86,0.86,0.86,0.84,0.86,0.86,0.86,0.85,0.86,0.86,0.86,0.85,0.86,0.86,0.86,0.86,-1.06,0.86,0.86,0.86,0.85,0.86,0.86,0.86,0.86,0.86,0.86,0.86,0.86,0.86,0.86,0.86,0.86,0.84,0.81,0.86,0.86,0.86,0.86,0.86,0.86,0.86,0.86,0.86,0.86,0.85,0.86,0.86,0.85,0.86,0.86,0.86,0.85,0.86,0.86,0.84,0.86,0.86,0.86,0.86,0.86,0.85,0.86,0.86,0.86,0.86,0.86,0.85,0.85,0.85,0.86,0.86,0.86,0.86,0.86,0.86,0.86,0.85,0.86,0.86,0.86,0.86,0.86,0.86,0.86,0.86,0.86,0.86,0.84,0.86,0.85,0.86,0.85,0.86,-1.12,-1.06,0.86,0.86,0.84,0.86,0.86,0.86,0.86,0.8,0.86,0.86,0.86,0.86,0.86,0.86,0.86,0.86,0.86,0.86,0.86,-1.02,0.86,-1.12,0.86,0.86,0.85,0.86,0.86,0.86,0.86,0.86,0.86,0.86,0.86,0.86,0.86,0.86,0.86,0.86,0.86,0.86,0.84,0.86,0.86,0.86,0.85,0.86,0.86,0.86,-1.13,0.86,0.85,0.86,0.86,0.86,0.86,0.85,0.86,0.86,0.86,0.86,0.86,0.86,-1.11,0.84,0.86,0.86,0.86,0.86,-1.14,0.86,0.86,0.86,0.86,-1.14,0.86,0.86,0.84,0.86,0.86,0.86,0.86,0.86,-1.04,0.86,0.86,0.86,0.8,0.76,0.86,0.86,0.86,-1.1,0.86,0.86,0.86,0.86,0.86,0.86,0.86,0.86,0.86,-1.01,0.86,0.86,-1.14,0.86,0.86,-1.14,0.7,0.86,0.86,0.86,0.86,0.86,0.86,0.86,0.86,0.86,0.86,0.86,0.85,0.86,0.85,0.66,0.86,0.86,0.86,0.86,0.86,0.86,0.86,0.86,0.86,0.86,0.86,0.86,0.86,0.86,0.86,0.86,0.86,0.86,0.86,0.83,0.86,-1.14,0.86,0.86,0.84,-1.03,0.86,0.86,0.86,0.86,0.86,0.85,0.86,0.86,0.86,0.85,0.85,0.85,0.86,-1.03,0.8,0.86,0.86,0.86,0.86,0.86,0.86,0.86,0.86,0.86,0.84,0.86,0.86,0.84,0.86,0.85,0.86,0.86,0.86,0.86,0.86,0.86,0.84,0.86,0.86,0.86,-1.14,0.86,0.86,0.86,0.86,0.86,0.86,0.86,0.86,0.71,0.86,0.86,0.86,0.79,-1.02,-1.13,-1.2,0.86,0.86,0.86,0.86,0.86,0.86,0.86,0.86,0.85,0.85,0.86,0.86,0.86,0.86,0.86,0.86,0.86,0.86,0.86,0.86,0.86,0.81,0.86,0.84,0.86,0.82,0.86,0.71,0.86,0.86,0.83,0.86,0.86,0.85,0.86,0.86,-1.02,0.85,0.86,0.86,0.86,0.86,0.84,0.86,0.86,0.86,0.82,0.84,0.86,0.84,0.86,0.86,0.86,0.85,0.86,0.86,0.86,0.86,0.86,0.74,0.86,0.86,0.86,0.86,0.86,0.86,0.85,0.86,0.84,0.86,0.86,0.86,0.86,0.86,0.79,0.74,0.85,0.85,0.86,0.86,0.85,0.86,0.86,0.86,0.85,-1.11,0.85,0.86,0.86,0.86,0.86,0.86,0.86,0.86,0.86,0.86,0.86,0.86,0.85,0.85,0.86,0.84,0.84,0.86,0.86,0.86,0.86,-1.11,0.84,0.85,0.86,0.86,0.69,0.86,0.86,0.86,0.86,0.86,0.86,0.86,0.86,0.86,0.86,0.86,0.86,0.86,-1.03,0.86,0.85,0.86,0.86,0.86,0.84,0.86,0.86,0.86,0.86,0.86,0.86,-1.04,0.86,0.86,0.86,0.84,0.84,0.86,0.86,-1.12,0.85,-1.11,0.86,0.85,0.86,0.86,0.86,0.86,-1.01,0.86,0.86,0.85,0.85,0.86,-1.11,0.86,0.86,0.86,0.86,-1.12,0.85,0.85,-1.09,0.86,0.86,0.86,-1.12,0.85,0.85,0.84,0.85,0.86,0.86,0.85,0.86,0.85,0.86,0.84,0.78,0.86,0.86,0.86,0.86,0.86,0.86,0.86,0.85,0.86,0.86,0.86,0.86,-1.12,0.85,0.86,0.86,-1.02,0.85,0.86,0.86,-1.11,0.86,0.86,0.86,0.86,0.85,0.86,0.86,0.86,0.86,0.86,0.86,0.86,0.85,0.86,0.85,0.8,0.86,0.86,0.86,0.86,0.86,0.86,0.83,0.84,0.86,0.86,0.86,0.86,0.86,0.85,0.86,0.86,0.86,0.85,0.86,0.86,0.86,0.86,0.83,0.71,0.85,0.86,0.79,0.86,0.86,0.82,0.86,0.86,0.86,0.86,0.86,0.86,0.86,-1.06,0.86,0.86,0.84,0.86,-1.12,0.85,0.85,0.85,0.86,0.85,0.71,0.86,0.86,0.85,0.86,0.86,0.86,-1.08,0.86,0.86,0.86,0.86,0.86,0.86,0.86,0.86,0.86,-1.03,0.84,0.86,0.86,-1.13,0.86,0.84,0.86,0.86,0.86,0.86,0.85,0.86,0.84,0.86,0.86,-1.1,0.86,0.86,0.86,-1.0,0.86,0.83,-1.12,0.86,0.86,0.84,0.86,0.86,0.86,0.84,0.86,0.85,0.78,0.86,0.86,0.76,0.86,0.79,0.86,0.86,0.86,0.81,0.86,0.86,0.86,0.86,0.84,0.86,0.86,0.86,0.72,0.86,-1.09,0.86,0.86,0.86,0.86,0.86,0.84,0.86,0.85,0.86,0.86,0.86,0.85,0.86,0.86,0.86,0.86,0.85,0.84,0.86,0.86,0.86,0.86,0.86,-1.03,0.86,0.86,0.86,-1.21,0.86,0.86,0.86,0.86,0.86,0.86,0.73,0.85,0.86,0.85,0.86,0.79,0.86,-1.02,-1.13,0.86,0.86,0.86,0.86,0.84,0.86,0.86,0.86,0.86,0.86,0.86,0.86,0.86,0.85,0.86,0.72,-1.04,0.86,0.86,0.86,0.85,0.86,0.86,0.84,-1.13,0.86,0.82,0.86,0.85,0.86,0.71,0.86,0.86,0.86,-1.11,0.86,0.85,0.84,0.86,0.86,0.74,0.86,0.86,0.86,0.86,0.84,0.86,0.86,0.8,0.86,0.86,0.85,0.86,0.86,0.86,0.86,0.86,0.86,0.86,0.86,0.86,0.8,0.86,-1.03,0.86,0.86,0.86,0.86,0.86,0.86,0.86,0.86,0.83,-1.1,0.86,0.84,0.84,-1.09,0.84,0.86,-1.08,0.86,0.86,0.86,0.85,0.86,0.86,0.85,0.86,0.86,0.86,0.86,0.86,0.86,0.86,0.86,0.85,0.84,-1.02,-1.12,0.86,0.82,0.85,0.85,0.86,0.86,0.84,0.83,0.86,0.86,0.86,0.86,0.86,0.86,0.86,0.86,0.86,0.86,0.86,0.86,0.86,0.86,0.86,-1.04,0.83,0.86,0.86,0.86,0.86,-1.14,0.84,0.86,0.86,0.84,-1.08,0.85,0.86,0.86,0.85,0.86,0.86,-1.12,0.84,0.86,0.86,0.83,0.86,0.86,0.86,0.86,0.86,0.85,0.86,0.86,0.82,0.86,0.86,0.86,0.84,0.86,0.85,-1.04,0.86,0.86,0.84,0.86,0.86,0.86,0.86,0.86,0.86,0.86,0.85,0.86,0.86,0.86,-1.08,0.86,0.86,0.86,0.86,0.86,0.85,0.76,0.86,0.86,0.86,0.85,0.86,0.86,0.86,-1.12,0.85,0.86,0.86,0.86,0.67,0.85,-1.08,0.84,0.86,0.84,0.86,-1.13,0.86,0.86,0.84,0.86,0.86,0.86,0.86,0.86,0.86,0.86,0.86,0.86,0.86,0.86,-1.08,0.86,0.86,0.86,0.86,0.86,0.86,0.86,0.86,0.86,-1.05,0.86,0.86,0.85,0.86,0.86,0.86,0.86,0.86,0.86,0.85,0.86,0.74,0.84,0.86,0.86,0.86,-1.17,0.85,0.86,0.85,0.85,0.86,0.86,0.85,0.86,0.85,0.86,0.86,0.86,0.86,0.86,0.86,0.84,0.86,0.83,0.86,0.86,0.86,0.86,0.85,0.86,0.85,0.86,0.86,0.86,0.86,0.86,0.86,0.86,0.86,-1.12,0.86,0.86,0.86,0.86,0.86,0.86,0.86,0.84,0.86,-1.05,0.73,0.86,0.85,0.86,-1.14,0.86,0.86,0.86,0.86,0.86,0.86,0.86,0.85,0.69,0.86,0.86,0.86,0.86,0.86,0.85,0.86,0.86,0.86,0.86,0.86,0.84,0.86,0.82,0.86,0.86,0.86,0.85,0.85,0.86,0.86,0.86,0.86,0.86,0.86,0.86,0.86,0.86,0.86,0.75,0.86,0.84,0.86,0.86,0.86,0.86,0.85,0.86,0.86,0.85,0.86,0.86,0.86,0.86,0.86,0.86,0.86,0.86,0.86,0.86,0.86,0.82,0.86,0.86,-1.06,0.86,0.78,0.84,0.86,0.86,0.82,0.86,0.86,0.86,0.85,0.86,0.86,0.86,0.84,0.86,0.86,0.86,0.86,-1.12,0.84,0.86,0.86,0.86,0.86,0.84,0.86,0.86,0.85,0.83,-1.0,0.86,0.72,0.86,0.85,0.86,0.86,0.86,0.86,0.86,-1.13,-1.08,0.86,0.86,0.86,0.86,0.86,0.86,0.86,0.86,0.86,0.86,0.86,0.86,0.84,0.86,0.85,0.86,0.86,0.86,0.84,0.84,0.86,0.86,0.75,0.86,0.86,0.85,0.86,0.86,0.85,0.86,0.86,0.86,0.86,-1.03,0.86,0.72,0.86,0.85,0.86,0.85,0.86,-1.09,0.86,0.86,0.86,0.86,0.82,0.77,0.85,0.84,0.86,0.86,0.86,0.86,0.86,0.86,0.86,0.86,0.86,0.86,0.86,0.86,0.85,0.86,0.86,0.77,0.86,0.72,0.86,0.7,0.84,0.86,0.86,0.85,0.86,0.86,0.86,0.86,0.86,0.86,0.86,0.86,-1.02,0.86,0.86,0.86,0.86,0.85,0.72,0.86,0.85,-1.06,0.86,0.86,-1.12,0.86,0.86,0.76,0.86,0.86,-1.08,0.86,-1.08,0.83,0.85,-1.02,0.85,0.86,0.86,0.86,0.86,0.86,0.84,0.85,0.86,0.86,0.86,0.86,0.86,0.86,0.86,0.85,0.86,0.86,0.84,0.86,-1.12,0.79,0.86,0.84,0.86,0.86,0.86,0.86,0.86,0.86,0.86,0.86,0.86,0.85,0.71,0.86,0.86,0.86,0.85,0.84,0.86,0.84,0.86,0.86,0.86,0.86,0.86,-1.03,0.86,0.86,0.86,0.85,0.86,-1.12,0.86,-1.03,-1.02,0.84,0.86,0.85,0.81,0.85,0.85,0.85,0.85,0.73,0.86,0.85,0.84,0.86,0.86,-1.06,-1.15,0.83,0.86,0.75,0.86,0.86,0.68,0.86,0.86,0.86,0.86,0.86,0.84,0.86,0.86,0.86,0.74,0.86,0.81,0.86,0.86,0.86,0.86,0.85,0.86,0.86,-1.13,0.72,0.86,0.86,0.86,0.86,0.86,0.86,0.86,0.84,0.86,-1.14,0.86,0.79,0.86,0.86,0.86,0.86,0.86,0.81,-1.09,0.86,-1.1,0.81,0.85,0.86,0.86,0.86,0.85,0.86,0.86,0.86,0.76,0.85,0.84,0.84,-1.06,0.85,0.86,0.85,-1.01,0.85,0.86,0.86,0.85,0.85,0.86,0.86,0.84,0.85,0.84,0.86,0.85,0.86,0.86,0.84,0.86,0.86,0.86,0.86,0.85,0.86,0.86,-1.03,0.86,0.86,0.86,0.86,0.86,0.85,0.86,0.86,0.86,-1.02,0.72,0.7,0.85,0.86,0.86,0.86,0.86,0.83,0.86,0.86,0.86,0.86,0.86,0.86,0.86,0.84,0.85,0.86,0.86,0.86,0.86,0.86,0.86,0.86,0.72,-1.13,0.86,0.86,0.83,0.82,0.86,0.85,0.78,0.83,0.86,0.86,0.86,0.84,0.86,0.82,0.86,0.72,0.86,0.86,0.86,0.86,0.86,0.86,0.86,0.86,0.86,0.86,0.86,0.86,0.86,0.86,0.83,0.86,0.84,0.86,0.86,0.85,0.86,0.86,0.86,0.81,0.86,0.86,0.86,-1.14,0.86,0.86,0.86,0.86,0.85,-1.09,0.77,-1.12,0.86,0.86,0.86,0.86,0.86,0.84,0.86,0.85,0.86,0.86,0.86,0.86,0.86,0.86,0.86,0.86,0.86,0.86,0.82,0.86,0.86,0.84,0.86,0.79,0.86,0.86,-1.12,0.84,0.86,0.86,0.76,0.86,0.86,0.86,0.86,0.86,0.86,0.86,0.85,0.86,0.86,0.86,0.86,0.86,-1.04,0.85,0.85,0.86,0.86,0.86,0.86,0.86,0.86,-1.07,0.84,-1.1,0.86,0.86,0.86,0.86,0.86,0.86,0.86,0.86,0.86,-1.12,0.86,0.86,0.84,0.86,0.84,0.86,0.86,0.86,0.86,-1.14,0.86,-1.12,0.86,0.86,0.86,0.86,0.86,0.8,0.86,0.86,0.86,-1.09,0.86,0.85,0.86,-1.02,0.84,0.86,0.86,0.86,0.86,0.86,0.84,0.86,0.86,0.86,0.86,0.86,0.86,0.86,0.86,0.86,0.86,0.86,0.86,0.86,0.86,0.86,0.86,0.86,0.86,0.86,-1.02,0.86,0.85,-1.02,0.86,0.83,0.86,0.86,0.86,0.84,0.84,0.86,-1.0,0.86,0.86,0.85,0.86,0.86,0.86,0.86,0.86,0.86,0.86,0.86,0.86,0.86,0.86,0.86,0.86,0.86,0.86,0.86,0.86,0.86,0.86,0.86,0.84,0.86,0.85,0.86,-1.13,0.86,0.86,0.86,0.86,0.85,0.86,0.86,0.86,0.86,0.86,0.86,0.86,0.86,0.84,0.84,0.86,0.86,0.86,0.86,0.86,0.86,0.86,0.86,0.86,0.86,0.86,0.86,-1.13,0.79,0.86,0.84,0.86,0.85,0.84,0.86,0.86,0.86,0.86,0.86,0.86,0.86,0.86,-1.02,0.86,0.86,0.83,0.86,0.86,0.86,0.84,0.86,0.86,0.86,0.86,0.86,0.86,-1.13,0.86,0.83,0.86,0.86,0.86,0.86,0.86,0.86,0.86,0.86,0.86,0.85,-1.08,0.68,0.86,0.86,0.86,0.86,0.84,0.85,0.86,0.86,0.86,0.86,0.86,0.86,0.86,0.85,0.86,0.86,0.86,0.86,0.73,0.86,0.86,0.86,0.86,0.86,0.86,0.83,0.86,0.86,0.84,0.85,0.84,0.85,0.85,0.86,0.84,0.86,0.86,0.86,0.86,-1.05,0.86,0.86,0.86,0.86,0.86,0.86,0.86,0.86,-1.1,0.86,0.85,0.86,0.86,0.84,0.86,0.83,0.85,0.86,0.86,0.86,0.86,0.85,0.86,0.86,0.86,0.86,0.75,0.86,0.86,0.84,-1.14,0.86,-1.1,0.85,0.86,0.86,0.86,0.86,0.86,-1.06,0.86,0.86,0.85,-1.12,0.86,0.86,0.86,0.86,0.85,0.86,0.84,0.86,0.86,0.86,0.86,0.86,0.86,0.86,0.85,0.85,0.72,0.86,0.84,0.85,0.83,0.86,0.84,0.86,0.86,0.86,0.86,0.84,0.86,-1.04,0.85,0.86,0.86,0.86,0.86,0.86,0.86,0.86,0.86,0.85,0.86,0.85,0.86,0.86,-1.03,0.85,0.85,0.85,0.86,0.86,0.86,0.86,0.86,0.86,0.86,0.86,0.85,0.86,0.8,0.86,0.84,0.86,0.86,0.86,0.76,0.86,0.86,-1.08,-1.05,0.85,0.86,0.85,0.86,0.85,0.86,0.86,0.86,0.86,-1.05,0.81,0.86,0.82,0.85,-1.15,0.86,0.86,0.82,0.72,0.84,0.86,0.86,0.86,0.85,0.86,0.86,0.86,0.86,0.86,0.86,-1.03,0.86,0.86,-1.02,0.85,0.86,-1.02,0.86,0.85,0.86,0.86,0.85,0.86,0.86,0.86,0.86,0.86,0.86,0.86,0.86,0.86,0.86,0.86,0.86,0.86,0.86,-1.1,0.86,0.86,0.86,0.86,0.86,0.86,0.86,-1.01,0.85,0.86,0.84,0.86,0.86,0.86,0.86,0.86,0.85,0.85,0.86,0.86,0.86,0.86,0.72,0.84,0.86,0.86,0.86,0.86,0.85,0.83,0.86,0.86,0.86,0.86,0.86,0.86,0.72,0.86,0.84,0.84,0.8,0.86,-1.13,0.86,0.86,0.85,0.86,0.86,0.86,0.84,0.86,0.86,0.83,0.86,0.86,0.86,0.86,0.85,0.86,-1.01,-1.12,0.85,0.84,0.84,0.86,0.86,0.85,-1.08,0.86,-1.09,0.86,0.83,0.86,0.81,0.86,0.86,0.86,0.86,0.86,0.84,0.86,0.86,0.85,0.86,0.86,0.85,0.85,0.86,0.86,0.86,0.86,-1.09,0.81,0.86,0.86,0.86,0.86,0.86,0.86,0.86,0.86,0.86,0.86,0.86,0.85,0.86,0.86,0.86,0.86,0.86,0.86,0.86,0.86,0.86,0.86,0.86,0.86,0.79,0.86,0.84,0.86,0.86,0.86,0.84,0.86,0.85,0.83,0.76,0.86,0.86,0.86,0.86,0.86,0.79,0.86,0.86,0.86,0.86,0.85,0.86,0.86,0.86,0.86,0.86,0.86,-1.0,0.83,0.86,0.86,0.86,0.86,0.86,0.85,0.86,0.86,0.86,0.86,0.86,0.86,0.84,0.84,0.86,0.73,0.86,0.86,0.86,0.86,0.86,0.86,0.86,0.86,0.84,0.86,0.86,0.86,0.86,0.84,0.85,0.86,-1.13,0.86,0.86,0.86,0.86,0.86,0.72,0.86,0.86,0.86,0.86,0.86,0.86,-1.01,0.86,0.86,0.86,0.84,-1.13,-1.09,0.86,0.86,0.86,0.85,0.86,0.86,0.86,0.86,0.86,0.86,0.72,0.86,0.86,0.86,0.86,0.86,0.86,0.69,-1.13,0.82,0.85,-1.12,0.73,0.86,0.86,0.83,0.86,0.85,0.7,0.85,0.82,0.85,0.86,0.86,0.85,0.83,0.84,0.86,0.84,-1.1,0.85,0.84,0.83,0.86,0.86,0.86,0.86,0.86,-1.04,0.86,0.86,0.86,0.85,0.86,0.85,-1.02,0.86,0.86,0.85,0.86,0.86,0.85,0.84,0.86,0.86,0.86,0.85,0.84,0.84,0.86,0.86,0.86,0.86,0.86,0.86,0.86,0.86,0.86,0.86,0.83,0.86,0.86,0.83,0.86,0.86,0.86,0.85,0.86,0.86,0.86,0.85,0.86,0.86,0.84,0.85,0.85,0.86,0.76,0.86,0.86,0.86,0.86,0.86,0.79,0.86,0.85,0.84,0.86,0.85,0.86,0.86,0.86,0.86,0.85,0.86,0.86,0.76,0.85,0.86,0.86,0.86,0.86,0.86,0.86,0.86,-1.05,0.86,0.86,0.86,0.86,0.86,0.86,0.86,0.86,0.86,-1.02,0.83,0.86,0.85,-1.05,0.86,0.86,0.86,0.86,0.86,0.84,0.86,0.86,0.86,0.77,0.86,0.86,0.86,0.86,0.86,0.86,0.86,0.84,0.86,0.85,0.86,0.86,0.86,0.85,0.86,0.86,0.85,0.86,0.86,0.86,0.84,0.86,0.86,0.86,0.86,-1.0,0.84,0.86,0.86,0.86,0.86,0.86,-1.08,0.86,0.75,0.85,0.85,0.85,0.86,0.86,0.86,0.86,-1.02,0.86,0.86,0.86,0.75,0.86,0.86,0.86,0.86,0.86,0.86,0.86,0.86,0.86,0.86,0.85,-1.05,0.86,0.73,0.86,0.86,0.86,0.85,0.86,0.86,0.86,0.85,0.86,0.86,0.86,0.86,0.86,0.86,0.84,0.84,-1.04,0.85,0.78,0.86,0.85,0.86,0.85,0.86,0.75,0.86,0.86,0.85,0.85,0.83,0.86,0.86,0.86,0.86,0.86,0.85,0.82,0.86,0.85,0.79,0.86,0.86,0.86,0.86,0.86,0.86,0.86,0.86,0.86,0.86,0.86,0.84,0.86,0.85,0.86,0.86,0.86,0.86,-1.02,0.84,0.84,-1.02,0.71,0.86,0.82,0.85,0.84,0.86,0.86,0.73,0.86,0.86,0.86,0.86,0.86,0.86,0.86,0.86,0.86,0.86,0.86,0.86,0.84,0.86,0.86,0.86,0.85,0.85,0.86,0.85,0.86,0.85,0.86,0.86,0.86,0.86,-1.05,-1.13,0.86,0.86,0.84,0.81,-1.14,0.86,0.86,0.74,0.86,-1.05,0.86,0.86,0.86,0.85,0.86,0.85,0.86,0.86,0.86,0.86,0.85,0.86,0.86,0.86,0.86,0.86,0.86,0.86,0.86,0.86,0.74,0.86,0.86,0.86,0.84,0.86,0.82,0.86,0.86,0.84,-1.09,0.86,0.86,0.85,0.86,0.86,0.86,0.86,0.86,0.86,-1.1,0.86,0.86,0.86,0.84,0.77,0.86,-1.02,0.86,0.84,0.86,0.86,0.84,0.86,0.86,0.86,0.84,0.86,0.83,0.86,-1.14,0.86,0.86,0.86,0.86,0.86,-1.13,0.86,0.84,0.86,-1.02,0.86,0.85,0.86,0.83,0.86,0.84,0.86,0.86,0.86,0.84,0.82,0.86,0.86,0.86,0.84,-1.11,0.85,0.86,0.86,0.86,0.86,0.86,0.86,0.86,0.86,0.86,0.86,0.85,0.86,0.86,0.86,0.86,0.86,0.83,0.86,0.86,-1.02,0.86,0.86,0.86,0.86,0.86,0.86,0.86,-1.09,0.84,0.86,0.86,0.86,0.86,0.86,0.86,0.86,0.86,0.86,0.86,0.86,0.86,0.86,0.85,0.86,0.86,0.86,0.86,0.86,0.86,0.86,-1.07,0.85,0.86,-1.12,0.86,0.84,0.86,0.86,0.79,0.86,0.85,0.77,0.84,0.86,0.86,0.86,0.86,0.86,0.86,0.85,0.86,0.86,0.86,0.86,0.86,0.86,0.86,0.86,0.86,0.86,0.86,0.86,0.86,0.85,0.86,0.86,0.85,0.86,0.86,0.86,0.86,0.86,0.86,0.86,0.86,0.86,0.85,0.86,0.86,0.86,0.86,0.86,0.86,0.85,0.86,0.86,0.86,0.86,0.86,0.86,0.86,0.67,0.86,-1.12,0.86,0.85,0.86
-1.08,-1.14,-1.02,-1.06,0.83,0.78,0.69,0.82,-1.02,-1.12,0.84,0.83,-1.12,-1.02,-1.03,-1.1,0.85,0.78,0.76,-1.12,0.8,-1.09,-1.06,-1.08,0.85,-1.33,0.71,0.86,0.72,0.81,0.79,-1.08,0.8,0.83,0.8,0.84,0.83,0.85,0.85,0.85,0.85,0.83,0.83,0.86,0.82,-1.21,0.74,0.84,0.86,0.85,0.86,0.86,0.82,0.86,0.86,0.86,0.84,0.86,0.86,0.84,0.85,0.85,0.85,0.86,0.86,0.8,0.86,0.86,0.86,0.85,0.86,0.85,0.85,0.86,0.86,0.86,0.86,0.85,0.86,0.86,0.86,0.85,0.86,0.86,0.86,0.86,0.86,0.86,0.86,0.86,-1.12,0.86,0.86,0.86,0.86,0.86,0.86,0.86,0.86,0.86,0.86,0.86,0.86,0.81,0.86,0.85,0.86,0.86,0.85,0.86,0.86,0.86,0.86,0.76,0.84,0.85,0.86,0.86,0.79,0.86,0.86,0.86,0.86,0.86,0.86,0.86,0.86,0.85,0.85,0.86,0.86,0.86,0.86,0.74,0.86,0.86,0.86,0.86,0.86,0.84,0.86,0.86,0.86,0.86,0.86,0.86,0.86,-1.02,0.85,0.84,0.86,0.86,0.86,0.86,0.86,0.86,0.86,0.86,0.86,0.72,0.86,0.86,0.86,0.86,0.86,0.85,0.86,0.86,0.86,0.86,0.86,0.86,0.86,0.86,0.86,0.85,0.83,0.86,0.85,0.86,0.86,0.86,0.86,0.86,0.85,0.86,0.85,0.86,0.86,0.86,0.86,0.81,0.85,0.86,0.84,0.86,0.85,0.86,0.86,0.86,0.86,0.84,0.86,0.86,0.86,0.86,0.86,0.86,0.86,0.86,0.84,0.74,0.84,0.86,0.86,0.86,0.71,0.86,0.85,0.86,0.86,0.86,0.86,0.86,0.86,0.86,0.86,0.86,0.79,0.86,0.86,0.86,0.86,0.86,0.85,0.86,0.86,0.86,0.86,0.86,0.86,0.86,0.86,0.86,0.86,0.86,0.86,0.86,0.84,0.86,0.86,0.86,0.8,-1.05,0.86,0.86,0.83,0.86,0.86,0.86,-1.0,0.86,0.86,0.86,0.84,0.86,0.86,0.86,0.84,0.86,0.86,0.86,0.86,0.86,0.86,0.86,0.86,0.86,0.86,0.86,0.86,0.84,0.86,0.86,0.86,0.84,0.86,0.86,0.86,0.86,0.86,0.86,0.86,0.86,-1.18,0.86,0.86,0.73,0.86,0.86,-1.16,0.86,0.85,0.86,0.86,0.86,0.86,0.86,0.84,0.86,0.86,0.86,0.86,0.86,0.86,0.86,0.86,0.84,0.86,0.84,0.86,0.86,0.7,0.85,0.86,0.72,0.84,0.86,0.83,0.84,0.86,0.86,0.86,0.8,0.86,0.86,0.84,0.86,0.86,0.86,0.86,0.86,0.84,0.86,0.86,0.84,0.86,0.86,0.86,0.86,0.86,0.82,0.86,0.85,0.86,0.86,0.86,0.86,0.86,0.86,-1.14,0.86,0.86,0.86,0.86,0.86,0.86,0.86,0.86,0.86,0.82,0.86,0.86,0.84,0.86,-1.08,-1.01,0.86,0.86,0.85,0.86,0.85,0.86,-1.07,0.85,0.86,0.86,-1.03,0.83,0.86,0.86,0.85,0.85,0.86,0.86,0.86,0.85,0.86,0.85,0.86,0.86,0.86,0.85,0.86,0.86,0.86,0.86,0.86,0.86,0.86,0.85,0.85,0.86,0.86,0.84,0.86,-1.06,0.86,0.86,0.86,0.86,0.86,0.86,0.86,0.86,0.86,0.74,0.86,0.84,0.85,0.86,0.86,0.86,0.86,0.86,0.86,0.86,0.86,0.86,0.86,0.85,0.86,0.86,0.86,0.86,0.85,0.76,0.86,0.86,0.84,0.86,0.85,0.86,0.86,0.86,0.86,0.86,0.86,0.86,0.86,0.86,0.86,0.85,0.86,0.86,0.85,0.86,0.86,0.86,0.85,-1.13,0.86,0.83,0.84,0.86,0.86,-1.12,0.72,0.86,0.86,0.79,0.84,0.85,0.86,0.85,0.86,0.86,0.86,0.86,0.86,0.86,0.86,0.84,0.86,0.84,0.86,-1.02,0.86,0.86,0.86,0.86,0.86,0.85,0.86,0.86,0.86,0.86,0.86,0.86,0.86,0.86,0.86,0.86,0.85,0.85,0.86,0.85,0.81,0.86,0.86,0.86,0.86,0.86,0.86,0.86,0.85,0.84,0.86,0.86,-1.03,0.86,0.85,0.83,0.79,0.85,0.86,0.86,0.86,0.86,0.86,0.86,0.86,0.86,0.86,0.86,0.86,0.86,0.86,0.86,-1.03,0.86,0.85,0.86,0.79,0.86,0.86,0.86,0.86,-1.02,0.85,0.84,0.84,0.86,0.86,0.86,0.86,0.86,0.86,0.86,0.86,0.84,0.86,-1.14,0.86,0.86,0.86,0.86,0.84,0.86,0.86,0.86,0.86,0.86,0.84,0.86,0.85,0.85,0.86,0.72,0.86,0.83,0.86,0.86,0.86,0.86,0.86,-1.03,0.86,0.86,0.86,0.86,0.84,0.85,0.86,0.86,-1.14,0.85,0.86,0.86,0.86,0.86,0.86,0.83,0.86,0.86,0.86,0.86,0.86,0.86,-1.01,0.86,0.84,0.86,0.86,0.86,0.85,0.86,0.86,0.86,0.77,0.86,0.86,-1.11,0.86,0.86,0.86,0.86,-1.12,0.86,0.85,0.85,0.86,0.86,0.86,0.85,0.85,0.86,0.85,0.86,0.85,0.86,0.86,0.86,0.84,0.86,0.86,0.86,0.86,0.86,0.86,0.86,0.86,0.85,0.86,0.86,0.86,0.86,0.86,0.86,0.86,0.86,0.86,0.86,0.86,0.83,0.86,0.84,0.86,0.86,0.86,0.84,-1.14,0.86,-1.11,0.86,0.86,0.86,0.86,0.8,0.86,0.86,0.86,-1.12,0.86,0.86,0.86,0.86,0.86,0.86,0.86,0.86,0.86,0.86,-1.07,0.86,0.86,0.86,0.86,0.86,0.86,0.86,-1.12,0.84,-1.04,0.86,0.86,0.86,0.86,-1.13,0.86,0.86,0.86,0.86,0.86,0.86,0.86,0.86,0.86,0.84,0.86,0.86,-1.0,0.86,0.86,0.86,0.86,0.86,0.86,0.84,0.85,0.86,0.86,0.86,0.86,0.86,0.86,-1.13,0.86,0.86,0.86,0.86,0.86,0.8,0.84,0.86,0.84,0.86,0.86,0.86,0.86,0.86,0.86,0.86,0.86,0.85,0.86,0.86,0.86,0.86,0.86,0.86,0.83,0.86,0.86,0.85,0.86,0.86,0.86,0.84,0.86,-1.01,-1.02,-1.12,0.86,0.86,0.86,0.85,-1.12,0.86,0.83,0.86,0.84,0.85,0.86,0.86,0.85,0.86,0.86,0.86,0.86,-1.15,-1.05,0.86,0.86,-1.04,0.86,0.86,0.85,0.86,0.86,0.79,0.84,0.86,0.86,0.86,-1.0,-1.09,0.86,0.86,0.86,0.86,0.86,0.86,0.86,0.86,0.86,0.86,0.86,0.86,0.86,0.83,0.86,0.86,0.86,0.86,0.86,0.86,0.86,0.86,0.86,0.75,0.86,0.86,0.86,0.76,0.86,0.86,0.86,0.86,0.86,0.86,0.86,0.86,0.86,-1.07,0.86,0.86,-1.14,-1.07,0.85,0.85,0.86,0.86,0.86,0.86,0.85,0.86,0.85,0.86,0.86,0.86,0.86,0.77,0.86,0.86,0.84,0.86,0.84,0.86,0.86,0.86,0.86,0.86,-1.06,0.86,0.86,-1.05,0.86,0.86,0.86,0.84,0.86,0.86,0.86,0.85,0.86,0.86,0.86,0.85,0.85,0.85,0.86,0.85,0.86,0.86,-1.14,0.86,-1.1,0.85,0.85,0.86,0.86,0.86,0.85,0.86,0.86,0.86,0.86,0.86,0.86,0.86,0.86,0.86,0.85,0.86,0.86,0.86,0.84,0.86,0.86,0.86,0.86,0.86,0.86,0.85,0.86,0.86,0.86,-1.01,0.86,0.83,0.86,0.86,0.86,-1.01,0.86,0.86,0.86,0.86,-1.05,0.86,0.85,0.86,0.86,0.86,0.86,0.86,0.85,0.86,0.86,0.86,0.86,0.86,0.86,0.86,0.86,0.86,0.86,-1.14,0.86,0.74,0.84,0.86,0.83,0.86,0.86,0.86,0.86,0.86,0.86,0.85,0.86,0.83,-1.06,0.86,0.86,0.86,0.86,0.85,0.86,0.86,0.86,0.81,0.86,0.86,0.86,0.84,0.86,-1.01,0.86,0.86,0.86,0.86,0.66,0.86,-1.02,0.86,0.86,-1.05,0.86,0.86,0.86,0.86,0.86,0.86,0.86,0.86,0.86,0.84,0.86,-1.02,0.85,0.86,0.86,0.86,0.84,0.86,0.86,0.71,0.86,0.86,0.86,0.86,0.86,0.85,0.84,0.86,0.83,0.86,0.86,0.86,0.85,0.86,0.86,0.86,0.86,0.86,0.86,0.86,0.86,0.82,0.86,0.86,0.86,0.86,0.83,0.86,0.85,0.86,-1.05,0.86,0.79,-1.05,0.86,0.86,0.86,0.86,0.85,0.86,0.85,0.73,0.86,0.86,0.86,0.84,0.84,0.86,0.86,0.85,0.85,0.86,0.86,0.86,0.86,0.86,0.85,0.86,0.86,0.86,0.78,0.84,0.76,0.86,0.86,0.86,0.86,0.86,0.86,0.86,0.86,0.86,0.86,0.86,0.86,0.86,0.83,0.74,0.86,0.86,0.86,0.86,0.86,0.84,0.86,0.86,0.86,0.85,0.86,0.86,0.81,0.86,0.86,0.86,0.86,0.86,0.86,0.82,0.86,0.83,0.83,0.86,0.86,0.86,0.86,0.86,0.86,0.86,0.85,0.85,-1.07,-1.07,0.85,0.85,0.86,0.84,0.86,-1.02,0.86,0.86,0.86,0.86,0.86,0.86,0.86,-1.06,0.85,0.86,0.86,0.86,-1.2,0.86,0.85,0.86,0.86,0.86,0.86,0.85,0.86,0.86,0.86,0.86,0.86,0.86,0.86,-1.06,0.86,0.86,0.86,0.86,0.86,0.84,0.86,0.86,0.86,0.85,0.86,0.86,0.84,-1.02,0.86,0.85,0.85,0.86,0.86,0.86,0.86,0.85,0.71,0.86,0.86,0.86,0.86,0.86,0.86,0.85,0.86,0.86,0.86,0.86,-1.0,-1.0,0.86,0.86,-1.03,0.86,0.84,0.86,0.85,0.86,0.86,0.86,0.86,0.85,0.86,0.86,0.79,0.86,0.86,0.84,0.86,0.86,0.86,0.86,0.86,0.86,0.86,0.86,0.86,0.85,0.86,0.86,0.86,0.86,0.86,0.85,-1.1,0.86,0.86,0.86,0.86,0.86,0.86,-1.12,0.86,0.86,0.84,0.86,0.86,0.86,0.86,0.86,0.86,0.84,0.86,0.84,0.86,-1.12,0.85,0.86,0.86,0.86,0.86,0.86,0.86,-1.02,0.86,0.86,0.86,0.86,0.74,0.86,0.86,0.86,0.86,0.86,0.86,0.84,0.86,0.76,0.86,0.86,0.85,0.86,0.86,0.86,0.86,0.86,0.86,0.86,0.86,-1.13,0.86,0.86,0.86,-1.1,0.86,0.86,0.86,0.86,0.72,0.86,-1.13,0.82,-1.06,0.86,0.86,0.86,0.86,0.84,0.86,0.82,0.86,0.86,0.7,0.84,0.86,0.86,0.86,0.86,0.86,0.84,-1.06,0.86,0.86,0.81,0.85,0.86,0.86,0.86,0.86,0.86,0.86,0.86,0.86,0.86,0.86,0.86,0.86,0.86,0.86,-1.01,-1.13,0.86,0.86,0.71,0.86,0.84,0.83,0.86,0.86,0.84,0.84,0.86,0.86,0.86,0.86,0.86,0.86,0.86,0.86,0.85,0.86,0.84,0.85,0.83,0.86,0.86,0.86,0.86,0.86,0.86,0.86,0.86,0.86,0.86,-1.13,0.86,0.86,0.86,0.86,0.86,0.86,-1.02,0.86,0.86,0.86,0.75,0.86,0.86,0.86,0.86,0.85,0.84,0.84,0.86,0.86,0.86,0.86,0.86,0.86,0.85,-1.14,0.86,0.86,0.86,0.86,0.86,0.85,0.86,0.86,-1.09,0.86,0.73,0.86,0.86,0.84,0.86,0.86,0.85,0.85,0.86,0.84,0.85,0.86,0.86,0.85,0.86,0.86,0.86,0.86,0.72,-1.09,0.86,0.86,0.86,0.85,0.86,0.84,-1.01,0.85,0.86,0.86,0.86,0.84,-1.02,0.86,0.86,-1.12,0.86,0.86,0.83,0.85,0.86,0.86,-1.0,0.86,0.74,0.85,0.86,0.86,0.85,0.86,0.86,0.84,0.86,0.86,0.86,0.86,0.86,0.86,-1.02,0.85,0.85,0.86,0.85,0.82,0.86,0.86,0.86,0.86,0.85,-1.02,0.86,0.86,0.86,0.86,0.86,0.86,0.86,0.86,0.86,0.86,0.84,0.86,0.86,0.86,0.86,0.86,0.86,0.86,0.86,0.84,0.86,0.86,0.86,0.86,0.86,0.86,0.86,0.86,0.86,0.86,0.86,0.86,0.86,0.86,0.86,0.86,0.86,0.86,0.86,0.86,0.86,0.85,0.86,0.86,0.86,0.86,0.86,0.86,0.86,0.86,0.71,0.84,0.86,0.86,0.86,0.72,0.86,0.85,0.86,0.85,-1.12,0.86,0.84,0.86,0.83,0.86,0.86,0.86,0.86,0.85,0.86,0.86,0.86,0.86,0.86,0.84,0.86,0.84,0.72,-1.14,-1.04,0.86,0.73,0.86,0.84,0.86,0.86,-1.09,-1.11,0.85,0.86,0.86,0.84,0.85,0.84,0.86,0.85,0.86,0.86,0.86,0.86,0.86,0.86,0.84,0.86,0.86,0.86,0.86,0.85,0.86,0.86,0.83,-1.02,0.85,0.86,0.84,0.86,0.85,0.86,0.84,-1.01,0.86,0.86,0.85,0.86,0.86,-1.02,0.86,0.85,0.86,0.86,0.85,0.86,0.78,0.86,0.84,0.86,0.85,0.84,0.84,0.85,0.86,0.86,0.85,0.86,0.83,0.86,0.85,0.86,0.86,-1.02,0.84,0.86,0.86,0.86,0.86,0.86,-1.12,0.86,0.85,0.85,0.86,0.86,0.86,0.86,0.86,0.86,0.86,0.86,0.86,0.86,0.84,0.86,0.86,0.86,0.8,0.86,-1.13,0.86,0.85,0.86,0.85,0.86,0.86,0.85,0.86,0.83,0.86,0.86,0.86,0.86,-1.13,0.84,0.86,0.72,0.86,0.74,0.86,0.84,0.84,0.86,0.85,-1.13,0.81,0.86,0.86,0.85,0.86,0.86,0.86,0.86,0.86,0.85,0.86,0.86,0.86,0.86,0.85,0.86,0.86,0.86,0.79,0.86,0.85,0.86,0.86,0.86,0.86,0.85,-1.11,0.86,0.86,0.85,0.86,0.86,0.85,0.85,-1.01,0.84,0.86,0.86,0.86,0.72,0.86,0.85,0.85,0.8,0.86,0.86,0.86,0.86,0.86,0.86,0.86,0.86,0.86,0.86,0.86,0.86,0.86,0.86,0.86,0.86,0.86,0.86,0.86,0.86,0.85,0.84,0.86,0.84,0.86,0.86,0.85,0.86,0.86,0.86,0.86,0.86,0.84,0.86,0.77,0.85,0.86,0.86,0.86,0.86,-1.04,0.83,0.86,0.86,0.86,0.86,0.86,0.86,0.85,0.86,0.86,0.86,0.86,0.86,0.86,0.86,0.83,0.86,0.86,0.86,0.86,0.86,0.86,0.85,-1.02,-1.06,0.86,0.78,-1.08,0.83,0.86,0.86,0.86,0.86,0.85,0.85,0.85,0.74,0.85,-1.04,0.86,0.86,0.86,0.86,0.83,0.83,0.86,0.86,0.86,0.86,0.86,0.86,0.86,0.85,0.86,0.86,0.86,0.78,0.86,0.86,0.86,0.86,0.86,0.85,0.86,0.86,0.86,0.84,0.84,0.75,0.86,0.86,0.86,0.86,0.86,-1.07,0.85,0.86,0.86,0.86,0.86,0.86,0.86,0.86,0.86,0.86,0.86,0.86,0.85,0.86,0.86,0.86,0.86,0.86,0.86,0.86,0.86,0.84,0.86,-1.14,0.84,0.86,0.86,0.86,0.86,0.86,0.86,0.86,-1.0,-1.06,-1.12,0.86,0.82,0.85,0.86,0.82,0.86,0.86,0.86,0.86,0.76,-1.12,0.82,0.85,0.85,0.85,0.86,0.86,0.84,0.84,0.86,0.86,0.86,-1.03,0.86,0.86,0.86,0.86,0.86,0.86,0.86,0.85,0.84,0.86,0.71,0.85,-1.05,0.85,-1.11,0.85,0.81,0.86,0.86,0.86,0.86,0.86,0.79,0.86,0.86,0.85,0.86,0.86,0.86,0.86,0.86,0.86,0.86,0.86,0.86,0.86,0.85,0.85,0.86,0.84,0.86,0.86,0.86,0.86,0.86,0.85,0.86,-1.11,0.86,-1.01,0.86,0.86,0.86,0.86,-1.01,0.86,0.86,0.86,0.86,0.86,0.86,0.86,0.86,-1.11,0.85,0.86,0.85,0.86,0.86,0.86,0.85,0.86,0.86,0.86,0.86,0.86,0.86,0.86,0.86,0.85,0.86,-1.04,0.75,0.86,0.84,0.86,0.86,0.86,0.8,0.86,0.86,0.86,0.86,0.84,0.86,0.86,0.86,0.86,0.86,0.86,0.86,0.86,0.86,0.85,0.85,0.86,0.85,0.86,0.86,0.86,0.86,-1.03,0.86,0.86,0.86,0.86,0.86,0.84,0.86,0.86,0.86,0.86,0.71,0.86,0.86,0.85,0.86,0.86,0.86,0.86,0.86,0.86,0.86,0.86,0.86,0.85,0.86,0.86,0.86,0.86,0.86,0.86,0.86,0.85,0.86,0.77,0.86,0.85,0.86,0.86,0.86,0.86,0.86,0.86,0.85,0.86,-1.01,0.86,0.86,0.86,0.85,0.86,0.86,0.86,0.86,0.86,0.86,0.77,0.86,0.86,-1.08,-1.03,-1.08,0.86,0.86,0.86,0.85,0.86,0.86,0.86,0.84,0.86,0.85,0.84,0.86,0.8,0.86,0.86,0.86,0.86,0.86,0.86,0.86,0.86,0.86,0.86,0.86,0.86,0.85,0.86,0.85,0.86,0.86,0.86,0.83,-1.04,0.86,0.86,0.85,0.85,0.86,0.86,0.86,0.86,0.86,0.86,0.86,0.86,0.86,-1.14,0.86,0.84,0.86,0.85,0.86,0.86,0.86,0.86,0.86,-1.17,0.84,0.86,0.85,0.86,0.86,0.83,0.83,0.86,0.86,-1.14,0.86,0.84,0.84,0.86,-1.01,0.86,0.85,0.86,0.84,0.86,0.86,0.86,0.86,0.86,0.86,0.86,0.86,0.86,0.86,0.86,0.86,0.86,0.86,0.86,0.86,0.86,0.86,0.84,0.86,0.86,0.86,0.86,0.84,0.86,0.85,0.86,0.86,0.86,0.86,0.86,0.86,0.86,0.86,0.86,0.86,0.86,0.85,0.86,0.86,0.86,0.85,0.86,0.86,0.85,0.86,-1.12,0.85,0.86,-1.14,0.86,-1.12,0.86,0.86,0.86,0.86,0.85,0.86,0.86,0.86,0.85,0.86,0.86,0.86,0.86,0.86,0.86,0.85,0.86,0.86,0.86,0.86,0.84,0.86,0.86,0.86,0.86,-1.12,0.84,0.86,0.86,0.85,-1.13,0.86,0.86,0.84,0.86,0.85,-1.06,-1.13,0.85,0.82,-1.02,0.85,0.86,0.86,0.86,0.86,0.78,0.85,0.86,0.86,-1.02,-1.05,-1.06,0.84,0.81,0.86,0.85,0.85,0.86,0.86,0.86,0.86,0.86,0.86,0.86,0.86,0.86,0.86,0.86,0.86,0.85,0.86,0.85,0.86,0.86,0.86,0.86,0.86,-1.07,0.83,0.86,0.86,0.84,0.86,0.86,-1.1,-1.04,0.86,0.86,0.86,0.86,0.86,0.84,0.86,0.86,0.86,0.86,-1.03,0.86,0.86,0.86,0.86,0.74,0.85,0.86,0.86,0.85,0.86,0.86,0.86,0.86,0.86,0.86,0.86,0.86,0.84,0.86,0.86,0.85,0.86,0.85,0.86,0.8,0.86,0.86,0.86,0.85,0.86,0.86,0.86,0.86,0.86,0.86,0.83,-1.01,0.85,0.86,0.86,0.86,0.86,0.86,0.86,0.86,0.84,0.86,0.86,0.86,0.86,0.86,0.81,0.86,0.86,0.86,0.83,0.86,0.86,0.86,0.84,0.86,0.86,0.86,0.86,-1.03,0.86,0.86,0.85,0.86,0.85,0.86,0.86,0.86,0.86,0.86,0.86,-1.16,0.86,0.86,0.84,0.86,0.86,0.85,0.86,0.86,0.86,0.86,0.86,0.83,0.86,0.86,0.86,-1.05,0.86,0.86,0.86,0.86,0.85,0.86,0.85,0.86,0.86,0.86,0.86,0.86,0.86,0.86,0.86,0.84,0.86,0.86,0.85,0.73,0.86,-1.01,0.84,0.86,0.86,0.86,0.71,0.86,-1.06,0.85,0.86,0.85,0.86,0.86,0.86,0.85,0.86,0.86,0.86,0.85,0.86,0.7,0.86,0.8,0.86,0.86,0.86,0.86,0.86,0.86,0.86,0.82,0.86,0.86,0.86,0.86,0.84,0.86,0.85,0.86,0.86,0.86,0.86,0.86,0.86,0.86,0.86,0.86,0.86,0.75,0.86,0.84,0.85,0.86,0.86,0.86,0.86,0.86,0.82,-1.07,0.85,0.86,0.86,0.86,0.85,0.86,0.86,0.86,0.86,0.84,0.77,0.85,0.86,0.86,0.86,0.86,0.86,0.86,0.86,0.86,-1.02,0.85,0.86,0.86,-1.13,0.81,0.86,0.86,0.86,0.86,0.86,0.86,0.86,0.86,0.86,0.86,0.86,0.84,0.86,0.86,0.86,0.86,0.86,0.86,0.64,0.86,0.86,0.86,0.86,0.86,0.86,0.86,0.86,0.86,-1.03,0.86,0.86,0.86,0.86,0.86,0.86,0.85,-1.08,0.85,0.83,0.86,0.86,0.86,0.86,0.86,0.86,0.86,0.84,0.86,0.86,0.86,0.86,0.75,0.84,0.86,0.86,0.86,0.86,0.86,0.86,0.86,0.86,0.84,0.86,0.86,0.85,0.86,0.85,0.85,0.86,0.86,-1.11,0.86,0.84,0.86,0.86,0.86,0.86,0.86,0.86,0.86,0.86,0.86,0.86,0.86,0.84,0.85,0.84,0.86,0.86,0.86,0.86,0.86,0.86,0.84,0.86,0.86,0.86,0.86,-1.13,0.86,0.86,0.86,0.86,0.86,0.86,0.85,0.86,0.86,0.86,0.86,0.86,0.86,0.86,0.86,0.86,0.86,0.86,0.86,0.86,0.86,0.86,0.86,0.86,0.86,0.86,0.86,0.86,0.86,0.86,0.86,0.86,0.84,0.86,0.86,0.86,0.86,0.86,0.85,0.86,0.86,0.86,0.86,0.86,0.86,0.86,0.86,0.86,0.86,0.86,0.84,0.82,0.86,0.83,0.86,0.86,0.86,-1.11,0.84,0.85,0.86,0.86,0.86,0.86,0.69,0.86,0.85,0.86,0.86,-1.02,0.86,0.85,0.84,0.86,0.86,0.86,0.84,0.86,0.86,0.86,0.8,0.83,-1.07,0.86,0.86,0.71,0.86,0.86,0.86,0.86,0.86,0.86,0.86,0.86,0.83,-1.12,0.86,0.85,0.86,0.8,0.86,-1.14,0.86,0.86,0.79,0.86,0.86,0.86,0.86,0.85,0.86,0.86,0.86,0.86,0.86,0.86,0.86,0.86,0.86,0.86,0.84,0.86,0.86,0.86,0.86,-1.0,0.86,0.86,0.86,0.86,0.86,0.86,0.86,0.86,0.86,0.73,0.85,0.85,0.86,0.86,0.86,0.86,0.86,0.86,0.78,0.86,0.86,0.86,0.86,0.86,0.86,-1.04,0.86,0.86,0.86,0.86,0.86,0.86,0.78,0.86,0.86,0.86,0.84,0.86,0.85,0.86,0.86,0.86,0.86,0.86,-1.05,0.86,0.86,-1.01,0.85,0.86,-1.14,-1.03,0.84,0.86,0.86,0.86,0.86,0.86,0.86,0.85,0.86,0.85,0.85,0.86,0.86,0.86,0.86,0.86,0.86,0.86,0.86,0.86,0.86,0.86,0.86,0.85,0.86,0.7,0.86,0.86,0.86,0.85,0.85,0.86,-1.13,-1.07,0.84,0.82,0.86,0.86,0.86,0.86,0.85,0.86,0.86,-1.15,0.85,0.86,0.86,0.86,0.86,0.86,0.74,0.86,0.86,-1.07,0.85,0.8,0.83,0.86,0.86,0.86,0.83,0.83,0.86,0.71,0.86,0.86,0.86,0.85,0.86,0.86,0.85,0.86,0.86,0.86,0.86,0.85,0.86,0.86,-1.03,0.85,0.86,0.86,0.86,0.85,0.85,0.69,0.86,0.86,0.84,0.86,0.86,0.81,0.86,0.86,0.86,0.86,0.86,0.86,0.86,0.85,0.86,0.86,0.84,0.86,0.86,0.86,0.86,0.86,0.86,0.86,0.86,0.86,-1.02,-1.03,0.86,0.86,0.86,0.86,0.86,0.86,0.86,0.85,0.84,0.86,-1.12,0.86,0.86,0.83,0.86,0.86,0.85,0.86,0.86,0.86,0.81,0.86,0.86,0.82,0.86,0.83,0.86,0.86,-1.07,0.86,0.86,0.86,0.85,-1.04,0.86,0.84,0.86,0.85,0.86,0.86,0.86,0.86,0.86,0.86,0.86,0.86,0.86,0.86,0.84,0.86,-1.12,0.86,0.85,0.86,0.86,-1.03,0.85,0.86,0.86,0.72,0.85,0.86,0.86,0.84,0.86,0.86,0.86,-1.03,0.86,0.86,0.81,0.85,0.86,0.86,0.85,0.86,0.86,0.86,0.86,0.86,-1.09,0.84,0.83,0.86,0.86,0.85,0.86,0.86,0.86,0.86,0.86,0.86,0.86,0.86,0.86,0.86,0.86,0.84
-1.11,0.86,-1.24,0.82,-1.16,-1.04,0.67,0.8,-1.1,-1.07,-1.04,-1.08,-1.08,-1.07,0.85,0.85,-1.0,-1.15,0.82,-1.05,0.79,0.86,0.84,0.84,-1.04,-1.11,-1.23,0.81,0.85,0.81,0.82,0.78,-1.16,0.84,0.72,-1.03,0.65,0.8,-1.18,0.82,0.85,-1.17,0.86,-1.07,0.76,0.86,0.85,0.84,0.83,0.85,0.85,0.86,0.85,0.86,0.86,0.86,0.86,0.86,0.82,0.86,0.76,0.86,-1.07,0.86,-1.09,0.86,0.86,0.86,0.86,0.84,0.86,0.86,0.84,0.86,0.86,0.86,0.86,0.86,0.86,0.83,-1.01,0.86,0.86,0.86,0.86,0.86,0.84,0.86,0.73,0.86,0.86,-1.0,0.86,0.86,0.86,0.86,0.86,-1.12,0.85,0.86,0.86,0.85,0.85,0.86,0.86,0.86,0.86,0.86,0.86,0.86,0.86,0.86,0.85,0.86,0.86,0.86,0.86,0.73,0.86,0.86,0.84,0.83,0.86,0.86,0.86,0.86,0.86,0.86,0.86,0.84,-1.0,0.86,0.86,0.86,0.86,0.86,0.86,0.86,0.84,0.86,0.86,0.86,-1.06,0.86,0.86,0.86,0.85,0.84,0.86,0.86,-1.03,0.86,0.86,0.86,0.86,0.86,0.86,0.86,0.71,0.86,0.86,0.86,-1.07,0.84,0.86,0.86,0.86,-1.0,0.86,0.86,0.85,0.86,0.84,0.86,0.86,0.86,0.86,0.86,0.86,0.86,0.85,0.86,0.86,0.85,0.84,0.86,0.86,0.82,0.86,0.86,0.86,0.85,0.86,0.86,0.86,0.86,0.86,0.85,0.85,0.86,0.86,0.86,0.86,0.86,0.86,0.86,0.86,0.86,0.86,0.86,0.86,-1.03,0.86,0.84,0.86,0.74,0.86,0.86,-1.11,0.85,0.86,0.86,0.86,0.86,0.86,0.86,0.86,0.86,0.86,0.86,0.86,-1.0,0.86,0.86,0.73,0.86,0.85,0.86,0.86,0.86,0.86,0.86,0.86,0.86,0.86,0.86,0.86,0.86,0.85,0.86,0.86,0.86,0.86,0.86,0.85,0.86,0.86,-1.09,0.86,0.84,-1.11,0.86,0.86,0.86,0.86,0.86,0.86,0.86,0.81,0.85,0.86,0.86,0.86,0.86,0.86,0.85,0.86,0.86,0.85,0.86,0.86,0.86,-1.03,0.75,0.86,0.86,0.86,0.86,0.86,0.86,0.83,0.84,0.86,0.86,0.86,0.86,0.86,0.86,0.86,0.86,0.86,0.86,0.84,0.86,0.86,0.84,0.85,0.86,0.86,0.86,0.86,0.86,0.86,0.86,0.86,0.84,0.86,0.86,0.85,0.86,0.86,0.86,0.85,0.86,0.86,0.86,0.86,0.86,0.86,0.86,0.86,0.86,-1.13,0.86,0.86,0.86,-1.09,0.84,0.86,0.86,0.86,0.85,0.86,0.86,0.84,0.86,0.86,0.86,0.86,0.86,0.86,0.86,0.86,0.86,0.83,0.86,0.86,0.86,0.86,0.86,0.85,0.85,0.85,0.86,0.86,0.86,-1.15,0.84,0.86,0.86,0.86,0.86,0.86,0.86,-1.04,0.86,0.78,0.85,0.86,0.86,0.86,0.86,0.86,0.86,0.86,0.86,0.86,0.86,0.83,0.86,0.86,0.86,0.86,0.86,0.86,0.86,0.84,0.86,0.86,0.86,0.86,0.86,-1.09,0.83,0.86,0.86,0.86,-1.03,0.84,0.86,0.86,0.86,-1.0,0.86,0.86,0.74,0.86,0.85,0.86,0.86,0.85,0.85,0.86,0.86,0.85,0.8,0.85,0.84,0.86,0.86,0.86,0.86,0.86,0.86,0.84,0.86,0.86,0.84,0.86,0.86,0.86,0.86,0.86,0.86,0.86,0.86,0.85,0.86,0.85,0.86,0.86,0.86,0.86,0.86,0.85,0.86,0.86,0.86,0.86,0.86,0.86,0.86,0.84,0.84,-1.04,0.86,0.86,0.86,0.86,0.86,0.86,0.86,0.86,0.86,0.85,0.86,0.86,0.86,0.86,0.86,0.86,0.86,0.84,0.86,0.86,0.86,0.86,0.86,0.85,0.86,0.86,0.86,0.75,0.86,0.86,0.86,0.86,0.86,0.86,0.86,0.86,0.86,0.86,0.86,0.86,0.84,0.86,0.86,0.86,0.86,-1.14,0.86,0.86,0.86,0.85,0.86,0.74,-1.14,-1.03,0.86,0.79,0.86,-1.1,0.77,0.86,0.86,0.86,0.86,0.85,0.85,0.86,0.75,-1.03,0.84,0.86,0.86,0.86,0.86,0.85,0.86,0.85,0.86,0.86,0.86,0.86,0.86,0.84,0.86,0.86,0.86,0.86,0.86,0.86,-1.1,0.86,0.85,0.86,0.85,0.86,0.86,0.86,0.86,-1.09,-1.06,0.86,0.86,0.86,0.86,0.85,0.86,0.86,0.84,0.84,0.86,0.85,0.86,0.86,0.86,0.86,0.86,0.85,0.85,0.85,0.86,0.86,0.86,-1.09,0.86,0.86,0.86,0.86,-1.13,0.86,0.86,0.86,0.86,0.86,0.86,0.86,0.86,0.86,0.86,0.85,0.86,0.86,0.83,0.86,0.86,-1.0,0.86,0.86,0.86,0.86,0.74,0.86,0.86,0.86,0.86,0.86,0.84,0.83,0.86,0.85,-1.1,0.86,0.86,0.85,0.86,0.85,0.86,0.86,0.85,0.84,0.86,0.85,0.86,0.86,-1.12,0.86,0.86,0.86,0.86,0.86,0.86,0.86,0.86,0.84,-1.04,0.81,0.86,0.86,0.86,0.86,0.86,0.86,0.86,0.85,0.84,0.86,0.86,0.86,0.86,0.85,0.86,0.86,-1.2,0.86,0.83,0.86,0.86,-1.13,0.86,0.86,0.86,-1.07,0.83,0.86,0.85,-1.05,0.85,0.86,0.86,0.86,0.86,0.85,0.85,0.85,0.86,0.86,0.86,0.86,0.84,0.86,0.84,0.86,0.83,0.86,0.86,0.86,0.86,0.86,0.86,0.86,0.85,0.86,0.86,0.86,0.86,0.86,0.86,0.86,0.86,0.86,-1.09,-1.0,0.86,0.86,0.86,0.86,0.86,0.86,0.86,0.86,0.86,0.86,0.86,0.86,0.86,0.85,0.86,0.86,0.86,0.86,0.86,-1.03,0.86,0.86,0.86,-1.07,0.86,0.86,0.84,0.86,0.86,0.86,0.86,0.86,0.86,-1.04,0.86,0.86,0.86,0.86,0.83,0.85,-1.09,0.86,0.86,0.86,-1.04,0.86,0.86,0.86,0.86,0.86,0.86,0.85,0.86,0.86,0.86,0.86,0.86,0.86,0.83,0.86,0.86,0.86,0.86,0.86,0.86,0.86,0.79,0.86,0.86,0.86,0.86,0.86,0.86,0.86,0.85,0.86,0.86,0.86,-1.13,0.86,0.86,-1.05,0.86,-1.03,0.86,0.86,0.86,0.85,0.86,0.86,0.86,0.86,0.86,0.86,0.86,0.86,0.86,0.86,0.86,-1.09,0.86,-1.14,0.86,0.86,0.86,0.86,0.86,0.86,0.86,0.86,0.84,0.86,0.84,0.74,-1.1,0.74,0.86,0.86,0.86,0.86,0.86,0.86,0.86,-1.02,0.86,0.86,0.86,0.86,0.86,0.86,0.86,0.86,0.86,0.86,0.86,0.86,0.86,-1.0,0.86,0.84,0.85,0.86,0.86,0.86,0.86,0.85,0.86,0.86,0.86,0.83,0.85,0.86,0.76,0.86,0.78,0.86,0.84,0.86,0.86,0.86,0.86,0.86,0.86,0.86,0.86,0.86,0.86,0.82,0.79,0.85,0.86,-1.1,0.86,0.86,-1.03,0.86,-1.02,0.85,0.86,0.85,0.84,0.86,0.85,0.85,-1.12,0.86,0.83,0.86,0.86,-1.14,0.85,0.86,0.86,0.86,0.84,0.85,0.85,0.85,-1.08,0.83,0.86,0.86,0.86,-1.03,-1.07,0.86,0.86,0.85,0.86,0.86,0.86,0.86,0.86,0.74,0.86,0.86,0.86,0.86,0.86,0.86,-1.03,0.84,0.86,0.86,0.86,0.86,0.86,0.86,0.86,0.86,0.86,0.86,0.86,0.86,0.86,0.86,-1.04,0.84,0.86,0.86,0.74,0.86,0.86,-1.11,0.83,0.86,0.86,0.86,0.8,0.86,0.85,0.86,0.86,0.86,0.86,0.86,0.86,0.86,0.71,0.86,0.84,0.86,0.86,0.83,0.84,0.86,0.86,-1.07,0.86,0.86,0.73,0.86,0.86,0.85,0.86,0.86,0.86,0.86,0.86,0.85,0.85,0.85,0.85,0.84,0.85,0.86,-1.06,0.85,0.86,0.86,0.86,0.84,0.86,0.86,0.86,0.85,0.86,0.86,0.72,0.86,0.86,0.84,0.86,0.85,0.86,0.86,0.86,-1.1,0.85,0.85,0.86,0.84,0.86,0.86,0.86,0.86,0.86,0.86,0.86,0.86,0.86,-1.08,-1.12,0.75,0.83,0.85,0.85,0.86,0.86,0.86,0.86,0.86,0.86,0.86,0.86,0.86,0.86,0.86,0.86,0.86,0.86,0.85,0.86,0.86,0.86,0.84,-1.05,0.86,0.84,0.86,0.86,0.86,0.72,0.86,0.86,0.86,0.86,0.86,0.84,0.86,0.84,0.86,0.86,0.86,0.86,0.86,0.86,0.86,0.85,0.86,0.86,0.86,0.86,0.86,0.86,0.86,0.86,-1.08,0.86,0.86,0.86,0.74,0.86,-1.07,0.86,-1.13,0.86,0.86,0.86,-1.12,0.84,0.86,0.86,0.86,0.86,0.86,0.86,0.86,0.86,0.86,0.86,0.84,0.86,0.86,0.86,0.86,0.86,0.84,-1.14,0.86,0.86,0.86,0.86,0.86,0.86,0.86,0.86,0.86,0.79,0.86,-1.0,0.86,0.85,0.86,0.86,0.86,0.66,0.85,0.86,-1.02,0.86,0.86,0.86,0.86,0.86,0.86,0.86,0.85,-1.0,0.84,0.86,0.86,0.83,0.86,0.86,0.86,0.86,0.86,0.86,0.86,0.86,0.83,0.86,0.85,0.86,0.86,0.86,0.86,0.85,0.86,0.86,0.86,0.86,0.86,0.86,0.86,0.86,0.74,0.84,-1.01,-1.08,0.85,0.86,0.86,-1.03,0.83,0.85,-1.12,0.86,0.86,0.86,0.86,0.86,0.86,0.86,0.86,0.84,0.86,0.86,0.86,0.86,0.86,0.86,0.86,0.86,0.86,0.84,0.86,0.86,0.84,0.86,0.86,0.86,0.86,-1.08,-1.07,-1.04,0.86,0.86,0.86,0.83,0.86,0.86,0.86,0.86,0.86,0.86,0.86,0.86,0.86,0.85,0.86,0.86,0.86,0.83,0.86,0.86,0.86,0.86,0.86,0.86,0.85,0.86,0.86,0.86,0.84,0.86,0.86,0.86,0.86,0.77,0.86,0.86,0.86,0.84,-1.0,0.86,0.86,0.86,0.86,0.86,0.86,0.86,0.86,0.86,0.86,0.84,0.86,0.85,0.84,0.86,0.86,0.86,0.86,0.86,0.85,0.83,0.85,0.86,0.86,0.85,0.86,0.86,0.84,0.84,0.86,0.86,0.86,0.86,0.83,0.86,0.86,0.86,0.86,0.85,0.86,0.86,0.86,0.86,0.85,0.7,0.85,0.86,0.75,0.86,0.86,0.86,0.85,0.86,0.86,-1.1,0.86,0.86,0.86,0.81,0.85,0.86,0.86,0.86,0.86,0.85,0.86,0.86,0.86,0.86,0.86,0.86,0.86,0.86,0.86,0.85,0.86,0.86,0.86,0.84,0.82,0.86,0.86,0.84,-1.09,0.86,0.85,0.86,0.86,0.86,0.84,0.84,0.69,0.86,0.86,0.86,0.85,0.85,0.86,0.86,0.86,0.86,0.86,0.86,0.86,0.86,0.85,0.77,0.86,0.86,0.86,0.85,0.86,0.84,0.71,0.86,0.86,0.86,0.85,0.85,0.86,0.86,0.86,0.86,0.86,0.71,0.86,0.86,-1.13,0.86,0.86,0.86,0.86,0.86,0.86,0.86,0.86,0.86,0.86,0.85,0.86,0.86,0.86,0.86,0.86,0.86,0.86,0.72,0.86,0.83,0.86,0.85,0.86,0.86,0.85,0.86,0.86,0.84,0.86,0.86,0.85,0.86,0.86,0.86,0.86,0.86,0.86,0.86,0.86,0.86,0.86,-1.12,0.86,0.86,0.85,0.86,0.81,0.84,0.86,0.83,0.86,0.86,0.86,0.84,0.86,0.83,-1.08,0.84,0.86,0.86,0.84,0.83,0.86,0.86,0.86,0.86,0.86,0.86,0.86,0.86,-1.03,0.74,0.84,0.86,0.86,0.86,0.86,0.85,0.84,0.86,0.86,0.86,0.86,0.84,0.84,0.86,0.86,0.85,0.86,0.86,-1.01,0.86,0.86,0.84,0.86,0.86,0.86,0.84,0.86,0.86,0.86,0.86,0.86,0.86,0.86,0.86,0.86,0.86,0.86,0.84,0.84,0.86,0.86,0.86,0.86,0.86,0.86,0.86,0.84,0.86,0.86,0.76,0.86,0.86,0.86,0.86,0.86,0.86,0.86,0.8,0.86,0.82,0.86,0.68,0.76,0.84,0.86,0.86,0.86,0.86,0.86,0.75,-1.0,0.86,0.86,0.86,0.86,0.85,0.73,-1.03,0.85,0.85,0.86,0.86,0.86,0.86,0.86,0.85,0.82,0.76,0.86,0.85,-1.04,0.85,0.83,0.83,0.8,0.86,0.86,0.86,-1.13,0.85,0.86,0.86,0.86,0.86,0.86,-1.1,0.84,0.86,0.86,0.77,0.86,0.86,0.86,0.86,0.85,0.86,0.86,0.73,0.86,0.86,0.86,-1.0,0.86,0.86,0.86,0.85,0.86,0.82,-1.12,0.84,0.86,0.85,0.86,0.86,0.86,0.86,-1.04,0.86,0.86,0.86,0.86,0.86,0.86,0.86,0.86,0.86,0.86,0.86,0.85,-1.12,0.86,0.85,0.86,0.86,0.86,0.85,0.86,0.85,0.86,0.86,0.86,0.86,0.86,0.85,0.86,-1.11,0.74,0.86,0.75,0.86,0.86,0.86,0.84,0.86,0.84,0.86,0.86,0.86,0.86,0.86,-1.03,0.86,0.85,0.85,0.86,0.86,0.86,0.86,-1.14,-1.03,0.85,0.86,0.86,0.86,0.85,0.86,0.86,0.86,-1.13,0.85,0.63,0.86,0.86,0.86,0.86,0.82,-1.04,0.86,-1.05,0.86,0.85,0.83,0.86,0.86,0.86,0.86,0.86,0.86,0.86,0.85,-1.02,0.86,0.86,0.86,0.74,0.85,0.86,0.86,0.86,0.84,0.86,0.86,-1.14,0.86,0.86,0.86,0.86,0.86,0.86,0.86,0.86,0.85,0.86,0.86,0.86,0.86,0.86,0.85,0.86,0.86,0.86,0.86,0.86,0.86,0.86,0.86,0.86,0.86,0.71,0.85,0.86,0.86,0.86,0.86,0.86,0.86,0.86,0.86,0.86,0.86,0.86,0.86,0.86,0.75,0.85,0.86,0.86,0.86,0.86,0.86,0.86,0.86,0.86,0.84,0.86,0.85,0.86,0.86,0.86,0.85,0.86,0.86,0.86,0.73,0.86,0.86,0.86,0.86,0.86,0.85,0.86,0.86,-1.02,0.84,0.86,0.86,0.86,0.83,-1.09,0.81,0.85,0.86,0.86,0.86,-1.02,0.83,0.86,0.86,0.86,0.86,0.86,0.81,0.86,0.86,0.86,0.84,0.86,0.86,0.86,0.86,0.85,0.86,0.86,0.86,0.86,0.86,0.84,0.84,0.86,0.86,-1.0,-1.05,0.86,0.86,0.86,0.85,0.86,0.86,0.86,0.86,0.86,0.86,0.86,0.86,0.84,0.84,0.85,0.86,0.86,0.85,0.86,0.84,0.86,0.86,0.85,0.86,0.86,0.85,-1.13,0.86,0.86,0.86,0.86,0.85,0.85,0.86,0.86,0.86,0.86,0.85,0.86,0.82,0.86,0.86,0.84,0.86,0.86,0.86,0.86,0.86,0.86,0.86,0.86,0.84,0.86,0.86,0.86,-1.04,0.78,0.82,0.84,0.86,0.84,0.86,0.86,0.86,0.86,0.86,0.86,0.86,-1.1,0.86,0.86,-1.13,0.86,-1.01,0.86,0.85,0.85,0.85,0.86,0.86,0.86,0.86,0.84,0.86,0.86,-1.03,0.86,0.86,0.86,0.86,-1.13,0.84,0.86,0.85,0.86,0.86,0.86,0.86,0.86,0.86,0.85,0.86,0.84,0.86,0.86,0.86,0.83,0.86,0.86,0.86,-1.13,0.86,0.86,0.86,0.86,0.86,0.72,0.86,0.8,0.86,0.86,0.86,0.84,0.86,0.86,0.86,0.86,0.85,0.86,0.75,0.84,-1.12,0.86,0.86,0.86,0.84,0.86,0.86,0.86,0.86,-1.04,-1.05,0.84,0.86,0.86,0.86,0.86,0.84,0.86,0.85,0.84,0.8,0.86,0.78,0.86,0.85,0.83,0.86,-1.03,0.85,0.85,0.86,0.86,-1.03,0.85,0.86,0.85,0.86,0.85,0.86,0.86,0.84,0.85,0.84,0.85,0.86,0.77,0.86,0.85,0.86,0.86,0.86,0.86,-1.06,0.86,0.86,0.79,0.86,0.83,0.85,0.84,0.86,0.78,0.86,0.86,0.86,0.86,0.86,0.86,0.86,0.86,0.86,0.86,-1.01,0.86,0.86,0.86,0.86,0.86,0.86,0.86,0.86,0.85,0.86,0.79,0.86,0.86,0.86,0.86,0.86,0.82,0.86,0.84,0.85,0.86,0.83,0.86,0.85,0.86,0.83,0.86,0.86,0.86,0.85,0.84,0.86,0.86,0.86,0.85,0.86,0.86,0.84,0.86,0.86,-1.14,0.84,0.86,0.86,0.86,0.86,0.86,0.86,0.86,0.84,0.86,0.86,0.86,0.86,0.86,0.86,0.86,0.86,0.86,0.86,0.85,0.85,0.86,0.85,0.86,0.86,0.86,0.83,0.86,0.86,0.86,0.86,0.86,0.86,0.85,0.84,0.86,0.86,0.86,0.86,0.83,0.85,0.86,-1.02,0.85,0.85,0.84,0.86,0.86,0.81,0.86,0.86,-1.06,0.86,-1.14,0.86,0.86,0.86,0.86,0.86,0.86,0.85,0.83,0.84,0.86,0.82,-1.07,0.76,0.85,0.86,-1.04,0.84,0.86,0.86,0.84,0.86,0.86,0.84,0.86,0.85,0.86,0.86,0.84,0.84,0.86,0.86,0.86,0.85,0.86,-1.11,0.86,-1.14,0.82,0.86,0.86,0.86,0.86,0.86,0.83,0.86,0.86,0.86,0.85,0.85,0.86,0.86,0.86,0.86,0.86,0.72,0.86,0.86,0.86,0.85,0.72,0.85,0.86,0.86,-1.07,0.8,0.86,0.85,0.86,0.67,0.86,0.84,0.85,0.84,-1.09,0.85,0.84,0.86,0.86,0.86,-1.12,0.86,0.86,0.86,0.86,0.86,0.76,-1.13,0.85,0.86,0.85,0.86,0.73,0.85,0.85,0.84,0.86,0.86,0.86,-1.17,0.86,0.86,0.86,0.86,0.86,0.86,0.85,0.86,0.86,0.86,0.86,0.86,0.84,0.86,0.86,0.86,0.81,0.85,0.86,-1.03,0.86,0.86,0.86,0.86,0.86,0.86,0.86,-1.03,0.86,0.86,0.85,0.74,0.86,0.86,0.86,0.85,0.84,-1.08,0.84,0.86,0.86,0.86,0.86,0.86,0.86,0.86,0.86,0.86,0.86,0.86,0.86,0.86,0.86,0.86,0.86,0.85,0.86,0.86,0.86,0.86,0.86,0.86,0.86,0.86,0.82,0.86,0.86,0.86,-1.05,-1.05,0.85,0.86,0.73,0.86,0.82,0.86,0.86,0.86,0.78,0.86,0.86,0.86,0.85,0.86,0.84,0.86,0.86,0.86,0.86,0.79,0.76,0.85,0.85,0.86,0.86,0.86,0.86,0.86,0.86,0.86,0.86,0.84,0.86,0.86,0.86,-1.05,0.86,0.85,0.86,0.86,0.86,0.86,0.86,0.86,0.86,0.86,-1.12,-1.0,0.86,0.86,0.86,0.86,0.84,0.86,0.86,0.86,0.73,0.85,-1.03,0.86,0.86,0.83,0.85,0.85,0.86,0.84,0.77,0.79,0.86,0.86,0.86,0.86,0.86,0.86,0.86,0.86,0.86,0.86,0.86,0.86,0.86,0.86,0.86,0.86,0.86,0.85,0.85,0.86,0.74,0.86,0.86,0.86,-1.02,0.86,0.85,0.86,0.86,0.86,0.86,0.72,0.86,0.86,0.86,0.86,0.85,0.86,0.86,0.85,0.86,0.86,-1.12,0.86,0.86,0.86,0.86,0.86,0.86,0.86,0.86,0.86,0.85,0.86,0.86,0.85,0.86,0.85,0.86,0.86,0.85,0.86,-1.13,0.86,-1.13,0.86,0.83,0.85,0.86,0.86,0.86,0.86,0.86,0.84,0.86,0.74,-1.13,0.85,0.86,0.86,0.86,0.84,0.84,0.86,0.86,0.86,0.86,0.86,0.72,0.84,0.85,0.86,0.85,0.86,0.86,0.86,0.86,0.84,0.86,-1.08,0.83,0.85,0.86,0.86,0.86,0.86,-1.02,0.75,-1.12,-1.12,0.85,0.85,0.86,0.86,0.86,0.86,0.86,0.86,0.85,0.85,0.86,0.86,0.86,0.86,0.86,0.85,0.86,0.86,0.82,0.86,-1.09,0.84,0.86,0.86,0.86,-1.1,0.86,0.86,0.86,0.85,0.84,0.85,0.86,0.86,-1.02,0.86,0.86,0.81,0.86,0.86,0.85,0.84,0.86,0.86,0.86,0.86,-1.05,0.84,0.86,0.86,0.84,0.86,0.86,0.84,0.86,0.85,0.86,0.86,0.75,0.86,0.85,0.86,0.86,0.86,0.86,0.86,0.72,0.86,0.85,0.73,0.85,0.86,0.86,0.86,0.86,0.86,0.86,0.86,0.86,0.85,0.86,0.86,0.86,-1.04,0.86,0.86,0.86,0.86,0.85,0.86,0.86,0.86,0.86,0.86,0.86,0.86,0.86,0.86,0.86,0.85,0.84,0.86,0.86,0.86,0.86,0.86,0.86,0.86,0.86,0.86,-1.06,0.85,0.85,-1.05,0.85,0.86,0.86,0.84,0.85,0.86,0.86,-1.13,0.86,0.86,0.83,0.86,0.83,0.78,0.86,0.74,0.86,0.86,0.7,0.86,0.86,0.86,0.86,-1.1,0.86,0.83,0.85,0.86,0.83,0.85,0.86,0.86,0.86,0.86,0.86,0.86,0.85,0.86,0.86,0.86,0.85,0.74,-1.02,0.86,0.83,0.86,0.85,0.85,0.86,0.86,0.86,0.86,0.86,0.86,0.86,0.85,0.86,0.86,0.84,0.81,0.86,0.86,0.85,0.86,0.86,0.86,0.86,0.86,0.86,0.86,0.85,0.86,0.86,0.86,0.85,0.84,0.86,0.86,0.86,0.86,0.86,0.86,0.86,0.85,0.85,0.86,0.85,0.86,-1.06,0.85,0.85,0.86,0.84,0.85,0.85,-1.12,-1.13,0.86,0.86,0.86,0.85,0.86,0.86,0.86,0.86,0.73,0.86,0.86,0.85,-1.0,0.86,0.86,0.86,0.86,0.86,0.77,0.86,0.86,0.83,0.84,0.84,0.86,0.86,0.86,0.86,0.86,0.84,0.86,0.86,0.85,0.86,0.83,0.86,0.86,0.86,0.86,0.86,0.86,0.86,0.86,0.86,0.86,0.86,0.86,0.85,0.84,0.86,0.86,0.85,0.84,0.86,0.86,0.86,0.83,0.86,-1.06,0.86,0.86,0.86,0.86,0.85,0.85,0.86,0.86,0.86,0.84,0.86,0.84,0.86,0.86,0.76,-1.1,0.85,-1.01,0.85,0.83,0.86,0.86,-1.03,0.84,0.85,0.86,0.86,0.86,0.85,0.84,0.86,0.86,-1.1,0.86,0.86,0.86,0.86,0.86,-1.05,0.86,0.86,0.86,-1.14,0.85,0.86,0.85,0.86,0.86,0.83,0.8,-1.0,0.86,0.86,0.86,-1.15,0.85,0.86,0.76,0.85,0.86,0.86,0.82,0.86,0.86,-1.02,0.85,0.66,0.85,0.85,0.86,0.85,0.84,-1.03,0.85,0.84,0.85,0.86,0.76,0.85,0.86,0.85,0.86,0.85,0.85,0.86,0.86,0.85,0.86,0.86,0.86,0.86,0.81,0.86,0.86,-1.04,0.86,0.85,0.85,-1.0,0.86,0.86,0.86,0.85,0.76,0.86,0.86,0.86,0.86,0.86,0.86,0.86,0.86,0.86,0.86,0.86,0.86,0.86,0.86,0.73,0.86,-1.13,0.85,0.86,0.84,0.86,0.86,0.85,0.86,-1.01,0.82,0.85,0.86,0.86,0.86,0.86,-1.02,0.86,0.86,0.86,0.86,0.86,0.86,0.85,0.86,0.86,0.86,0.85,0.85,0.69,0.86,0.86,0.86,0.86,0.86,0.86,0.86,0.75,0.83,0.85,0.86,0.86,0.86,0.86,0.86,0.86,0.86,0.84,0.86,0.86,0.86,0.86,0.86,-1.21,0.86,0.85,0.85,0.86,0.85,0.86,0.86,0.86,0.86,0.86,0.84,0.86,0.86,0.85,0.86,0.86,0.74,0.86,0.86,0.85,0.85,0.78,0.86,0.86,0.86,0.86,0.84,0.84,0.86,0.86,0.86,0.86,-1.1,0.84,0.85,-1.1,0.86,0.86,0.86,0.86,0.84,0.86,0.86,0.86,0.86,0.83,0.86,0.86,0.86,0.86,0.84,0.85,0.86,0.86,0.86,0.86,0.86,0.86,0.84,0.86,0.86,0.79,0.83,0.85,0.86,0.86,0.86,0.86,0.86,0.86,0.86,0.86,0.86,0.86,0.86,0.86,0.85,0.86,0.86,0.86,0.84,0.85,0.86,0.86,0.86,0.86,0.86,0.86,0.86,0.71,0.82,0.86,0.86,0.86,0.86,0.72,0.85,0.86,0.86,0.86,0.86,-1.05,0.83,0.86,-1.06,0.86,0.85
-1.29,-1.02,-1.08,-1.21,-1.24,-1.04,0.71,-1.11,-1.03,-1.01,-1.05,-1.17,-1.21,-1.1,0.84,0.67,0.74,0.83,0.8,0.83,-1.13,0.78,0.84,0.69,0.84,0.81,-1.04,0.83,0.84,0.46,0.84,0.85,-1.05,0.83,0.59,0.77,0.81,0.86,0.86,0.86,0.74,0.76,0.86,0.83,0.85,0.75,0.84,0.86,0.79,0.86,0.86,0.83,0.84,0.86,0.86,0.86,0.81,0.76,0.86,0.86,0.86,0.86,0.86,0.86,0.86,0.84,0.86,0.86,0.86,-1.01,0.86,0.85,0.86,-1.07,0.86,0.86,0.86,0.85,0.86,0.82,0.86,-1.03,0.86,0.83,0.85,0.86,0.86,0.86,0.86,0.86,0.86,0.86,0.86,0.86,0.86,0.85,-1.12,0.84,0.86,0.86,0.86,0.86,0.85,0.86,0.85,0.86,0.86,0.86,0.86,0.86,-1.13,0.83,0.86,0.86,0.86,0.86,0.86,0.86,0.85,0.86,0.84,0.84,0.86,0.86,0.86,0.86,0.86,0.86,0.86,0.86,0.8,0.86,0.86,0.86,0.84,0.86,0.86,0.86,0.85,0.86,0.86,0.86,0.86,0.86,0.85,0.76,0.86,0.86,0.84,0.86,0.86,0.86,0.86,0.75,0.86,0.86,0.86,0.86,0.86,0.86,0.86,0.86,0.86,0.86,0.86,0.86,0.86,0.74,0.86,0.86,0.86,0.85,0.76,0.86,0.86,0.83,-1.11,0.86,0.86,0.85,0.85,0.85,0.85,0.86,0.86,0.86,0.86,0.86,0.86,0.86,0.86,0.86,0.84,0.86,0.86,0.86,-1.08,0.86,0.86,0.85,0.86,0.86,0.86,0.86,0.86,0.86,0.86,0.86,0.86,-1.02,0.86,0.76,0.86,0.85,0.86,0.86,0.86,-1.13,0.86,0.84,0.86,0.86,0.86,0.86,0.83,0.86,0.86,0.85,-1.04,0.86,0.86,0.86,-1.05,0.86,0.86,0.84,0.86,0.86,0.86,0.84,0.86,0.86,0.81,0.86,0.86,0.86,0.84,0.86,0.86,-1.12,0.86,0.86,0.86,0.86,0.86,0.86,-1.02,0.86,0.85,0.86,0.85,0.85,0.84,0.86,0.86,0.86,0.84,0.86,0.86,0.86,0.86,0.86,0.77,0.7,0.86,0.86,-1.07,0.86,0.86,0.86,0.86,0.86,-1.1,0.86,0.86,0.86,0.86,0.85,0.86,0.86,0.86,0.85,0.86,-1.07,0.86,-1.06,0.86,0.86,0.86,0.86,0.76,0.86,0.86,0.86,0.86,0.86,0.84,0.84,0.86,0.8,0.86,0.86,0.86,0.86,0.86,0.86,0.84,0.86,0.85,0.86,0.85,0.86,0.86,0.86,0.86,0.82,0.86,0.86,0.86,0.86,0.86,0.86,0.86,0.86,0.86,0.84,0.86,0.84,0.86,0.86,0.86,0.86,0.86,0.85,0.85,0.86,0.86,0.86,0.86,0.86,0.85,0.86,0.86,0.86,0.86,0.86,0.85,0.86,0.86,0.86,0.86,0.86,0.86,0.86,0.86,0.86,0.86,-1.06,0.86,0.86,0.83,0.85,0.7,0.86,-1.11,0.86,0.86,0.86,0.86,0.86,0.86,0.86,0.86,0.84,0.86,0.85,0.86,0.86,0.71,0.86,0.86,0.86,0.86,0.86,0.86,-1.03,0.84,0.84,0.86,0.83,0.86,0.86,0.86,0.86,0.86,0.86,0.86,0.86,-1.12,0.86,0.86,0.86,-1.13,0.84,0.86,0.86,0.86,0.86,0.85,0.84,0.86,0.86,0.86,0.86,0.85,0.86,0.86,0.86,0.86,0.86,0.86,0.86,0.86,0.82,0.86,0.78,0.86,0.84,0.86,0.86,0.86,0.86,0.86,0.86,0.86,0.86,0.86,0.86,0.86,0.84,0.86,-1.15,0.84,0.86,0.86,0.86,-1.12,-1.06,-1.13,0.76,0.86,0.86,0.85,0.86,0.86,0.85,0.86,0.86,0.86,0.86,0.84,0.85,0.86,0.82,0.85,0.86,0.71,0.84,0.85,0.86,0.86,0.86,0.82,0.86,0.86,0.86,0.86,0.86,0.85,0.86,0.86,0.84,0.86,0.86,0.86,0.86,0.86,0.86,-1.05,0.85,0.85,0.86,-1.22,-1.0,0.86,0.86,0.86,0.86,0.86,0.86,0.86,0.86,0.86,0.86,0.86,0.86,0.85,0.86,0.86,0.86,0.85,0.85,0.86,0.86,0.86,0.86,0.86,0.86,0.86,0.82,0.78,0.86,-1.03,0.83,0.85,0.86,0.86,0.77,0.86,0.86,-1.09,0.86,0.71,0.84,0.85,0.75,0.74,0.86,0.86,0.86,-1.03,0.86,0.82,0.86,0.86,0.86,0.85,0.86,0.86,0.84,0.86,0.85,0.86,0.86,0.86,0.86,-1.16,0.86,0.86,0.86,0.86,0.77,0.86,0.86,0.82,-1.13,0.86,0.86,0.84,0.86,0.85,0.86,0.7,0.86,0.86,0.86,-1.07,0.86,0.86,0.86,0.86,-1.29,-1.13,0.86,0.86,0.86,0.83,0.86,0.86,0.86,0.86,0.84,0.86,-1.13,0.85,0.86,0.83,0.86,0.86,0.86,0.86,0.86,0.86,-1.14,0.86,0.85,0.84,-1.13,0.85,0.86,0.86,0.86,0.86,-1.02,0.86,0.8,0.86,0.86,0.86,0.86,0.74,0.86,0.86,0.86,0.86,0.86,0.86,0.86,-1.08,0.86,0.84,0.86,0.86,0.86,0.86,0.84,0.86,-1.03,0.86,0.86,0.86,0.84,0.85,-1.0,0.86,0.86,0.86,-1.05,0.86,0.86,0.85,0.86,0.86,0.85,0.81,0.86,-1.09,0.86,0.86,0.86,0.85,0.84,0.86,0.83,0.86,0.86,0.86,0.86,0.86,0.86,0.84,-1.12,0.86,0.86,0.86,0.86,0.86,0.86,0.86,0.86,0.85,0.86,0.86,0.86,0.76,0.86,0.86,0.86,0.86,0.86,0.86,0.86,0.86,0.86,0.86,0.86,0.86,0.84,0.86,0.82,0.86,0.86,0.86,0.86,0.84,0.85,-1.03,0.86,0.86,-1.11,0.86,0.86,0.86,0.86,0.86,0.84,0.86,0.86,0.86,0.86,-1.04,0.86,0.86,0.86,0.86,0.86,0.84,-1.03,0.85,0.86,0.85,-1.04,0.84,0.86,0.86,0.86,0.86,0.86,0.85,0.86,0.86,0.84,0.84,0.86,0.84,0.86,0.86,0.85,0.86,-1.02,0.85,0.86,0.86,0.86,0.86,0.86,0.86,0.86,0.86,0.86,0.86,0.83,0.86,-1.0,-1.01,0.86,0.7,0.85,-1.04,0.69,0.86,0.86,0.86,0.84,0.86,0.86,0.86,0.86,0.86,0.86,0.86,0.84,0.86,0.86,0.86,0.85,0.86,0.86,0.86,0.86,0.86,0.86,0.85,-1.12,0.86,0.86,0.81,0.86,0.86,0.86,0.86,0.86,0.86,0.86,0.86,0.86,0.83,0.86,-1.03,0.83,0.86,0.86,0.86,0.72,0.86,0.86,0.86,0.86,0.86,0.86,0.86,0.85,0.86,0.85,0.75,0.86,0.85,0.86,0.86,0.86,0.86,0.86,-1.11,0.86,0.86,0.86,0.82,0.86,0.86,0.86,0.86,0.86,0.86,0.86,0.86,0.85,0.86,0.86,0.86,0.86,0.86,0.86,0.84,0.86,0.86,0.86,0.86,0.86,0.86,0.86,0.86,0.85,0.86,0.86,0.86,0.79,-1.13,0.86,0.85,0.86,0.86,-1.04,0.85,0.86,0.86,0.85,0.86,0.84,0.84,0.86,0.7,0.86,0.86,0.86,0.86,0.86,0.83,0.85,0.86,0.85,0.86,0.86,0.86,0.86,0.86,0.86,0.86,0.86,0.86,0.86,0.86,0.84,0.84,0.81,0.86,0.86,0.86,0.86,0.84,0.86,0.86,-1.12,0.86,0.86,0.85,0.86,0.86,0.86,0.86,0.86,0.86,0.86,0.81,0.85,0.86,0.86,0.86,0.86,0.86,-1.12,0.86,0.86,-1.11,0.86,0.86,0.86,-1.08,0.86,0.86,0.84,0.85,0.86,0.86,0.85,0.86,0.86,0.85,0.86,0.86,0.86,-1.13,0.84,0.86,0.86,0.86,0.86,0.86,0.86,0.84,0.86,0.86,0.86,0.86,0.84,0.86,0.86,0.86,0.85,0.86,0.86,0.85,0.86,0.77,0.86,0.85,0.86,0.84,0.86,0.86,0.86,0.86,0.86,0.86,0.86,0.86,0.86,0.86,0.86,0.86,0.86,0.86,0.86,0.85,0.86,0.85,0.86,0.86,0.85,0.86,0.86,0.82,0.86,0.86,0.86,0.86,0.86,0.86,0.86,0.86,0.86,0.86,0.86,-1.03,0.86,-1.02,0.86,0.86,0.84,0.86,0.86,0.86,0.86,0.86,0.86,0.86,0.85,0.86,0.86,0.84,0.84,-1.13,0.86,0.85,0.83,0.86,0.82,0.82,0.86,0.86,0.86,0.86,0.86,0.86,0.85,0.86,0.85,0.86,0.86,0.86,0.86,0.84,0.8,0.86,0.75,0.86,0.84,0.85,0.86,0.86,0.86,0.86,0.86,0.85,0.86,0.85,0.86,0.85,0.86,0.86,0.86,0.86,0.86,0.86,0.84,0.86,0.86,0.86,0.86,0.86,0.85,0.86,0.86,0.86,0.86,0.86,-1.02,0.86,0.86,0.86,0.86,0.86,-1.08,0.85,0.86,-1.0,-1.03,0.86,0.86,0.84,-1.08,0.86,0.86,0.86,0.84,0.85,0.86,0.86,0.86,0.86,0.86,0.86,0.86,0.86,0.86,0.71,0.86,0.86,0.85,0.86,-1.02,0.86,0.86,-1.09,0.86,0.85,0.86,0.86,0.86,0.86,-1.14,0.86,0.86,0.86,-1.04,-1.15,0.84,0.86,0.86,0.86,0.86,0.85,0.86,0.86,0.86,0.84,0.86,0.86,0.86,0.86,0.86,-1.13,0.85,0.86,0.86,0.85,0.86,0.86,0.86,0.86,0.86,0.86,0.86,-1.11,0.86,0.86,0.85,0.86,0.86,0.86,0.86,0.86,0.86,0.86,0.86,0.86,0.86,0.86,0.86,0.86,0.85,0.84,0.86,0.86,0.86,0.86,0.86,0.86,0.86,0.86,0.85,0.86,0.86,0.86,0.85,0.69,0.86,-1.03,-1.12,0.86,0.86,0.86,0.86,0.84,0.85,0.69,0.83,0.7,-1.06,0.86,0.86,0.84,0.86,0.86,0.86,0.86,0.86,0.85,0.86,0.86,-1.06,0.86,-1.05,0.86,0.86,0.86,0.86,0.85,0.86,0.86,0.86,0.86,0.77,0.86,0.86,0.86,0.86,-1.11,0.86,-1.09,0.86,0.86,0.86,0.86,0.86,0.86,0.86,0.86,0.82,-1.13,0.86,0.86,0.85,0.86,0.86,0.86,0.86,0.86,0.86,0.86,0.86,0.86,0.86,0.85,0.86,0.86,0.86,0.86,0.85,0.86,0.86,0.86,0.86,0.86,0.86,0.86,0.85,0.86,0.86,0.86,0.86,0.85,0.86,0.86,0.85,0.86,0.86,0.86,0.86,0.86,0.86,0.84,0.85,0.86,0.72,0.86,0.86,0.84,0.86,0.85,-1.14,0.86,0.86,0.85,0.86,0.86,-1.01,0.86,0.86,0.86,0.86,0.86,0.86,0.86,0.86,0.86,-1.01,0.86,0.78,0.86,0.79,0.86,0.86,0.85,0.85,0.86,0.86,0.85,0.86,0.86,0.86,0.86,0.86,0.85,0.86,-1.12,0.85,0.86,0.84,0.86,0.86,0.86,0.86,0.86,0.86,0.86,0.86,0.86,0.86,-1.01,0.83,0.86,-1.14,0.85,0.83,0.86,0.86,0.86,0.86,0.86,0.86,0.86,0.86,0.84,0.86,0.86,0.86,0.86,0.86,0.86,0.86,-1.11,0.86,0.86,0.86,-1.02,0.71,0.85,-1.1,0.86,0.86,0.77,0.86,0.86,0.86,0.85,0.85,0.86,0.86,0.84,0.86,0.86,0.85,0.86,0.85,0.86,0.85,0.86,0.86,0.86,0.86,0.86,0.86,0.85,0.86,0.86,0.86,0.86,0.86,0.86,0.86,0.85,0.86,0.86,0.86,0.84,0.86,0.86,0.84,0.86,-1.05,0.86,0.85,0.86,0.85,0.86,0.85,0.86,0.86,0.86,0.86,0.78,0.86,-1.13,0.86,0.86,0.86,0.83,-1.13,0.86,0.86,0.86,-1.06,0.86,0.86,-1.13,0.85,0.85,0.86,0.76,0.86,-1.06,0.86,0.75,0.85,0.86,0.86,0.85,0.86,-1.08,0.86,0.86,0.84,0.85,0.86,0.86,0.85,0.86,0.86,-1.09,0.86,0.84,0.86,0.86,0.8,0.76,0.86,0.86,0.86,0.86,-1.04,0.86,0.83,0.86,0.83,0.86,0.85,0.86,0.7,0.85,0.86,0.85,0.86,0.84,0.86,0.86,0.86,0.86,0.86,0.86,0.86,0.86,0.86,0.86,-1.13,0.86,0.86,0.86,0.86,0.86,-1.16,0.86,-1.14,0.85,-1.02,-1.08,0.84,0.86,0.86,0.86,0.86,-1.13,0.86,-1.14,0.86,0.86,0.86,0.86,0.86,0.86,0.86,0.84,0.86,0.83,0.86,-1.03,0.86,0.86,0.86,0.86,0.86,0.83,0.86,0.86,0.86,0.84,0.86,0.85,0.71,0.86,0.86,0.85,0.85,0.86,0.86,0.84,0.79,0.86,0.84,0.86,0.85,0.86,0.86,0.86,0.83,0.86,0.84,0.86,0.86,-1.17,0.81,0.85,0.86,0.86,0.86,0.86,0.85,0.86,0.86,0.81,0.75,0.85,0.78,-1.05,0.85,0.86,0.86,0.86,0.86,0.86,0.85,0.86,0.86,0.86,0.84,0.86,0.86,-1.14,0.86,0.86,0.86,0.86,0.86,0.86,0.86,0.86,0.86,-1.29,0.84,0.86,0.86,0.86,0.86,0.86,0.86,0.86,0.86,0.86,-1.1,0.86,0.86,-1.06,0.86,0.86,0.84,0.85,0.86,0.86,0.86,0.77,0.85,0.86,0.84,0.84,0.86,0.86,0.86,0.86,0.86,0.86,0.86,0.86,0.86,0.83,0.86,0.86,0.86,0.86,0.84,0.75,0.86,0.77,0.86,0.86,0.86,0.86,0.86,0.86,0.86,0.86,0.86,0.86,0.86,0.86,0.85,0.86,0.85,0.86,0.86,0.86,0.86,0.86,0.86,0.85,0.84,0.86,0.86,0.86,0.83,0.86,0.86,0.82,0.86,0.86,0.85,-1.14,0.86,0.85,0.86,0.85,0.86,-1.08,0.86,0.86,0.86,0.86,0.86,0.86,0.86,0.86,0.86,0.86,-1.05,0.86,0.86,0.86,0.86,0.86,0.86,0.86,0.86,-1.09,0.86,0.84,-1.14,-1.12,0.86,0.83,0.86,0.86,0.86,0.86,0.84,0.86,0.84,0.86,0.86,0.86,0.86,0.86,0.86,0.86,0.84,0.86,0.85,0.84,0.86,0.86,0.75,0.86,0.85,0.86,0.86,-1.03,0.84,0.86,0.86,0.85,0.86,0.86,0.86,0.86,-1.02,0.86,0.83,0.86,0.86,0.86,0.84,0.86,0.86,0.86,0.72,0.85,0.84,0.86,0.86,0.86,0.86,0.86,0.86,0.76,0.86,0.86,0.86,0.86,0.86,0.86,0.86,0.85,0.86,0.86,0.86,0.84,0.86,0.85,0.86,0.86,0.86,0.84,-1.13,0.85,0.85,0.86,0.73,0.86,0.85,0.85,0.86,0.84,0.84,0.86,0.86,0.86,0.83,0.86,0.86,0.86,0.86,0.86,0.86,0.85,0.86,0.86,0.85,0.86,0.86,0.83,0.85,0.84,0.86,0.86,0.86,0.86,0.86,0.73,0.86,0.86,0.75,0.86,0.86,0.86,0.86,0.83,0.86,0.7,0.86,0.86,0.82,0.86,0.86,0.86,0.86,0.84,0.86,0.85,0.86,0.86,0.86,0.86,0.86,0.86,0.84,0.86,-1.04,0.86,0.85,0.86,0.86,-1.03,0.84,0.84,-1.03,0.84,0.86,0.86,0.85,0.86,0.7,0.86,-1.0,0.86,0.86,0.84,0.85,0.86,-1.11,0.86,0.85,0.86,0.86,0.86,0.85,-1.05,0.85,-1.11,0.85,0.86,0.86,0.84,0.86,0.86,0.86,-1.04,0.86,0.86,0.86,0.86,0.86,0.86,0.86,0.84,0.85,0.86,0.86,0.86,0.86,0.84,0.86,0.83,-1.01,0.83,0.86,0.85,0.85,0.86,0.86,0.86,0.86,0.86,0.86,0.86,0.86,0.86,0.86,0.85,0.86,0.86,0.85,0.86,-1.08,0.86,0.86,-1.01,0.86,0.86,0.86,0.86,0.85,0.86,0.86,0.85,0.86,0.86,0.86,0.86,0.86,0.86,0.86,0.86,0.86,0.84,0.86,0.86,0.86,0.86,0.84,-1.28,-1.11,0.86,0.86,0.85,0.81,0.85,0.86,0.86,0.85,0.86,0.86,0.85,0.86,0.86,0.86,0.86,0.86,0.86,0.86,0.86,0.86,0.83,0.86,0.86,0.86,0.86,0.86,0.86,0.86,0.8,0.86,0.86,0.86,-1.03,0.86,0.86,0.86,0.86,0.86,0.86,0.86,0.84,0.86,0.85,0.86,0.83,0.86,0.86,0.62,0.86,0.86,0.86,0.86,0.86,0.86,0.86,0.86,0.86,0.86,0.86,0.86,0.86,0.83,0.86,-1.09,0.86,0.86,0.86,0.82,0.72,0.86,0.86,0.85,0.85,0.86,0.86,-1.08,0.85,0.84,0.84,0.86,0.86,0.86,0.86,0.86,-1.06,0.86,0.86,0.86,0.86,0.86,0.85,0.78,0.71,0.86,0.85,0.85,-1.14,0.86,0.83,0.86,0.86,0.86,0.86,0.84,0.85,0.86,0.86,0.86,0.86,0.86,0.86,0.86,0.86,0.86,0.86,0.86,0.85,0.85,0.86,0.86,0.86,0.86,0.86,0.84,0.84,0.86,0.77,0.86,0.86,0.86,0.86,-1.02,0.84,0.85,-1.14,0.85,0.85,-1.14,0.84,0.86,0.86,0.85,0.86,0.86,0.86,0.86,0.86,-1.14,0.86,0.86,0.84,0.85,0.86,0.86,0.86,0.86,0.86,0.85,0.85,0.85,0.86,0.85,0.86,0.85,0.84,0.82,0.85,0.85,0.85,0.86,0.84,0.86,0.86,-1.08,0.86,0.86,0.86,0.8,0.79,0.85,0.86,0.86,0.86,0.86,0.86,0.75,0.86,0.86,0.86,0.84,0.86,0.85,0.86,0.86,0.86,0.86,0.86,0.85,0.86,0.86,0.86,0.86,0.86,0.85,0.84,0.86,0.86,0.86,0.86,0.86,0.86,0.86,0.86,0.86,0.86,0.86,0.86,0.85,0.86,0.86,-1.08,0.86,0.78,0.86,-1.01,0.86,0.76,0.86,0.86,0.76,0.86,0.86,0.74,0.85,-1.2,0.71,0.86,0.85,0.86,0.86,0.86,0.86,0.86,-1.13,0.86,0.86,0.85,0.86,0.86,0.86,0.86,0.86,-1.08,0.86,0.82,0.86,0.86,0.86,0.86,0.86,0.85,0.86,0.86,0.86,0.86,0.86,0.86,-1.03,0.86,0.85,0.86,0.86,0.86,0.86,0.86,0.85,0.86,0.86,0.86,-1.04,-1.07,0.84,0.86,0.86,0.86,0.86,0.86,0.86,0.85,0.85,0.84,0.86,0.86,0.86,0.86,0.86,0.78,0.86,0.86,0.86,0.86,0.84,0.84,0.86,0.75,0.85,0.86,0.86,0.86,0.86,0.86,0.86,0.86,0.86,0.74,0.86,0.86,0.84,0.86,0.79,0.86,0.86,0.86,0.8,0.86,0.86,0.86,0.86,0.86,0.86,0.86,0.86,0.86,0.86,0.86,0.84,0.86,0.86,0.86,0.86,0.86,0.86,0.86,-1.1,0.86,0.86,0.84,-1.05,0.86,0.86,0.84,0.86,0.86,0.86,0.85,0.86,0.86,0.86,0.86,0.85,0.86,0.86,0.86,0.86,0.86,0.84,0.84,0.86,0.86,0.84,0.84,0.86,0.86,0.79,0.86,0.86,-1.1,0.86,0.86,-1.03,0.81,0.86,0.86,0.86,0.86,0.74,0.86,-1.1,0.83,0.86,-1.12,0.86,0.86,0.86,0.86,0.86,0.85,0.86,0.86,-1.06,0.85,0.72,-1.02,0.77,0.82,0.84,0.84,0.86,0.86,0.86,0.86,0.86,0.85,0.86,0.86,0.84,0.86,0.86,0.85,0.86,0.86,0.86,0.86,0.86,0.86,0.86,0.76,0.86,0.86,0.77,0.86,-1.12,0.86,0.86,0.86,-1.01,0.85,0.85,0.74,0.86,0.86,0.86,0.83,0.86,0.86,-1.0,0.84,0.86,0.86,-1.15,0.85,-1.06,0.86,0.86,0.86,0.86,0.86,0.86,0.86,0.86,-1.02,0.84,0.86,0.86,0.86,0.85,0.86,0.83,0.84,0.86,0.86,0.86,0.86,0.85,0.86,0.86,0.86,0.86,0.86,0.82,0.86,0.86,0.86,0.83,0.86,0.86,0.86,0.84,0.86,0.86,0.85,0.86,0.86,0.86,0.86,0.86,0.86,0.86,0.86,0.86,0.78,0.84,0.86,0.85,-1.08,0.86,0.86,0.86,0.85,0.86,-1.1,0.84,0.86,0.86,-1.09,-1.13,0.85,0.86,0.86,0.84,0.86,0.86,0.86,0.86,0.79,0.86,0.86,0.86,0.86,0.86,0.86,0.86,0.8,0.86,0.85,0.86,0.86,0.86,0.86,0.85,0.86,0.69,0.86,0.85,0.86,0.86,-1.12,0.85,0.86,0.86,0.85,0.86,0.86,0.86,0.86,0.86,0.86,0.86,0.85,0.85,0.86,0.86,0.84,0.86,0.86,0.86,0.86,0.85,0.86,0.86,0.86,0.86,0.86,0.77,0.86,0.86,0.85,0.84,0.86,0.84,0.86,0.86,0.86,0.86,0.85,0.86,0.86,0.85,0.86,0.86,0.85,0.82,0.86,0.86,0.86,0.84,0.86,0.84,0.86,0.86,0.86,0.86,0.86,0.84,0.76,0.86,0.86,0.86,0.73,0.86,0.85,0.86,0.86,0.86,-1.03,0.86,0.86,0.86,0.86,0.86,0.83,0.86,-1.03,0.86,0.86,0.86,0.86,0.86,0.86,0.86,0.86,-1.03,0.86,0.86,0.86,-1.01,0.85,0.85,0.86,0.85,0.86,0.84,0.84,0.86,0.86,0.86,0.85,0.86,-1.01,0.86,0.86,0.86,0.86,0.86,-1.03,-1.06,0.86,0.86,0.86,0.86,0.86,0.86,0.85,0.86,0.86,0.84,0.86,0.83,0.86,0.86,0.86,0.84,0.86,0.86,0.86,0.86,0.86,0.86,0.86,0.86,0.86,0.86,0.86,0.86,0.86,0.86,0.86,0.86,0.85,0.84,0.86,0.86,0.86,0.86,0.86,0.86,0.86,0.86,0.84,0.85,0.84,0.84,0.86,0.84,0.86,0.86,0.86,0.86,0.85,-1.02,0.86,0.85,0.86,0.86,0.86,0.86,0.85,0.86,-1.09,0.86,0.86,-1.03,0.85,0.86,0.86,0.86,0.86,0.86,0.86,0.86,0.86,0.86,0.86,0.85,0.86,-1.06,0.85,0.86,0.86,0.86,0.86,0.83,0.86,0.86,0.86,0.86,0.86,0.86,0.86,0.71,0.86,0.86,0.86,0.85,0.86,0.86,0.84,0.86,0.86,0.86,0.85,0.86,0.86,0.86,0.86,-1.08,0.86,0.86,0.86,0.86,0.86,0.86,0.86,0.86,0.86,0.86,0.84,-1.03,0.86,0.86,0.86,0.86,0.84,0.86,0.86,0.86,0.86,0.86,0.86,0.86,0.86,0.86,0.69,0.86,-1.01,0.85,0.86,0.85,-1.05,-1.11,0.86,0.86,0.86,-1.12,0.83,0.86,0.86,0.86,0.86,-1.05,0.84,0.86,0.86,0.86,0.84,0.86,0.84,0.86,0.86,0.86,-1.02,-1.04,0.86,0.85,0.66,0.86,0.86,0.86,-1.05,0.86,0.86,0.86,0.85,0.86,-1.06,-1.2,0.85,0.86,0.86,0.86,0.86,0.86,0.86,0.86,-1.08,0.85,0.86,0.84,0.85,-1.03,0.85,0.86,0.86,0.86,0.84,0.85,0.86,0.84,0.86,0.75,0.86,0.86,0.86,0.86,0.86,0.86,0.83,0.86,-1.05,0.85,0.86,0.86,0.86,0.86,0.84,0.86,0.86,0.86,0.86,0.86,0.86,0.86,0.86,0.86,0.86,0.86,0.86,0.86,0.86,0.86,0.86,0.85,0.86,0.86,0.86,0.86,0.86,0.86,0.86,0.86,0.86,0.86,0.86,0.86,0.86,0.86,0.86,0.86,0.86,0.86,0.84,0.86,0.86,0.86,0.82,0.86,0.86,0.75,0.86,0.86,0.86,0.86,0.86,0.82,0.84,0.86,0.86,0.86,0.86,0.86,0.86,0.85,0.86,0.86,0.86,0.86,0.86,0.79,0.86,0.86,0.86,0.86,0.86,0.83,0.86,0.86,-1.02,0.85,-1.04,-1.01,0.86,0.86,0.84,0.85,0.83,0.85,0.86,0.86,0.86,0.86,0.86,0.86,0.86,0.86,0.86,0.86,0.86,0.86,0.85,0.86,0.86,0.86,0.86,0.86,0.86,0.86,0.86,0.86,0.86,0.85,0.86,0.86,0.85,0.86,0.86,0.86,0.86,0.86,0.86,0.86,0.86,0.86,0.86,0.85,0.84,0.84,0.86,-1.02,0.85,0.81,0.84,0.86,0.84,-1.1,0.85,0.86,0.86,0.86,0.86,0.86,0.86,0.86,0.86,0.84,0.86,0.86,0.86,0.86,0.86,0.86,0.74,0.86,0.86,0.86,0.86,0.86,0.86,0.86,-1.08,0.86,0.86,0.86
-1.09,-1.16,-1.19,-1.02,-1.25,-1.06,-1.08,-1.13,-1.01,0.78,-1.06,-1.05,0.74,0.85,0.85,0.44,-1.11,0.8,-1.05,0.8,-1.07,0.81,0.84,0.82,-1.03,-1.04,0.79,0.82,0.8,0.82,0.84,0.83,-1.02,-1.04,0.69,0.84,0.81,0.84,0.81,0.79,-1.09,0.83,0.76,0.86,0.72,0.86,0.85,0.86,0.8,0.76,0.84,0.85,0.83,0.84,0.86,0.86,0.86,0.82,0.83,0.86,0.86,0.83,0.86,0.86,0.86,0.85,0.83,0.85,0.86,0.86,0.86,0.81,0.85,0.86,0.86,0.86,0.86,0.86,0.83,0.86,0.86,0.85,0.86,0.86,0.86,0.86,0.86,0.85,0.86,-1.12,0.86,0.86,0.8,0.86,0.86,0.85,-1.13,0.86,0.85,0.86,0.86,0.86,0.86,0.86,0.84,0.72,0.86,0.86,0.86,0.86,0.86,0.86,0.86,0.86,0.86,0.86,0.86,0.86,-1.14,0.85,0.86,0.86,0.86,0.86,0.86,0.86,-1.01,-1.11,0.86,0.86,0.86,0.86,0.86,0.86,-1.04,0.86,0.86,0.86,0.86,0.86,0.86,-1.01,0.86,-1.02,0.86,0.86,0.86,0.84,0.86,0.71,0.86,-1.03,0.86,0.86,0.86,0.86,0.86,0.86,0.84,0.86,0.86,0.72,0.86,0.86,0.86,-1.09,0.86,0.86,0.86,0.85,0.86,-1.1,0.86,0.86,0.86,0.86,-1.03,0.86,0.86,0.86,-1.03,-1.02,0.86,0.86,0.84,0.86,0.86,0.86,0.86,0.86,0.86,0.7,0.8,0.86,0.86,0.86,0.86,0.85,-1.12,0.86,0.86,0.86,0.85,0.86,0.86,0.86,0.86,-1.05,0.86,0.84,0.86,0.86,0.86,0.86,0.86,0.84,0.86,0.86,0.8,0.86,0.86,0.82,0.86,0.86,0.86,0.86,0.86,0.84,-1.08,0.86,0.84,0.86,0.71,0.86,0.86,-1.09,0.85,0.85,0.86,0.86,0.86,0.86,0.86,0.86,0.86,0.86,0.84,0.86,0.86,0.86,0.86,0.74,0.86,0.86,0.86,0.86,0.68,0.86,0.86,0.86,0.86,0.86,0.86,0.86,0.86,0.79,0.86,0.86,0.86,0.85,-1.05,0.86,0.86,0.84,0.79,0.86,0.71,0.86,0.86,0.86,0.86,0.86,0.86,0.86,0.86,0.76,0.85,0.86,0.86,0.86,-1.08,0.86,0.86,0.85,-1.11,0.86,0.86,-1.01,0.86,0.85,0.83,0.85,0.86,0.85,0.69,0.86,0.86,0.86,0.86,0.76,0.85,0.86,-1.09,0.86,0.84,0.86,0.86,0.86,0.86,0.86,0.86,0.86,0.86,0.86,0.84,-1.28,0.86,0.86,0.86,-1.14,0.86,0.85,0.86,0.86,0.86,0.86,0.86,0.86,0.84,0.83,0.86,0.86,0.84,0.84,0.86,0.86,0.86,0.71,-1.12,0.86,0.86,0.86,0.73,0.86,0.85,0.84,0.86,0.86,0.86,0.86,0.86,0.86,0.86,-1.14,0.86,0.86,0.86,0.86,0.86,0.86,0.86,0.86,0.86,0.77,0.84,0.86,0.86,0.86,0.83,0.86,0.84,-1.11,0.86,0.86,0.86,0.86,0.86,0.86,0.84,0.86,0.86,0.86,0.86,0.86,0.86,0.86,0.85,0.86,-1.1,0.86,0.86,0.84,0.86,0.84,0.86,0.86,0.86,0.86,0.86,0.86,0.86,0.84,0.84,0.86,0.86,0.86,0.82,0.86,0.86,0.86,-1.03,0.86,0.86,0.86,0.86,0.86,0.86,0.85,0.84,0.85,0.84,0.86,0.86,0.86,0.86,0.86,0.86,0.85,0.85,0.86,0.86,-1.13,0.86,0.82,0.86,0.86,0.84,0.85,-1.06,0.71,0.85,0.86,-1.06,0.85,0.85,0.84,0.86,0.86,0.86,0.86,0.86,0.73,0.86,0.86,0.86,0.86,0.86,0.86,0.86,0.86,0.86,0.86,0.86,0.86,0.86,0.86,0.77,0.86,0.84,0.86,0.86,0.86,0.86,0.86,0.86,0.86,0.86,0.83,0.86,-1.02,0.86,0.85,0.86,0.86,-1.0,0.86,0.84,0.86,0.86,0.86,0.86,0.78,0.86,0.85,0.86,0.83,0.86,0.86,0.86,0.85,0.86,0.86,0.86,0.86,0.86,0.86,0.86,0.86,0.86,0.74,0.86,0.86,0.85,0.85,0.84,0.86,0.82,0.86,0.86,0.86,0.86,0.82,0.86,0.86,0.86,0.86,0.86,0.86,0.83,0.86,0.86,0.86,0.86,0.86,0.86,0.86,0.86,0.85,0.86,0.86,0.86,0.86,0.86,-1.13,0.86,0.86,-1.12,0.86,0.73,0.86,0.86,0.86,0.85,0.86,0.86,0.86,0.78,0.84,0.86,0.86,0.86,0.81,0.86,0.86,0.83,0.86,0.86,0.86,0.86,0.85,0.86,0.86,0.86,0.86,0.86,0.84,-1.04,0.86,0.84,-1.17,0.84,0.86,0.85,0.86,0.86,0.86,-1.04,0.86,0.86,0.86,0.84,0.86,0.86,0.86,0.86,0.86,0.86,0.85,0.86,0.84,0.86,0.86,-1.02,0.86,0.85,0.86,0.86,0.86,0.86,0.86,0.86,0.86,0.86,0.86,-1.12,0.86,0.85,0.86,0.84,0.86,-1.08,0.86,0.86,0.86,0.86,0.86,0.86,0.86,0.86,0.86,0.74,0.86,0.86,-1.06,0.86,0.86,0.86,0.86,0.86,-1.02,-1.12,0.86,0.84,0.85,0.86,0.86,0.86,0.86,0.86,0.86,0.86,0.86,0.86,0.86,0.86,-1.07,0.86,0.86,0.86,0.84,0.86,0.86,0.86,0.86,0.86,0.86,0.86,0.86,0.86,0.86,0.86,0.86,0.7,0.86,0.86,0.86,0.86,0.86,0.86,0.86,0.86,0.86,0.84,0.86,0.86,0.86,0.86,0.86,0.86,0.86,0.86,0.86,0.86,0.86,0.86,0.85,0.86,0.84,0.86,0.85,0.85,0.84,0.85,0.84,0.86,0.86,0.86,-1.15,-1.03,0.86,0.86,0.86,0.86,0.86,0.86,0.86,0.86,0.86,0.86,0.86,0.86,0.86,0.86,-1.1,0.86,0.86,0.86,0.86,0.85,0.86,0.86,0.79,0.86,0.86,0.86,0.86,0.86,0.86,0.86,0.86,0.84,0.86,0.86,0.86,-1.12,0.86,0.86,-1.02,0.85,0.86,0.86,0.86,0.85,0.86,0.85,0.86,0.86,-1.08,0.86,0.86,0.79,0.86,-1.12,0.86,0.86,0.86,0.86,0.84,0.86,0.85,-1.07,0.85,0.85,0.86,0.86,0.86,0.86,0.84,0.86,0.86,0.85,0.86,0.76,0.86,0.86,0.86,0.86,0.86,0.86,0.86,0.86,0.86,0.86,0.86,0.86,0.86,0.86,0.85,0.85,0.86,0.86,0.85,0.86,0.85,0.86,0.86,0.86,0.86,0.86,0.84,0.86,0.86,0.84,0.86,0.77,0.86,0.86,0.84,0.86,0.86,-1.09,0.86,0.86,0.86,0.86,0.86,0.86,0.86,0.85,0.86,0.86,-1.05,0.86,0.86,0.86,0.86,0.85,0.86,0.86,0.86,0.85,0.86,0.86,0.86,0.86,0.86,0.8,-1.1,0.85,0.86,0.86,0.86,-1.12,0.86,0.82,0.86,0.86,0.83,0.86,0.83,0.86,0.86,0.81,0.86,0.86,0.86,0.86,0.86,0.86,0.86,0.85,0.86,0.86,-1.03,0.85,-1.09,0.86,0.86,0.86,0.86,0.86,0.86,0.86,0.86,0.86,-1.12,0.86,0.86,0.86,0.86,0.86,0.86,0.86,0.84,0.86,0.86,-1.02,0.86,0.86,0.86,0.86,0.84,0.86,0.86,0.83,0.86,0.86,0.86,0.86,0.85,0.86,0.86,0.84,0.75,0.86,0.86,0.86,0.86,0.86,0.86,0.86,0.85,0.86,0.86,0.86,0.86,0.86,0.86,0.86,0.86,0.85,0.86,0.86,0.86,0.86,0.86,0.86,0.8,0.86,0.86,0.86,0.85,0.85,0.84,0.86,0.86,0.86,0.86,0.86,0.86,0.86,0.86,0.86,0.86,0.86,0.86,-1.16,0.84,0.84,0.86,0.84,0.86,0.85,0.86,0.68,0.86,0.86,0.83,0.86,0.86,0.86,0.86,0.86,0.86,0.86,0.86,0.86,0.84,0.86,0.85,0.86,0.78,0.86,0.86,0.86,0.86,0.86,0.86,0.85,0.83,0.86,0.86,0.86,0.85,0.86,0.86,0.86,0.86,0.85,-1.4,0.85,0.86,0.86,0.86,0.84,0.86,0.84,0.79,0.85,0.86,0.86,-1.01,0.86,0.86,0.86,0.86,0.86,0.86,-1.15,0.86,0.86,0.86,0.86,0.86,0.86,0.86,0.86,0.86,0.86,0.86,0.86,0.86,0.86,0.86,0.85,0.86,0.86,0.86,0.85,0.86,0.86,0.86,0.86,0.86,0.86,0.86,0.86,0.77,0.86,0.85,0.86,-1.08,0.86,0.86,0.86,0.86,0.86,0.84,0.85,-1.04,0.86,0.86,0.83,0.84,0.86,0.86,0.86,0.86,0.84,0.86,-1.08,0.84,0.84,0.86,0.86,0.85,0.85,0.75,0.86,-1.12,0.86,0.86,0.86,0.86,0.86,0.86,0.86,0.86,0.86,0.86,0.86,0.86,0.86,-1.02,0.86,0.86,0.86,0.86,0.84,0.73,0.86,0.85,0.85,0.86,0.86,0.86,-1.12,0.86,0.86,0.85,0.86,0.86,0.85,0.86,0.82,0.86,0.86,0.86,0.86,0.78,0.86,0.86,0.86,0.86,0.86,0.86,0.86,0.86,0.86,0.75,0.86,0.86,0.86,0.85,0.68,0.86,0.86,0.85,0.85,0.86,0.86,0.86,0.86,0.86,0.86,0.86,0.86,0.86,0.86,0.86,0.86,-1.14,0.84,0.85,0.86,0.82,0.86,0.86,0.86,0.86,0.86,0.86,0.86,0.86,0.86,0.86,0.86,0.86,0.85,0.86,0.86,0.85,-1.11,0.86,0.86,0.86,0.86,0.86,0.86,0.86,0.86,0.86,0.84,0.86,0.84,0.83,0.86,0.86,0.83,0.86,0.85,0.86,0.86,0.86,0.84,0.86,0.86,0.84,0.86,0.86,0.86,0.86,0.86,0.74,0.86,0.85,0.86,0.86,0.86,0.86,0.86,0.86,0.86,0.86,-1.14,0.84,0.86,0.74,0.86,0.86,0.86,0.86,0.86,0.86,-1.02,0.86,0.86,0.86,0.86,0.86,0.86,0.84,0.86,0.86,0.86,0.86,0.86,0.86,0.86,0.86,0.86,0.84,0.86,0.86,0.86,0.86,0.86,0.86,0.86,0.78,0.85,0.86,0.86,0.86,0.86,0.86,0.86,0.86,0.86,0.86,0.86,0.86,0.86,0.86,-1.11,0.85,0.86,0.84,-1.06,0.86,0.86,0.86,0.86,0.85,0.82,0.86,0.86,0.86,-1.08,0.86,0.84,0.86,0.83,0.86,0.86,0.86,-1.07,0.86,-1.08,0.86,0.86,0.86,0.86,0.86,0.86,0.86,0.84,0.86,0.86,0.85,0.86,0.86,0.86,0.86,0.86,0.86,0.86,-1.09,0.86,0.86,0.86,0.86,0.86,-1.1,0.86,0.86,0.85,0.85,0.86,0.86,0.85,0.86,0.83,0.86,-1.14,0.84,0.86,0.86,0.86,0.83,0.86,0.86,0.86,0.86,0.85,0.86,0.86,0.84,0.86,0.86,0.86,0.84,-1.03,0.85,0.86,0.85,0.86,0.8,0.86,0.86,0.86,0.86,0.84,-1.1,-1.13,0.86,-1.06,-1.0,-1.13,0.86,0.85,0.86,0.85,0.86,0.86,0.83,0.86,-1.1,0.83,0.86,0.86,0.86,0.86,0.86,0.86,0.86,0.86,-1.12,0.86,0.85,-1.05,0.86,0.86,0.84,0.86,0.86,0.86,0.86,0.86,-1.08,0.85,0.81,0.86,0.86,0.86,0.86,0.8,0.83,0.83,0.86,0.85,0.85,0.84,0.85,0.85,0.84,0.84,0.85,0.86,0.86,0.86,0.86,0.86,0.86,0.85,0.86,0.86,0.86,0.86,0.86,0.86,0.86,0.86,0.84,0.86,0.82,0.86,0.86,0.86,0.86,0.86,0.86,0.86,0.86,0.86,0.84,0.86,0.86,0.84,0.75,0.86,0.84,0.84,0.86,0.86,0.86,0.86,0.86,0.85,0.85,0.86,0.86,0.86,0.86,0.86,0.85,0.86,0.86,0.86,0.86,0.84,0.78,-1.09,0.85,0.86,0.86,0.86,0.86,0.86,0.86,0.86,0.86,-1.0,0.86,0.86,-1.03,0.85,0.86,0.86,0.85,-1.02,0.83,0.86,0.86,0.86,0.86,0.86,0.86,0.86,0.86,0.86,0.86,0.86,0.85,0.86,0.86,0.86,0.86,0.86,0.86,0.84,0.86,0.86,0.86,-1.06,0.86,0.86,0.86,0.83,0.86,0.86,-1.1,0.86,0.86,0.86,0.86,0.85,0.86,0.86,0.86,0.86,0.86,0.86,0.86,0.86,0.86,0.86,0.86,0.86,0.86,0.85,0.86,0.86,0.86,0.86,0.86,0.84,0.83,0.86,0.86,0.86,0.82,0.84,0.86,-1.12,0.86,0.86,0.86,0.86,0.86,0.86,0.85,0.86,0.83,-1.05,-1.08,0.82,0.85,0.86,0.86,0.64,0.85,0.85,0.86,0.86,0.86,0.83,0.86,0.86,0.86,-1.09,-1.02,0.79,0.85,0.86,0.86,0.86,0.86,0.86,0.85,0.86,0.86,0.86,0.85,0.86,0.85,0.86,0.85,0.86,-1.13,0.86,0.85,0.86,-1.06,0.86,0.86,0.86,0.86,0.86,-1.0,0.86,0.86,0.86,0.85,0.75,0.85,0.86,0.85,0.86,0.86,0.86,0.76,0.86,0.86,0.86,0.86,0.86,0.86,0.86,0.8,0.86,0.86,0.86,-1.12,0.86,0.84,0.86,0.86,0.86,0.86,0.86,0.86,0.86,0.72,0.86,0.86,-1.1,0.84,0.86,0.86,0.86,0.86,0.86,0.86,0.86,0.86,0.86,0.86,0.86,0.86,0.86,0.86,0.86,0.86,0.83,0.86,0.84,0.84,0.86,0.85,0.86,0.86,0.86,0.86,0.85,0.86,0.86,0.86,0.86,0.86,0.86,0.86,0.86,0.86,-1.01,0.86,0.86,0.86,0.86,0.86,-1.01,0.85,0.86,0.84,0.85,-1.06,0.73,0.86,0.86,0.86,-1.01,0.86,0.86,0.86,0.86,0.86,0.85,0.86,0.86,-1.12,0.86,0.86,0.86,-1.13,0.86,0.86,0.86,0.76,0.86,0.86,0.86,0.84,0.74,0.86,0.86,0.85,-1.11,0.85,0.86,0.86,0.86,0.85,0.86,0.86,0.86,-1.06,-1.07,0.84,0.84,0.86,0.86,0.86,0.77,0.86,0.85,0.86,0.86,0.86,-1.04,0.86,0.85,0.82,0.85,0.86,0.86,0.86,0.84,0.86,0.86,0.85,0.86,0.71,0.86,0.84,0.86,0.86,0.86,0.84,0.86,0.86,0.86,0.78,0.86,0.86,0.86,0.84,0.86,0.86,0.86,0.85,0.86,0.86,0.86,-1.05,0.85,0.86,0.85,0.84,0.86,0.86,0.86,0.86,0.86,0.86,0.84,0.86,0.86,0.86,-1.14,0.86,-1.11,-1.03,0.86,0.86,0.86,0.86,-1.08,0.84,0.86,0.86,0.8,0.85,0.86,0.86,0.86,0.79,0.85,0.86,0.86,0.86,0.86,0.86,0.86,0.86,0.86,0.86,0.86,0.86,0.85,0.86,0.86,0.86,0.86,0.86,0.85,0.86,0.86,-1.0,0.86,0.76,0.86,0.86,0.86,0.8,0.85,0.86,0.84,0.84,0.84,0.86,0.84,0.86,0.86,0.86,0.86,0.86,0.85,0.86,0.86,0.84,0.86,0.86,0.86,0.86,0.86,0.85,0.86,0.86,0.86,0.85,0.86,0.86,0.86,0.86,0.86,0.86,0.85,0.86,-1.0,0.86,0.86,0.86,0.86,0.84,0.82,0.86,0.84,0.85,0.86,0.86,0.86,0.86,-1.03,0.86,-1.03,0.86,0.83,-1.1,0.86,-1.02,0.85,0.84,0.85,0.86,0.83,0.85,0.86,0.86,0.86,0.86,0.86,-1.12,-1.12,0.86,0.86,0.86,0.86,0.85,0.82,0.86,0.86,0.74,0.86,0.86,0.86,0.85,0.77,0.86,0.85,0.86,0.86,0.86,0.76,0.84,0.83,0.86,0.86,0.86,0.86,-1.0,0.86,0.86,0.86,0.86,0.86,0.81,0.85,0.86,-1.03,0.85,0.86,0.86,0.86,0.86,0.86,0.86,0.86,0.86,0.86,0.86,0.86,0.86,0.86,0.86,-1.0,0.86,0.86,0.85,0.75,0.86,0.86,0.86,0.86,0.86,0.86,0.86,0.86,0.86,0.86,0.86,0.78,0.85,0.86,0.86,0.86,0.86,0.84,0.83,0.86,0.86,0.86,0.86,0.86,0.86,0.86,0.86,0.86,0.86,0.86,0.85,0.86,0.86,0.86,0.71,0.86,0.84,0.86,0.86,0.86,0.86,0.86,0.85,0.86,0.86,-1.08,0.84,0.86,0.85,0.86,0.86,0.8,0.85,0.86,0.86,0.86,0.86,0.86,0.86,0.86,0.86,0.85,0.86,0.86,0.86,0.86,0.86,0.86,0.86,0.86,0.86,0.86,0.85,0.86,0.86,0.84,0.86,0.86,0.83,-1.04,0.83,0.86,0.86,0.86,0.86,0.86,0.84,-1.01,0.86,0.86,0.86,0.86,0.86,0.86,0.86,0.86,0.86,0.86,0.86,0.86,0.86,0.86,0.86,0.86,0.86,0.86,0.86,0.86,0.86,0.86,0.84,0.77,0.86,0.84,0.86,0.86,0.86,0.86,0.86,0.86,0.86,0.86,0.84,0.86,0.85,0.86,0.86,0.86,0.86,0.86,0.84,0.86,0.86,0.86,0.82,0.86,0.86,0.86,0.86,0.86,0.86,0.86,0.86,0.86,0.86,0.86,-1.14,-1.21,0.83,0.85,0.86,0.86,0.86,-1.02,0.86,0.86,0.86,0.86,0.84,-1.06,0.85,-1.01,0.82,0.86,0.86,0.86,0.86,0.86,0.86,0.8,0.86,0.86,0.86,0.85,0.86,0.86,0.86,0.86,0.86,0.86,0.86,0.86,0.86,0.86,0.86,0.86,0.79,0.76,0.85,0.86,0.86,0.86,0.84,0.85,0.85,0.86,0.86,0.86,0.86,0.86,0.86,0.85,0.86,0.86,0.86,-1.02,0.86,0.82,0.86,-1.12,0.86,0.86,-1.05,0.86,0.86,0.86,0.73,0.85,0.86,0.86,0.86,0.86,0.86,0.86,0.85,0.83,0.86,0.86,0.86,0.86,0.86,0.86,0.86,-1.05,0.82,0.86,0.86,0.85,0.86,0.86,0.86,0.85,0.86,0.86,0.81,0.86,0.73,0.86,0.86,0.85,0.86,-1.15,0.86,0.83,0.86,0.86,0.86,0.86,0.86,-1.02,0.84,0.86,0.86,0.86,0.77,0.84,0.86,0.86,-1.05,0.86,0.84,0.86,0.85,0.86,0.85,0.86,0.85,0.86,0.86,0.84,0.86,-1.03,0.86,0.83,0.86,-1.02,0.86,0.84,0.85,0.86,-1.03,0.82,0.86,0.86,0.85,0.85,0.86,0.86,0.86,0.86,0.86,0.86,0.85,0.84,-1.04,0.86,0.84,0.86,0.86,0.86,0.86,0.86,0.85,0.86,0.86,-1.12,0.86,0.85,0.86,0.85,0.86,0.85,0.86,0.86,0.77,-1.12,-1.02,0.86,0.86,-1.03,0.86,0.86,0.86,0.86,0.86,0.86,0.85,0.86,-1.0,0.86,0.86,0.86,0.86,0.86,0.86,0.86,0.84,0.84,0.86,0.86,0.86,0.79,0.85,0.86,0.86,0.86,0.86,0.83,0.86,0.86,0.86,0.84,0.86,0.86,0.86,0.86,0.84,0.86,0.86,-1.05,0.86,0.86,0.86,0.86,0.85,0.86,0.86,0.85,-1.04,0.86,0.86,0.85,0.86,0.86,0.86,0.86,0.86,0.86,-1.08,0.86,0.86,-1.02,0.72,0.86,0.86,-1.08,0.85,0.85,0.86,0.86,0.84,0.86,0.86,0.86,-1.05,0.86,0.76,0.82,0.86,0.86,0.81,0.86,0.86,0.86,0.86,0.86,0.86,0.86,0.84,0.84,0.83,0.85,-1.13,0.86,0.86,0.86,0.86,0.86,0.86,-1.04,0.84,0.86,-1.08,0.86,0.86,-1.13,0.7,0.85,0.86,0.86,0.86,0.86,0.83,0.86,0.84,-1.05,0.86,0.85,0.84,0.86,0.86,-1.13,0.85,0.86,0.86,-1.11,0.86,0.86,0.84,0.86,0.83,-1.12,0.86,0.84,0.84,0.85,0.84,0.86,-1.0,0.71,-1.14,0.81,0.86,0.85,0.85,0.85,0.83,0.83,0.86,0.74,0.84,0.86,0.85,0.86,0.86,0.86,0.86,0.86,0.86,0.86,0.86,0.84,-1.05,0.86,0.86,0.85,0.86,0.86,0.85,0.86,-1.03,0.86,0.86,0.86,0.84,0.72,0.86,0.86,0.86,0.86,0.85,0.86,0.86,0.86,0.86,0.85,0.86,0.81,0.85,0.86,0.86,0.86,0.84,0.86,-1.13,0.86,0.85,0.86,0.86,0.86,-1.06,0.86,0.85,0.86,-1.03,0.85,0.86,0.86,0.86,0.86,0.84,0.86,0.7,0.84,0.85,-1.14,0.86,0.86,0.86,0.86,-1.03,0.86,-1.13,0.86,0.86,0.86,0.86,0.85,0.86,0.86,-1.08,0.85,0.84,0.86,0.86,0.86,-1.1,0.79,0.85,0.86,0.86,0.86,0.86,0.86,0.86,0.86,0.86,-1.03,0.86,0.83,0.86,0.84,0.86,0.86,0.86,0.86,0.86,-1.05,0.86,0.84,0.86,0.86,0.86,0.86,-1.12,0.86,-1.14,0.86,0.86,0.86,0.86,0.86,0.86,0.86,0.86,0.86,0.86,0.84,0.86,0.86,0.86,0.86,0.85,0.86,-1.02,0.85,-1.0,0.86,0.86,0.86,0.86,0.84,0.86,-1.12,0.83,0.84,-1.08,-1.08,0.86,0.85,0.86,0.82,0.86,0.86,0.86,0.86,0.86,0.86,0.81,0.83,-1.07,0.86,0.86,0.86,0.86,-1.09,0.83,0.86,0.86,0.86,0.86,-1.13,0.85,0.77,-1.02,0.86,0.82,0.86,0.86,0.86,0.86,-1.1,-1.14,0.85,0.78,0.84,0.82,0.86,0.86,-1.01,0.82,0.83,0.84,0.83,0.86,0.86,0.86,0.86,0.86,0.86,0.85,0.86,0.86,0.85,0.86,0.86,0.86,0.84,0.86,0.85,0.86,0.86,0.86,0.86,-1.11,0.85,0.86,0.84,0.86,-1.11,0.86,0.85,0.86,0.86,0.83,0.85,0.86,0.86,0.86,0.86,0.85,0.86,0.86,0.85,0.84,0.86,-1.19,-1.08,0.83,0.85,0.86,0.86,0.86,0.86,0.86,0.86,0.86,0.85,0.86,0.85,0.81,0.86,0.86,0.86,0.86,0.86,-1.12,-1.0,0.86,0.86,0.86,0.86,0.86,0.86,-1.32,0.86,0.85,0.86,0.86,0.86,0.86,0.86,0.86,0.86,0.86,0.75,0.86,0.86,0.85,0.84,0.86,0.85,0.86,0.86,0.83,0.84,0.86,0.86,0.86,0.86,0.86,0.86,0.84,0.85,0.86,0.86,0.86,0.86,0.86,0.86,0.86,0.86,0.85,0.84,0.84,0.86,0.86,0.86,0.86,0.86,0.86,0.85,0.86,0.86,0.86,0.86,0.86,0.86,0.86,0.83,0.86,0.86,0.86,0.86,0.86,0.86,0.86,-1.14,0.86,0.86,0.86,0.86,0.86,0.86,0.86,0.86,0.86,-1.16,0.71,0.86,0.86,-1.13,0.84,-1.13,0.85,0.85,-1.05,0.86,0.86,0.86,0.85,-1.0,0.83,0.84,0.86,0.85,0.85,0.86,0.86,0.82,0.86,0.86,0.86,0.86,0.86,0.86,0.86,0.85,0.86,0.86,0.86,0.86,0.86,0.86,0.73,-1.01,0.84,0.86,0.86,0.85,-1.05,-1.03,0.86,0.86,0.86,0.86,0.86,0.86,0.86,-1.23,0.85,0.86,0.86,0.86,0.86,0.86,0.85,0.83,0.86,0.86,-1.01,0.86,0.86,0.86,0.86,0.86,0.86,0.86,-1.04,0.86,0.86,0.72,0.86,0.86,0.86,0.86,0.86,0.86,0.86,0.86,0.85,0.86,0.86,0.86,0.86,0.86,0.84,0.86,0.86,0.86,0.86,0.86,0.86,0.85,0.86,0.86,0.81,0.86,0.86,0.85,0.86,0.86,0.86,0.84,0.86,-1.03,0.85,0.85,0.86,0.86,0.86,0.86,0.86,0.86,0.86,0.86,0.86,0.86,0.86,-1.06,0.85,0.86,0.86,0.86,0.85,0.86,0.84,0.86,0.86,0.86,0.86,0.86,0.86,0.86,0.86,0.86,0.86,0.86,0.86,0.86,0.86,0.86,0.85,0.73,0.86,0.86,0.86,-1.01,0.84,0.86,0.86,0.86,0.86,0.86,0.86,0.86,0.86,0.85,0.86,0.86,0.86,0.85,0.86,0.86,0.86,0.86,0.86,0.85,0.86,0.86,0.86,0.86,0.86,0.86,0.86,0.86,0.86,0.86,0.86,0.84,0.84,0.86,0.86,0.86,0.86,0.83,0.86,0.86,0.86,0.86,0.86,-1.02,0.86,0.86,0.86,0.86,0.84,0.86,0.86,0.86,-1.07,0.84,0.86,0.75,0.85,0.74,0.86,0.86,0.86,0.84,0.86
-1.08,-1.2,0.85,-1.02,0.84,0.82,-1.03,-1.02,-1.1,-1.28,-1.0,0.83,-1.03,0.86,0.83,0.83,-1.26,-1.11,0.73,-1.2,-1.15,0.83,0.82,0.81,-1.05,-1.06,-1.01,0.79,0.58,-1.24,0.8,0.85,0.8,0.82,0.86,0.82,0.76,0.84,-1.06,0.84,0.85,0.86,0.85,-1.16,0.75,0.85,0.72,-1.03,0.83,0.85,0.84,0.85,0.8,0.84,0.86,0.84,0.86,0.82,0.86,0.79,0.86,0.86,0.86,0.86,0.86,0.86,0.86,0.84,0.83,0.86,0.86,0.86,0.84,0.86,0.86,0.86,0.85,0.85,0.86,0.85,0.84,0.86,0.84,0.86,-1.11,0.86,0.84,0.86,0.86,0.86,0.86,0.86,0.86,0.86,0.86,0.86,0.86,-1.06,0.85,0.86,0.86,-1.27,0.86,0.86,0.86,0.86,0.86,0.86,0.86,0.86,0.86,0.86,0.86,0.86,0.86,0.86,0.86,0.83,0.86,0.86,0.85,0.84,0.86,0.86,-1.12,-1.03,0.86,0.86,0.86,0.86,0.86,-1.03,0.86,0.83,0.7,0.85,0.86,0.86,0.86,0.86,0.86,-1.08,0.85,0.86,0.84,0.86,0.86,-1.14,0.86,0.86,0.86,0.86,0.86,0.85,0.86,-1.04,0.86,0.85,0.86,0.84,0.86,0.86,0.86,0.79,0.86,0.78,0.86,0.86,0.86,0.86,0.86,0.86,0.86,0.86,0.86,0.86,0.86,0.84,0.86,0.86,0.86,0.86,0.86,0.86,0.86,0.85,0.84,0.86,0.83,0.86,0.85,0.86,0.86,0.86,0.86,0.86,0.86,0.86,0.86,0.86,0.83,0.85,0.86,0.86,0.86,0.83,0.86,-1.11,0.86,-1.02,0.86,0.85,0.86,0.86,-1.21,0.86,0.86,0.86,0.86,-1.14,0.86,0.86,0.86,0.85,0.86,0.85,0.84,0.83,0.86,0.86,0.86,0.86,0.86,0.86,0.85,0.7,0.86,0.86,0.86,-1.07,0.86,0.86,0.86,0.84,0.82,0.8,0.86,0.86,0.86,0.74,0.86,0.86,0.86,0.85,0.86,0.86,0.86,0.84,0.86,0.86,0.86,0.86,0.86,0.84,0.86,0.86,0.86,0.86,0.86,0.81,0.86,0.86,0.86,0.86,0.86,0.73,0.83,0.86,0.85,0.86,0.86,0.83,0.86,0.86,0.86,0.86,0.86,0.86,0.84,0.86,0.86,-1.02,-1.04,0.76,0.86,0.77,0.86,0.86,0.86,0.86,0.86,0.76,0.86,0.86,0.86,0.86,0.86,0.86,-1.07,0.86,0.72,0.86,0.86,0.86,0.86,-1.12,0.86,0.86,0.86,-1.15,0.86,0.86,0.86,0.86,0.71,0.86,0.86,0.79,0.74,0.84,0.86,0.86,0.84,-1.05,0.86,0.86,0.86,0.86,0.86,0.86,0.86,0.86,0.86,0.79,-1.02,0.85,0.85,0.86,0.86,0.86,0.86,-1.02,0.85,0.86,0.86,0.86,0.86,0.86,-1.0,0.86,0.84,0.86,0.86,0.85,0.86,0.86,0.86,0.86,-1.02,0.85,0.86,-1.01,0.85,0.86,0.85,0.86,0.85,0.86,0.85,0.86,0.86,0.86,0.86,0.86,0.83,0.86,-1.07,0.86,0.85,0.86,0.86,0.86,0.86,0.86,0.86,0.86,0.86,0.86,0.86,0.86,0.86,0.84,-1.05,0.86,0.86,0.86,-1.13,0.83,0.86,0.86,0.86,0.86,0.74,0.86,0.86,0.86,0.86,0.86,0.85,0.85,0.86,0.86,0.86,0.86,0.86,0.86,-1.13,0.85,0.86,0.85,0.86,0.86,0.86,0.86,0.86,0.86,0.86,0.86,0.86,-1.01,0.86,0.8,0.86,0.86,-1.03,0.85,0.86,0.85,0.86,0.86,-1.18,0.86,0.86,0.85,0.86,0.71,0.86,0.86,0.86,0.86,0.86,0.86,0.86,0.84,0.86,0.86,0.86,0.86,0.84,0.83,0.85,0.84,0.86,0.86,-1.03,-1.12,0.84,0.85,0.85,0.86,0.86,0.86,0.86,0.86,0.86,0.86,0.86,0.86,0.86,0.86,0.86,0.86,0.86,0.83,0.86,0.86,0.86,0.85,0.86,0.86,0.86,0.85,0.86,0.86,0.86,0.85,0.86,0.86,0.73,0.86,-1.03,0.86,0.86,0.86,0.86,0.75,0.86,0.86,0.86,0.86,0.86,0.86,0.86,0.85,0.86,0.86,0.86,0.86,0.86,0.86,0.86,-1.06,0.86,0.86,-1.14,0.86,0.86,0.86,0.86,0.84,0.86,0.86,0.86,0.86,0.82,0.86,0.86,0.86,0.85,0.85,0.86,0.86,0.86,0.86,0.85,0.86,0.86,0.86,0.86,0.72,0.86,0.86,0.86,0.86,-1.1,0.85,0.85,0.86,0.86,0.86,0.86,0.86,0.74,0.86,0.81,0.85,0.82,0.82,0.86,0.86,0.86,0.86,0.83,0.86,0.86,0.86,0.86,0.81,0.85,0.86,0.86,0.85,0.86,0.86,0.86,0.84,0.79,0.86,0.85,0.86,0.86,0.86,0.86,0.86,0.86,0.86,0.86,0.86,0.86,0.86,0.86,0.86,0.86,0.86,0.86,0.86,0.83,0.85,0.86,0.86,0.86,0.86,0.86,0.84,0.86,0.86,0.86,0.85,0.86,0.86,-1.02,0.84,0.86,0.86,0.86,0.86,0.78,0.86,0.86,0.86,-1.03,-1.1,0.86,0.86,0.86,0.76,0.86,0.85,0.86,0.86,0.86,0.83,0.86,-1.07,0.7,0.83,0.86,0.86,0.86,0.86,0.86,-1.12,0.77,-1.12,-1.0,0.67,0.83,0.86,0.86,0.85,0.81,0.86,0.84,0.85,0.86,0.86,0.86,0.86,0.86,0.86,0.85,0.86,-1.06,0.86,0.84,0.86,0.85,0.86,0.72,0.86,0.84,0.86,0.78,0.86,0.86,0.84,0.86,0.85,0.86,0.86,0.86,0.86,0.86,0.86,0.86,0.86,0.86,0.86,0.84,0.86,0.86,0.86,0.85,0.85,0.86,0.86,-1.13,0.86,0.85,0.86,0.86,0.86,0.86,0.86,0.86,0.78,0.84,0.86,0.86,0.86,0.84,0.86,0.86,-1.0,0.86,0.86,0.86,-1.05,0.86,0.86,0.86,0.73,0.86,0.86,-1.15,0.86,0.86,0.8,0.76,0.86,0.86,0.86,0.86,0.86,0.86,0.84,-1.09,0.84,0.86,0.84,0.86,-1.04,0.86,0.86,0.85,0.8,-1.03,0.85,0.86,0.86,0.86,0.85,0.86,0.86,0.86,0.85,0.86,0.86,0.86,0.84,0.86,0.86,0.86,0.84,0.86,0.86,-1.17,0.86,0.84,0.86,0.85,0.83,0.86,0.86,0.86,0.86,0.86,0.86,0.86,0.86,0.86,0.84,-1.13,0.86,0.86,0.83,0.86,0.86,0.77,0.84,0.86,0.86,0.86,0.86,0.86,0.86,0.86,0.86,0.86,0.86,0.77,0.86,0.86,0.86,0.86,0.86,-1.02,0.86,0.86,-1.09,0.85,-1.07,0.86,0.86,0.86,0.76,0.86,0.86,0.86,0.86,0.86,0.86,0.86,0.86,0.83,0.86,0.86,0.86,0.86,-1.09,0.86,0.86,0.86,0.86,-1.13,0.86,0.86,0.86,0.86,0.82,0.86,0.86,0.86,0.85,0.86,0.86,0.85,0.86,0.85,0.86,0.84,0.85,0.86,0.86,0.86,0.84,0.86,0.86,0.84,0.86,0.86,0.86,0.86,0.86,0.86,0.86,0.85,0.86,0.86,0.71,0.84,-1.12,0.86,-1.03,0.86,0.86,0.86,0.73,0.86,0.86,-1.09,0.82,0.86,0.86,-1.0,0.86,0.86,0.86,0.86,0.86,0.86,0.83,0.84,0.86,0.86,-1.04,0.86,0.86,-1.07,0.86,0.86,0.86,0.85,0.86,0.85,0.83,0.85,0.86,0.84,0.84,0.86,0.86,0.86,0.86,0.86,0.86,0.86,0.86,-1.03,0.86,0.86,0.86,0.86,0.86,0.86,0.86,0.86,0.86,0.86,0.86,0.86,0.86,0.86,0.86,-1.11,0.77,0.86,0.86,0.86,0.81,0.86,0.83,0.86,-1.02,0.86,0.85,0.86,0.86,0.86,0.86,0.85,0.86,-1.04,0.86,0.86,0.84,0.86,0.85,0.86,0.86,0.86,0.85,0.86,0.86,0.85,0.86,0.86,0.86,0.86,0.86,0.86,0.86,0.86,0.86,0.85,0.86,0.86,0.84,-1.11,-1.07,0.86,0.86,-1.14,0.86,0.84,0.86,0.86,0.86,0.86,0.84,0.86,0.86,0.86,0.86,0.82,0.86,0.71,0.85,0.86,0.86,0.86,0.85,0.8,0.86,-1.13,0.86,0.86,0.84,-1.13,0.86,0.86,0.86,0.86,0.86,0.83,-1.01,0.83,0.86,0.86,-1.05,0.86,0.86,0.86,0.86,0.86,0.86,0.86,0.7,0.86,0.84,0.82,-1.03,0.86,0.86,0.86,0.85,0.83,0.86,0.84,0.86,0.86,0.86,0.86,0.85,0.86,-1.13,0.86,0.86,0.85,0.86,-1.11,0.86,0.86,0.84,0.86,0.78,0.86,0.85,0.86,0.86,0.86,-1.02,0.86,0.84,-1.12,0.83,0.85,0.86,0.86,-1.02,0.86,0.86,0.86,0.86,0.84,0.86,0.86,0.86,0.86,0.86,-1.08,0.86,0.86,0.86,0.86,0.86,0.85,0.86,0.86,0.86,0.86,0.86,0.86,0.86,0.86,0.85,0.83,0.86,0.86,0.77,0.86,0.85,0.86,0.86,0.86,0.86,0.86,0.86,0.86,0.86,0.84,0.86,0.84,0.86,0.86,0.86,0.86,0.86,0.86,0.73,0.86,0.86,0.86,0.84,0.86,0.86,0.71,0.85,0.86,0.86,0.86,0.86,0.86,0.86,0.86,0.86,0.86,0.86,0.86,0.86,0.84,0.86,0.8,0.86,0.86,0.86,0.77,0.84,0.86,0.86,0.86,0.86,0.86,0.86,0.86,0.86,0.84,0.86,0.86,0.85,-1.03,-1.04,-1.09,0.84,0.86,0.86,0.86,0.86,0.86,-1.03,0.86,0.86,0.86,0.86,0.86,0.86,0.86,0.86,0.86,0.86,0.86,0.86,0.84,0.86,0.86,0.86,0.85,0.86,0.86,0.86,0.86,0.85,0.73,0.84,0.85,0.86,0.76,0.86,0.86,0.86,0.84,0.86,0.86,0.86,0.86,0.86,0.86,0.86,0.84,0.86,0.83,0.74,0.86,0.86,0.7,0.86,0.86,0.86,0.86,0.86,0.86,0.86,0.86,0.86,0.86,0.86,0.86,0.85,0.86,0.86,0.86,0.86,0.86,0.86,0.77,0.86,0.86,0.86,0.86,0.84,0.86,0.86,0.86,0.86,0.83,0.86,0.86,0.86,0.86,0.86,0.86,0.83,0.86,0.86,0.86,0.86,0.74,0.85,0.86,0.86,0.86,0.86,0.86,0.86,0.86,0.86,0.86,0.83,0.86,0.86,-1.04,0.86,0.86,0.86,0.86,0.86,0.84,0.84,0.85,0.86,-1.11,0.83,0.85,0.86,0.86,0.86,0.86,0.85,0.86,0.86,0.86,0.84,0.86,0.86,0.86,0.86,-1.13,0.85,0.86,0.86,0.86,0.86,0.58,0.86,0.86,0.85,0.86,0.86,0.86,0.86,0.86,0.86,0.86,0.86,0.86,0.86,0.71,0.86,0.86,0.86,0.86,0.86,0.84,0.86,0.86,0.86,0.86,0.8,0.84,0.84,0.76,0.86,0.86,0.86,0.86,0.84,0.86,0.86,0.84,0.86,0.72,0.84,-1.08,0.86,0.86,0.84,0.86,0.86,0.86,0.85,0.86,0.86,0.86,0.86,0.84,0.86,0.86,0.86,0.86,0.86,0.86,0.86,0.86,0.86,0.86,-1.15,0.86,0.74,0.86,0.86,0.86,0.84,0.86,0.86,0.86,0.86,0.76,0.86,0.86,0.86,0.86,0.86,0.86,0.86,0.86,0.86,0.85,0.86,0.84,0.86,0.86,0.86,0.86,0.86,0.86,0.86,0.86,-1.16,0.86,0.86,0.86,0.86,0.86,0.83,0.86,0.86,0.86,0.86,0.86,0.86,0.86,0.86,0.86,0.86,-1.09,0.85,0.86,0.86,0.86,0.85,0.83,-1.0,0.86,0.84,0.86,0.86,0.85,0.86,0.86,0.86,0.72,0.86,0.86,0.86,0.82,0.86,0.84,0.86,0.86,0.86,0.86,0.86,-1.05,0.85,-1.05,0.86,0.85,0.85,0.86,0.84,0.86,0.86,-1.0,0.86,0.86,0.86,0.86,0.81,0.83,0.86,0.86,0.85,0.86,0.86,0.84,0.86,0.83,0.86,0.86,0.86,0.85,0.86,0.86,0.86,0.86,0.86,0.86,0.85,0.86,0.86,0.84,0.84,0.86,0.86,0.86,0.86,0.84,0.86,0.86,0.86,0.84,0.86,0.78,0.86,-1.14,0.86,0.86,0.86,0.86,0.86,0.86,0.85,-1.04,-1.09,0.84,0.84,0.85,0.86,0.86,0.86,-1.12,0.79,0.86,0.86,0.86,0.86,0.86,0.82,0.86,0.86,0.84,0.86,0.86,0.84,0.86,0.86,0.86,0.86,-1.13,0.86,-1.06,0.86,0.86,0.86,0.86,0.86,0.86,0.86,0.84,0.86,0.86,0.86,0.86,0.86,0.86,0.86,0.84,0.86,0.86,0.86,0.86,0.85,0.86,0.86,0.86,0.86,0.86,0.86,0.86,0.86,0.86,0.86,0.84,0.86,0.85,0.84,0.86,0.86,0.86,0.86,0.86,0.86,0.71,-1.02,0.85,0.86,0.86,-1.16,0.86,0.86,-1.09,0.83,0.85,0.78,0.86,0.84,-1.13,0.84,0.76,0.86,0.85,0.83,0.72,0.84,0.86,0.86,0.85,0.86,0.86,0.84,0.86,0.86,0.86,0.85,0.86,0.86,0.86,0.86,0.86,0.86,0.86,0.85,0.86,0.84,0.86,0.86,0.86,0.84,0.85,0.86,0.86,0.86,0.86,0.86,0.86,0.85,0.86,0.86,0.86,0.86,0.86,0.86,0.86,0.86,0.85,0.84,0.86,0.83,0.86,0.86,0.85,0.86,0.85,0.77,0.85,0.82,0.85,-1.11,0.86,-1.08,0.68,0.86,0.86,0.85,0.86,-1.01,-1.13,-1.08,0.84,0.86,0.86,-1.04,-1.21,0.84,0.84,0.86,0.85,0.86,0.85,0.86,0.85,0.86,0.86,0.86,-1.02,0.86,0.85,0.85,0.85,0.86,-1.0,0.86,0.86,0.86,0.86,0.86,0.86,0.85,0.86,0.86,0.86,0.86,0.85,0.85,0.86,0.86,0.86,0.85,0.86,0.86,0.86,0.86,-1.1,0.85,0.86,0.86,0.86,0.86,0.86,0.86,0.86,0.86,0.86,0.86,0.85,0.86,0.86,0.84,0.84,0.86,0.86,0.86,0.86,0.86,-1.03,0.86,-1.08,0.84,0.86,0.86,0.86,0.86,0.86,0.86,0.86,-1.04,0.86,0.86,0.86,0.86,0.86,0.86,0.86,0.86,0.84,0.85,-1.12,0.86,0.86,0.84,0.86,0.86,0.86,0.84,-1.03,0.86,0.86,0.86,0.86,0.86,0.86,0.79,0.86,-1.04,0.84,0.86,0.86,0.86,0.86,0.86,0.86,0.86,0.86,0.86,0.86,0.86,0.86,0.85,0.84,0.86,0.86,0.86,0.86,0.86,0.86,0.86,0.86,0.86,0.85,-1.06,0.86,0.85,0.86,0.84,0.85,0.86,0.86,0.86,0.86,0.85,0.86,0.86,0.86,0.86,0.86,-1.1,0.86,0.86,0.86,0.84,0.86,0.86,0.86,0.85,0.86,0.86,0.86,0.86,0.86,0.86,0.86,0.86,0.86,0.84,0.85,0.86,0.86,0.85,0.86,0.86,0.84,-1.14,0.86,0.86,0.85,0.86,0.86,0.86,0.86,0.86,0.86,0.86,0.86,0.86,0.82,0.86,-1.01,0.86,0.86,0.86,0.86,0.85,0.86,0.86,0.86,0.86,0.86,0.78,0.77,0.86,0.86,0.86,0.85,0.84,0.86,-1.02,0.86,0.86,0.86,-1.12,0.85,0.86,0.86,0.86,0.86,0.86,0.86,0.86,0.86,0.86,0.86,0.86,0.86,-1.03,0.85,0.86,0.86,0.86,0.86,0.86,0.84,0.86,0.86,0.86,0.86,0.83,0.85,0.86,0.86,0.86,0.86,0.86,0.86,0.86,0.84,0.86,0.86,-1.12,0.86,0.86,0.86,0.84,0.86,0.74,0.84,0.84,0.74,-1.0,0.85,0.86,0.86,0.86,0.86,0.86,0.86,0.86,0.86,0.85,0.86,0.86,0.86,0.86,0.86,0.83,0.86,0.86,0.86,0.86,-1.12,0.84,0.86,0.86,0.84,0.86,0.86,-1.14,0.86,0.86,0.85,0.83,0.86,0.86,0.86,0.86,0.86,-1.01,0.86,0.86,0.86,-1.13,0.86,0.86,0.86,0.85,0.81,0.85,0.86,-1.01,0.86,0.86,0.85,0.86,0.8,-1.13,0.86,0.86,0.86,0.85,0.86,0.86,0.83,0.86,0.86,0.86,0.86,0.86,0.86,0.86,0.86,0.86,0.86,0.86,0.86,0.86,0.86,0.86,0.86,0.84,0.86,0.86,0.86,0.86,0.82,0.86,0.86,0.86,0.86,0.74,0.86,0.86,0.84,0.86,0.86,0.86,0.72,0.86,0.86,0.85,0.86,0.86,0.86,0.85,-1.01,0.86,0.86,0.86,0.86,0.86,0.84,0.86,0.86,0.85,0.86,0.79,0.86,0.86,0.86,0.85,0.86,0.86,0.86,0.86,-1.08,0.84,0.83,0.86,0.86,0.85,0.86,0.86,0.85,0.86,0.86,0.86,0.78,0.86,0.86,0.86,0.86,0.86,0.74,0.86,0.86,-1.02,0.86,0.84,0.84,0.86,0.86,0.86,-1.09,0.86,0.86,0.86,0.86,0.86,0.86,0.84,-1.05,0.85,0.86,0.86,0.86,0.86,0.86,0.86,0.86,0.86,0.86,0.76,0.82,0.86,0.86,0.86,0.86,0.86,0.86,-1.13,0.85,0.86,0.63,0.86,0.86,0.86,0.86,0.75,0.86,0.85,0.86,0.86,0.86,0.86,0.86,0.86,0.72,-1.11,0.75,0.81,0.84,0.82,0.86,0.85,0.86,0.86,0.86,0.83,0.85,0.86,-1.05,0.86,0.86,0.84,0.86,0.85,0.86,0.86,0.86,0.86,-1.04,0.86,0.86,-1.14,0.83,0.8,0.86,0.85,0.86,0.86,0.86,0.86,0.86,-1.13,-1.08,0.85,0.86,0.86,0.86,0.86,0.86,0.86,0.86,0.85,0.86,-1.03,0.86,0.86,0.86,0.86,0.86,0.86,0.86,0.85,-1.11,0.86,0.86,0.86,0.86,0.86,0.86,0.86,0.86,0.84,0.86,0.86,0.84,0.85,0.86,0.86,0.86,0.72,0.84,0.86,0.86,-1.06,0.84,0.84,0.86,0.86,0.84,0.86,0.86,0.86,-1.09,0.83,0.86,0.86,0.86,0.86,0.86,0.85,0.85,0.86,0.86,0.85,0.86,0.86,0.86,0.86,0.85,0.86,0.86,-1.06,0.86,0.86,0.65,-1.12,0.84,0.86,0.85,0.85,0.86,0.86,0.84,0.86,0.84,0.86,0.84,0.86,0.85,-1.03,0.86,0.86,0.85,0.84,0.86,0.86,0.86,-1.02,0.86,0.86,0.86,0.84,0.77,0.83,0.86,0.86,0.86,0.86,0.85,0.86,0.86,0.86,0.86,0.86,0.86,0.86,0.86,0.85,0.85,0.86,0.86,0.85,0.86,0.86,0.86,0.86,0.86,0.86,0.86,0.86,-1.04,0.84,0.86,0.86,0.86,-1.04,0.86,0.86,0.86,0.86,0.86,0.86,0.84,0.85,0.84,0.86,0.85,0.85,0.86,0.86,0.86,-1.1,0.83,0.86,0.85,-1.02,0.86,0.86,0.86,0.86,0.86,0.85,0.85,0.86,0.86,0.86,0.86,0.86,0.84,0.83,0.86,0.86,0.86,0.86,-1.03,0.85,0.86,0.86,0.86,0.86,0.86,0.86,0.86,0.86,0.86,0.86,0.86,0.85,0.86,0.86,0.85,0.85,0.86,0.86,0.86,0.86,0.86,-1.03,0.86,0.86,-1.0,0.86,0.86,0.84,0.86,0.86,0.86,0.86,0.86,0.86,0.86,0.86,0.86,0.86,0.85,0.86,0.86,-1.12,0.86,0.86,0.86,0.86,0.86,0.86,0.86,0.86,0.86,0.86,0.86,0.86,0.86,0.78,0.86,0.86,0.86,0.84,0.86,0.86,0.86,0.86,0.86,0.86,0.86,0.85,-1.14,0.85,0.86,0.84,0.86,0.85,0.86,0.86,0.86,0.86,0.86,0.85,0.86,0.86,0.86,0.86,0.86,0.86,0.86,0.86,0.86,0.86,-1.02,0.85,0.86,0.84,0.84,0.86,0.86,0.86,0.86,0.86,0.86,0.85,0.84,0.86,0.86,-1.09,0.86,0.86,0.86,-1.09,0.86,0.85,0.85,0.85,0.86,0.85,-1.02,0.86,0.86,0.83,0.86,0.86,0.86,0.86,0.86,0.86,0.86,-1.02,0.85,0.86,0.86,0.71,0.86,0.79,0.86,0.86,0.86,-1.13,0.86,0.86,0.86,0.85,0.86,0.86,-1.12,0.86,0.85,0.73,0.85,0.85,0.7,0.86,0.86,0.86,0.86,0.86,-1.07,0.86,0.85,-1.01,0.86,-1.58,0.85,0.84,0.86,0.83,0.84,0.84,0.83,0.86,0.85,-1.11,0.86,0.82,0.85,-1.03,0.84,-1.02,0.83,0.85,0.85,0.85,0.86,0.82,0.86,0.86,0.82,0.86,0.86,0.86,0.84,0.71,0.85,0.77,0.86,0.86,0.86,0.86,0.85,0.86,0.84,0.86,-1.13,0.85,0.86,0.86,0.86,0.86,0.86,0.86,0.86,-1.02,0.86,0.85,0.86,0.86,0.86,0.86,0.86,0.86,0.86,0.86,0.86,0.86,0.86,0.86,0.86,0.86,0.86,0.86,0.85,0.72,0.86,0.86,0.85,0.86,0.86,0.86,0.86,0.86,0.85,0.86,0.86,0.86,0.84,0.85,0.86,0.86,0.86,0.86,0.86,0.86,0.86,0.86,0.86,0.86,0.85,0.86,0.86,0.86,0.86,-1.02,0.85,0.86,0.86,0.86,0.86,0.86,0.86,0.86,0.84,-1.09,0.85,0.86,0.86,0.84,0.85,0.83,0.86,0.86,0.86,0.86,0.86,0.86,-1.02,0.86,0.85,0.86,0.86,-1.12,0.86,0.85,0.86,0.84,0.86,0.84,0.86,0.84,0.86,0.86,0.85,0.86,0.86,0.85,0.86,0.85,0.84,0.85,0.85,-1.13,0.85,0.86,0.86,0.86,0.86,0.86,0.86,0.86,0.79,0.86,0.86,0.85,0.86,0.86,0.86,0.76,0.86,0.86,0.86,0.86,0.86,0.85,0.86,0.84,0.86,0.86,0.86,0.86,0.86,0.86,0.86,0.86,0.86,0.86,0.86,0.86,0.86,0.86,0.86,0.86,0.86,0.82,0.86,0.86,0.86,0.86,0.81,0.86,0.86,0.85,0.86,0.84,0.85,0.85,0.86,0.86,0.86,-1.09,0.86,0.86,0.86,0.86,0.84,0.86,0.86,0.85,-1.1,0.86,0.86,0.86,-1.08,0.85,0.86,0.86,0.86,0.86,0.86,0.86,0.86,0.86,0.86,0.86,0.86,0.86,0.86,0.86,0.85,0.86,0.86,0.86,0.85,-1.19,0.86,0.86,0.86,0.86,0.86,0.86,0.84,0.86,0.86,-1.03,0.85,0.86,0.85,0.86,-1.12,0.86,0.76,0.85,0.86,0.86,-1.12,0.85,0.86,0.86,0.86,0.85,0.85,0.86,0.86,0.84,0.85,0.86,0.86,0.86,0.86,0.86,0.86,0.86,0.86,-1.07,0.84,0.86,0.84,0.86,0.86,0.86,-1.0,0.86,0.86,0.86,-1.11,0.85,-1.05,0.85,0.72,0.86,0.86,0.86,0.86,0.86,0.86,0.86,0.86,0.83,0.8,0.84,0.86,0.86,0.86,0.86,-1.04,0.85,0.86,0.86,0.86,0.86,0.86,0.84,0.86,0.86,0.86,0.86,0.86,0.86,-1.11,0.85,0.86,0.86,0.85,0.86,0.86,0.86,-1.0,0.85,0.86,0.81,0.85,0.77,0.86,0.86,-1.14,0.86,0.86,0.86,0.86,0.83,0.86,0.82,0.82,0.86,0.86,0.86,0.85,0.66,0.86,0.86,0.86,0.86,0.86,0.86,0.86,0.86,0.72,0.85,0.85,0.86,0.86,0.86,0.86,0.86,0.84,0.86,0.86,0.85,0.86,0.86,0.86,0.86,0.86,0.83,0.85,0.82,0.86,0.85,0.86,0.86,0.86,0.85,0.86,0.85,0.83,0.86,0.76,0.85,0.86,0.86,0.86,0.86,-1.09,0.86,0.85,0.86,0.86,0.83,0.84,0.86,0.86,0.86,0.84,0.86,0.85,0.86,0.86,0.84,0.86,0.86,0.85,0.86,0.86,0.85,0.86,0.86,0.85,-1.08,0.86,0.86,0.84,0.86,0.85,0.86,0.84,0.86,0.86,0.86,0.86,0.86,0.86,0.86,0.83,0.7,0.86,0.86,0.86,0.86,0.86,0.86,0.86,0.86,0.86,-1.14,0.86,0.86,-1.06,0.85,0.86,0.86,0.86,0.86,0.86,0.86,0.86,0.86,0.86,0.86,0.86,0.86,0.86,0.86,-1.03,0.86,0.84,0.86,0.84,-1.14,-1.06,0.86,0.82,0.86,0.86,0.85,0.85,0.83,0.86,0.86,0.86,0.86,0.86,0.86,0.86,0.86,0.86,0.86
-1.28,-1.31,0.83,-1.07,0.82,-1.02,-1.12,0.75,-1.02,0.84,-1.01,-1.05,-1.1,-1.19,0.82,-1.05,-1.18,-1.02,-1.21,0.82,0.8,0.83,0.83,-1.02,0.56,-1.03,-1.15,-1.08,0.72,-1.09,-1.1,-1.31,0.82,0.85,0.8,0.79,0.83,0.86,0.82,0.76,0.83,0.8,0.84,0.86,0.86,0.84,0.86,0.83,0.86,0.83,0.83,0.84,0.86,0.85,0.75,0.85,0.86,0.86,-1.05,0.86,0.83,0.86,0.86,0.84,0.86,0.86,0.86,0.86,0.86,0.86,0.86,0.86,0.86,0.86,0.78,0.83,0.86,0.86,0.86,0.86,0.86,0.86,0.85,0.86,0.86,0.86,0.86,0.86,0.86,0.86,0.86,0.86,0.85,0.86,0.86,-1.1,0.86,0.68,0.85,0.85,0.86,0.85,0.84,0.81,0.86,0.86,0.86,0.86,0.82,0.86,0.86,0.86,0.86,0.86,0.85,0.86,0.84,0.86,0.86,0.86,0.86,0.86,0.86,0.86,0.86,0.85,0.86,0.85,0.86,0.85,0.86,0.86,-1.02,0.86,0.86,0.86,0.86,0.86,0.86,0.86,0.86,0.86,0.86,0.86,-1.13,0.86,0.86,0.86,0.86,0.86,-1.01,0.85,0.72,0.84,0.86,0.86,0.86,0.86,-1.08,0.79,0.86,0.86,0.86,0.84,0.84,0.86,0.86,0.86,0.85,0.85,0.86,0.86,0.84,0.86,-1.13,0.86,0.85,0.86,0.86,0.86,0.86,-1.13,0.85,0.86,0.86,0.86,0.86,0.85,-1.09,0.86,0.86,-1.08,0.86,0.86,-1.11,0.85,-1.12,0.86,0.85,0.86,-1.13,0.86,0.86,-1.13,0.86,-1.13,0.85,0.83,0.86,0.84,0.85,0.78,0.86,0.85,-1.1,0.84,0.86,0.86,0.86,0.86,0.86,0.86,0.86,0.84,-1.04,0.86,0.86,0.86,0.85,0.86,0.86,0.85,0.85,0.83,0.86,0.7,0.86,0.85,0.86,0.86,0.84,-1.04,0.86,0.86,0.86,-1.12,0.86,0.86,0.86,0.86,0.86,0.86,0.83,0.86,-1.2,0.86,-1.08,0.86,0.84,0.86,0.86,0.86,0.86,0.86,0.86,0.86,0.81,-1.09,0.86,0.86,0.86,0.86,0.86,0.84,-1.03,0.86,0.86,0.71,-1.07,0.86,0.86,0.86,0.86,0.86,-1.02,0.86,0.86,0.86,0.86,0.86,0.86,0.86,0.86,0.86,0.85,0.86,0.86,-1.1,0.86,0.86,0.86,0.86,0.86,0.86,0.86,0.86,0.86,0.86,0.83,0.86,0.86,0.86,0.86,-1.01,0.86,0.86,0.86,0.86,0.86,0.86,0.86,0.86,0.86,0.84,0.86,0.86,0.86,0.86,0.86,0.84,-1.03,0.86,0.86,0.86,0.86,0.86,0.86,0.85,0.86,0.86,0.86,0.86,0.86,0.86,0.86,0.86,0.86,0.86,-1.11,0.86,0.86,0.86,0.86,0.85,0.86,0.86,0.86,0.86,0.86,0.86,0.86,0.86,-1.11,0.86,0.86,0.86,0.86,0.86,0.86,0.86,0.86,0.86,0.86,0.86,0.86,0.86,0.86,0.86,0.86,0.85,0.86,0.86,0.86,0.8,0.84,0.85,0.86,0.86,0.86,0.84,0.86,0.86,0.86,0.86,0.84,0.86,0.86,0.86,0.85,0.85,0.86,0.85,0.86,0.85,0.85,0.86,0.86,0.86,0.86,0.86,0.86,0.86,0.86,0.77,0.86,0.86,-1.06,0.86,0.86,0.86,0.86,0.86,0.86,-1.15,0.86,0.86,0.72,0.86,0.86,0.86,0.86,0.86,0.86,0.86,0.86,-1.05,0.86,0.85,0.83,0.85,0.74,0.86,0.86,0.86,0.85,0.86,0.86,0.85,0.86,0.86,0.86,0.8,0.86,0.86,-1.08,0.86,0.86,0.86,0.86,0.86,0.86,0.86,0.86,0.86,0.86,0.86,0.82,0.86,0.73,0.84,0.86,0.84,0.86,0.86,0.86,-1.02,0.86,0.86,0.85,0.86,0.86,0.86,0.86,0.86,0.86,0.86,0.86,0.86,0.86,0.86,0.86,0.81,0.86,0.86,0.86,0.86,0.84,0.85,0.86,0.86,0.85,0.86,0.85,0.84,0.86,0.86,0.86,0.86,0.84,0.86,0.86,0.86,0.85,0.86,0.86,0.86,0.86,-1.03,0.86,0.76,0.81,0.86,0.86,0.85,0.84,0.86,0.86,0.86,0.84,0.86,0.86,0.86,0.86,0.79,0.86,0.86,0.86,0.86,0.86,0.86,0.86,0.86,0.85,0.84,0.86,0.86,0.85,0.86,0.86,0.86,0.86,0.79,0.86,0.86,0.86,0.86,-1.11,0.86,0.86,0.86,0.86,0.86,0.86,0.84,0.86,0.86,0.86,0.86,0.85,0.85,0.86,0.86,0.86,0.86,0.86,0.85,-1.05,0.86,0.84,0.86,0.86,-1.13,0.86,0.86,0.86,-1.02,0.84,0.86,0.86,0.86,0.86,0.86,0.86,0.86,0.86,0.86,0.85,0.85,-1.06,0.86,0.86,0.86,0.86,0.86,0.85,0.86,0.85,0.86,0.83,0.85,0.86,0.85,0.86,-1.13,0.86,0.86,-1.1,0.86,0.86,0.86,0.86,0.85,0.86,0.73,0.86,-1.05,0.86,0.86,0.86,0.78,0.82,0.86,0.85,0.86,0.86,0.86,0.86,-1.02,0.86,0.86,0.85,0.85,0.86,0.86,-1.0,0.86,0.86,0.86,0.86,0.86,0.86,0.86,0.86,0.86,0.85,0.86,0.86,0.86,0.86,0.86,0.72,0.71,0.86,0.84,0.86,0.86,0.86,0.86,-1.06,0.86,0.84,0.84,0.86,-1.0,-1.02,0.75,0.86,-1.03,0.85,0.86,0.86,0.78,-1.03,0.85,0.85,0.86,0.86,0.86,0.86,0.86,0.86,0.86,0.86,-1.07,0.86,0.84,0.86,0.86,0.86,0.77,0.86,0.86,0.86,-1.07,0.85,0.86,0.86,0.86,0.86,0.85,0.83,0.86,0.86,-1.14,0.84,0.86,0.86,0.86,0.86,0.72,0.86,0.86,0.76,0.71,0.86,0.86,0.86,0.86,0.86,0.86,0.86,0.86,0.86,0.86,0.86,0.85,0.86,0.86,0.86,0.86,0.86,0.86,0.86,0.86,0.86,0.86,0.73,0.86,0.86,0.86,0.86,0.86,0.86,0.78,0.86,-1.06,0.85,0.85,0.84,0.86,0.86,0.84,0.86,0.86,0.86,0.86,0.86,0.86,0.86,0.86,0.86,0.86,0.84,0.86,0.86,0.86,0.86,0.86,0.86,0.84,0.86,0.86,0.86,0.86,-1.11,0.86,0.86,0.86,-1.13,0.86,0.86,0.86,0.86,0.86,0.86,0.84,0.85,-1.03,0.86,0.86,0.86,0.86,0.86,0.86,0.86,0.86,0.85,0.86,-1.02,0.86,0.86,0.83,0.86,0.73,0.86,-1.1,0.86,0.85,0.86,0.86,0.86,0.86,0.86,0.86,0.86,0.86,0.86,0.86,0.86,0.84,0.86,0.86,0.86,0.86,0.86,-1.07,0.86,0.86,0.86,0.86,0.85,-1.02,0.72,0.86,0.86,0.86,0.86,0.83,0.84,0.86,0.86,0.85,0.86,0.86,0.86,0.86,0.86,0.85,0.86,0.86,0.86,0.86,0.86,0.86,0.74,0.86,0.86,0.86,0.86,0.86,0.86,-1.12,0.86,0.86,0.86,0.86,0.86,0.86,0.86,0.85,0.86,0.86,0.86,0.86,0.86,0.86,0.86,0.85,0.8,-1.17,0.86,0.86,0.86,0.86,0.86,0.86,0.86,-1.02,0.86,0.86,0.84,0.86,0.86,0.84,0.86,0.86,0.85,0.86,0.86,0.86,0.85,0.86,0.86,0.86,0.86,0.86,0.86,0.86,0.86,0.84,0.86,0.86,0.86,0.86,0.86,0.86,0.82,0.86,0.74,0.84,0.84,0.86,0.86,0.86,0.86,-1.06,0.85,0.86,-1.0,0.86,0.86,0.86,0.86,0.86,0.86,0.86,0.86,0.86,0.83,0.86,0.83,0.86,0.85,0.86,-1.12,0.86,0.86,0.85,0.86,0.86,0.86,0.84,0.86,0.86,0.86,0.86,0.86,0.72,0.86,0.86,0.84,0.85,0.86,0.86,0.86,0.86,0.86,0.76,0.86,0.85,0.86,0.86,0.85,0.86,0.86,0.85,0.86,0.86,0.86,0.86,0.86,-1.07,0.85,0.86,0.86,0.86,0.86,0.86,0.86,0.86,0.86,0.86,0.86,0.86,0.85,0.86,0.86,0.86,0.86,0.86,0.86,0.86,0.86,0.86,0.86,-1.01,0.85,0.86,0.86,0.86,0.86,0.86,-1.09,-1.04,0.86,0.86,0.86,0.86,-1.0,0.86,0.86,0.86,0.86,0.86,0.86,0.85,0.86,0.86,0.78,-1.12,0.86,0.85,0.85,0.86,0.86,0.85,0.86,0.86,0.86,0.86,0.85,0.86,0.86,0.86,0.86,0.86,0.86,0.82,0.86,0.86,0.86,0.86,0.86,0.86,0.86,0.86,-1.06,0.86,0.86,0.86,0.85,0.86,0.86,0.86,0.86,0.86,0.86,0.85,-1.13,0.86,-1.03,0.86,0.86,0.85,0.86,0.86,0.86,-1.07,0.86,-1.01,0.84,0.86,0.86,-1.05,0.84,0.86,-1.0,0.86,0.86,0.86,0.86,0.86,0.86,0.71,0.86,0.86,-1.12,0.85,0.86,0.86,0.85,0.74,0.86,0.86,0.85,0.86,0.86,0.84,0.86,0.86,0.86,0.86,0.84,0.86,0.86,0.86,0.86,0.86,0.86,-1.04,0.85,0.86,0.85,0.73,0.86,0.86,0.86,0.86,0.86,0.86,0.86,0.86,0.86,-1.03,0.85,0.85,0.77,0.86,0.83,0.85,-1.06,0.86,-1.14,0.86,0.85,0.86,0.84,0.86,0.86,-1.07,0.86,0.86,0.85,0.86,0.85,-1.06,0.86,0.86,0.86,0.86,0.86,0.86,-1.03,0.85,0.86,0.86,0.86,0.84,0.86,0.86,0.86,0.86,0.71,0.71,0.85,0.86,0.86,0.86,0.86,0.86,0.86,0.86,0.83,0.85,0.86,0.86,0.83,0.86,0.86,0.86,0.86,0.86,0.85,0.85,0.86,0.85,0.86,0.85,0.76,0.86,0.86,0.86,0.86,0.84,0.86,0.86,0.84,0.86,0.85,0.84,0.86,0.86,0.86,0.84,0.85,0.86,0.86,0.86,0.86,0.84,0.86,0.86,0.86,-1.14,-1.09,0.86,0.86,0.84,-1.01,0.86,0.85,0.84,-1.12,0.86,0.86,0.86,0.85,0.86,0.84,0.86,0.86,0.85,0.86,0.86,0.85,0.86,-1.03,0.86,0.86,0.86,-1.11,0.86,0.86,0.86,0.84,0.85,0.86,0.86,0.86,0.75,0.86,0.86,0.86,0.85,-1.06,0.85,-1.1,-1.12,0.86,0.86,0.86,0.86,0.85,0.85,0.85,0.86,0.83,0.86,0.86,0.86,0.86,0.82,0.86,0.86,0.86,0.86,0.86,0.86,0.83,0.86,0.86,0.86,0.86,0.86,0.86,0.86,0.86,0.85,0.84,0.86,0.85,0.86,0.85,0.86,0.86,-1.03,0.84,0.86,0.86,0.85,0.85,0.84,0.76,-1.05,0.83,0.86,0.86,0.86,0.86,0.86,0.85,0.85,0.86,-1.03,0.85,0.86,0.86,0.86,0.86,0.86,0.86,0.86,0.86,0.86,0.86,0.86,0.85,0.86,0.86,0.86,0.86,0.86,0.86,0.86,0.86,-1.13,0.86,0.85,0.76,0.86,0.86,0.86,-1.06,0.86,0.86,0.86,0.86,0.84,0.86,0.86,0.86,0.86,0.86,0.86,0.86,0.86,0.83,0.86,0.83,0.84,0.8,0.86,0.86,0.86,0.86,0.84,0.86,0.86,0.83,0.86,0.83,0.86,0.86,0.86,0.82,0.81,0.83,0.86,0.86,-1.03,0.84,0.86,0.84,0.86,0.86,-1.1,0.86,0.84,0.86,0.86,0.78,0.84,0.86,0.86,0.86,0.86,0.83,0.77,0.86,0.86,0.86,0.85,0.73,0.86,0.86,0.84,0.86,0.85,-1.1,0.85,0.86,-1.02,0.83,0.86,0.86,0.86,0.86,0.86,0.86,0.84,0.86,0.86,0.85,0.86,0.84,0.86,0.86,0.86,0.85,0.86,0.85,0.86,0.86,0.86,0.82,0.86,0.84,0.86,0.86,0.86,0.86,0.84,0.86,0.86,0.86,0.86,0.79,-1.07,0.86,0.86,0.86,0.86,0.84,0.86,0.83,0.86,0.86,0.71,0.86,0.83,0.86,0.86,0.84,0.86,0.86,0.85,0.86,0.86,0.86,0.86,0.84,-1.13,0.84,-1.1,0.84,0.84,0.86,0.86,0.86,0.86,-1.06,0.86,0.86,0.72,0.86,0.65,0.86,0.86,0.86,0.85,0.86,0.86,0.86,0.86,0.85,0.86,0.86,0.78,0.83,0.86,0.86,0.86,0.85,0.83,0.84,0.86,0.86,0.85,0.86,0.86,0.86,0.86,0.86,0.86,0.84,0.86,0.86,0.86,0.86,0.86,0.85,0.86,0.85,0.86,0.85,0.86,0.84,0.86,0.85,-1.12,0.83,0.86,0.71,0.86,0.86,0.84,0.86,0.86,0.86,0.86,0.86,0.86,0.86,0.78,-1.04,0.86,0.86,0.86,0.86,0.86,0.86,0.86,0.86,0.86,0.86,0.86,0.86,0.86,0.86,0.86,0.84,0.86,0.84,0.86,0.83,0.84,-1.02,0.79,0.84,0.86,0.86,-1.12,0.86,0.86,0.86,0.85,0.86,-1.11,0.74,0.86,0.86,0.86,0.85,0.86,0.86,0.86,0.86,0.86,0.86,0.86,0.86,0.86,0.79,0.86,-1.0,0.86,0.86,0.86,0.86,0.86,0.86,0.86,0.69,0.85,0.86,0.85,0.86,0.78,0.86,0.86,0.86,0.86,0.86,0.85,0.86,0.86,0.85,0.86,0.86,0.86,0.86,0.85,0.86,0.86,0.86,-1.08,0.83,0.86,0.84,-1.12,0.85,0.86,0.86,0.86,0.86,0.86,0.86,0.86,-1.12,0.86,0.86,0.86,0.86,0.86,0.86,0.86,0.86,0.86,0.84,0.86,-1.02,0.86,0.86,0.86,0.86,0.86,0.85,0.86,0.86,0.85,0.86,0.86,0.82,0.86,0.86,-1.03,-1.1,0.86,0.86,0.86,0.86,0.86,0.86,0.86,0.86,0.86,0.85,0.83,-1.04,0.86,-1.03,0.85,0.85,0.86,0.86,0.86,0.86,0.86,0.84,0.86,0.86,-1.02,0.86,0.86,0.83,0.82,0.85,0.86,0.85,0.86,0.86,0.86,0.86,0.86,0.86,0.86,0.86,0.85,0.86,0.86,0.86,0.86,0.86,0.86,0.86,-1.02,-1.08,0.85,0.86,0.86,0.84,0.86,0.86,0.84,0.86,0.86,0.86,0.86,0.86,0.86,0.86,0.86,0.8,0.86,0.86,-1.1,0.84,0.84,0.86,0.86,0.86,0.86,0.86,0.86,0.86,0.86,0.86,0.86,0.86,0.86,0.86,0.86,-1.12,0.85,0.74,0.86,0.86,0.85,0.86,-1.24,0.86,-1.03,0.86,0.86,0.79,0.84,-1.09,0.86,0.86,0.86,0.85,0.86,0.85,0.86,0.86,0.84,0.75,0.85,0.86,0.75,0.85,0.86,0.86,0.86,0.78,0.86,0.86,0.85,0.84,0.86,0.86,0.86,0.86,0.86,0.86,0.86,0.86,0.85,-1.04,0.84,0.86,0.86,-1.02,0.86,0.85,0.83,0.85,0.86,0.84,0.86,0.83,0.85,0.85,0.86,0.86,0.86,0.86,-1.14,0.86,0.86,0.86,0.86,0.85,0.86,0.86,0.85,0.86,0.86,0.86,0.85,0.86,0.78,0.83,0.86,0.86,0.86,0.86,-1.04,0.86,0.86,0.85,0.86,0.85,-1.13,0.85,0.86,0.85,0.85,0.86,0.86,0.86,0.86,0.85,0.83,0.86,0.86,0.86,0.85,0.86,0.86,0.86,0.84,0.86,0.86,0.86,0.86,0.86,0.86,0.86,0.86,0.86,0.86,0.86,0.86,0.86,0.85,0.86,0.86,0.86,0.84,0.86,0.86,0.86,0.85,0.86,0.84,0.86,0.86,0.86,0.85,-1.03,0.86,0.85,0.86,0.84,0.84,0.86,0.86,0.85,0.86,0.86,0.86,0.72,0.86,-1.04,0.86,0.85,0.84,0.86,0.86,0.86,0.86,0.85,0.86,-1.03,-1.15,0.86,0.86,-1.02,0.86,0.85,0.85,0.86,0.84,0.86,0.86,0.85,0.86,-1.02,0.69,0.84,0.86,-1.08,0.86,0.84,0.85,0.86,0.85,0.86,0.83,0.86,0.84,0.86,0.86,0.86,0.84,0.86,0.86,0.84,0.86,0.86,-1.0,-1.11,0.85,0.86,0.86,-1.02,0.85,-1.14,0.85,0.84,0.85,0.86,0.86,0.86,0.86,0.86,0.86,0.84,0.86,0.86,0.86,0.86,0.86,0.86,0.86,0.86,0.86,0.84,0.86,0.86,0.84,0.86,0.86,0.86,0.86,0.86,0.86,0.85,0.84,0.86,0.86,0.86,0.86,-1.02,0.86,0.86,0.84,0.86,0.86,0.86,0.86,0.86,0.85,0.86,0.79,0.86,0.86,0.83,0.86,0.81,0.86,0.86,-1.09,-1.03,0.85,0.86,0.86,0.85,0.74,0.86,0.86,0.86,0.84,0.86,0.86,0.86,0.86,0.86,0.85,0.86,0.86,0.86,0.86,0.86,0.86,0.84,0.86,0.86,0.86,0.86,-1.03,0.74,0.86,0.86,0.86,0.86,0.86,0.85,0.86,0.86,0.86,0.84,0.86,0.84,0.86,0.86,-1.04,0.86,0.86,0.86,0.86,0.86,0.86,0.85,0.86,0.85,0.84,0.86,0.85,0.86,0.85,0.86,0.86,0.86,0.86,-1.12,-1.21,0.86,0.86,0.86,0.86,0.86,0.77,0.86,0.86,0.86,0.86,0.86,0.85,0.86,0.86,0.86,0.86,0.86,0.86,0.81,0.86,0.86,0.86,0.86,0.86,0.75,0.86,-1.03,0.86,0.85,0.86,0.86,0.85,0.85,0.86,0.84,0.85,0.86,0.86,0.86,0.86,0.86,0.86,0.84,0.86,0.86,0.86,0.86,0.86,0.86,0.85,0.86,0.86,0.81,0.86,0.86,0.86,0.83,0.86,0.86,0.86,0.86,0.84,0.86,0.86,0.86,0.84,0.86,0.86,0.85,0.86,0.86,0.86,0.86,0.86,0.86,0.86,0.86,0.85,0.86,0.86,0.86,0.85,0.86,0.86,0.85,0.86,0.86,0.85,0.86,0.86,0.86,0.84,0.86,0.85,0.86,0.86,0.86,0.86,0.86,0.86,0.86,0.86,0.86,0.82,0.86,0.86,0.86,0.86,0.86,0.86,0.86,0.86,0.86,0.85,0.86,0.86,0.86,0.84,0.86,0.84,0.86,0.86,0.86,0.86,0.86,0.77,0.86,0.86,0.86,0.86,0.86,0.85,0.86,0.86,0.86,0.86,0.86,0.86,-1.14,0.86,0.86,0.86,-1.02,0.84,0.85,0.86,0.86,0.86,0.83,0.83,0.86,0.86,0.86,0.86,0.86,0.86,-1.05,0.86,0.82,0.86,0.86,0.86,0.84,0.86,0.86,0.86,0.86,0.84,0.86,0.86,0.86,0.86,0.86,0.84,0.86,0.85,0.84,0.86,0.86,0.86,0.85,0.86,0.85,0.85,0.86,0.86,0.86,0.85,-1.0,0.86,0.86,-1.03,0.85,-1.05,-1.13,0.86,0.86,0.86,0.86,0.85,0.86,0.86,-1.07,0.85,0.85,0.85,0.85,0.85,0.86,0.86,-1.0,0.86,0.86,0.85,0.85,0.86,0.86,0.86,0.86,0.86,0.86,0.86,0.83,0.86,0.86,0.86,0.86,0.85,0.85,0.86,-1.08,0.86,-1.13,0.86,0.86,0.86,-1.13,0.86,0.86,0.86,0.86,0.86,0.86,-1.12,0.86,0.86,0.82,0.86,0.86,-1.0,0.86,0.86,0.85,0.86,0.86,0.86,0.86,0.84,0.86,0.86,0.86,0.86,0.86,0.78,0.86,0.84,0.86,0.85,0.86,0.86,0.86,0.86,0.86,0.86,0.86,0.85,0.86,0.86,0.86,0.86,0.86,0.86,0.86,0.86,0.86,0.86,0.86,0.86,-1.12,0.85,0.85,0.86,0.86,0.85,0.86,0.84,0.85,0.86,0.84,0.86,-1.0,0.74,-1.09,0.86,0.72,0.84,0.85,0.86,0.86,0.84,0.86,0.86,0.86,0.86,0.86,0.85,0.86,0.85,0.86,0.86,0.85,0.86,0.85,0.85,0.86,0.86,0.86,0.85,0.86,0.86,0.86,0.86,0.86,0.86,0.86,0.86,0.86,0.86,0.86,0.86,0.86,0.85,0.86,0.86,0.86,0.86,0.86,0.85,0.86,0.86,0.86,0.86,0.86,-1.15,0.86,0.86,0.86,0.84,0.86,0.84,0.86,0.86,0.86,0.86,0.86,0.82,0.86,0.84,0.86,0.86,-1.03,0.86,0.86,0.86,0.86,0.86,0.86,0.86,0.86,0.86,-1.0,0.8,0.86,0.86,0.79,0.84,0.86,0.86,0.86,0.86,0.86,0.86,0.86,0.86,0.86,0.86,0.86,0.86,0.86,0.86,0.86,0.86,0.86,0.86,0.85,0.86,0.86,0.86,0.86,0.86,0.84,0.84,0.86,-1.02,0.86,0.86,0.86,0.86,0.84,0.86,0.86,0.86,0.86,0.86,0.86,0.86,0.74,0.86,0.86,0.86,0.73,0.86,0.86,0.86,0.86,0.86,0.86,0.71,-1.03,0.84,0.86,0.86,0.85,0.86,0.86,0.86,0.81,0.84,0.86,0.86,0.86,0.86,0.86,0.86,0.86,0.86,0.86,0.86,0.86,0.83,-1.05,0.86,-1.1,0.86,0.86,0.86,0.85,0.86,0.86,-1.13,0.85,-1.1,0.85,0.85,0.85,0.86,-1.11,-1.05,0.85,0.86,0.85,0.86,0.86,0.86,0.86,0.86,-1.0,0.86,0.86,0.86,0.86,0.86,0.86,0.86,0.86,0.82,0.85,0.86,0.84,0.86,0.86,0.86,0.86,0.86,0.86,0.86,0.7,0.86,0.86,0.86,0.86,0.86,0.86,0.85,0.86,0.85,0.86,0.85,0.86,0.86,0.86,0.85,0.86,0.84,0.86,0.86,0.86,0.86,0.86,0.86,0.86,0.86,0.86,0.86,0.85,0.86,0.86,0.86,0.86,0.86,-1.14,0.86,0.85,0.86,0.82,0.86,0.86,0.86,0.86,0.86,0.86,0.86,0.86,0.86,0.86,0.86,0.85,0.86,0.86,0.86,0.86,0.86,0.86,0.86,0.86,0.86,0.86,0.86,0.83,0.86,0.84,0.86,-1.02,0.86,-1.15,0.86,0.85,0.86,0.86,-1.13,0.79,0.85,0.84,0.86,0.86,0.7,0.86,0.85,0.86,-1.07,0.86,0.86,-1.14,0.86,0.85,0.86,0.84,0.86,0.86,0.86,0.86,0.86,0.86,-1.12,-1.03,0.85,0.85,0.86,0.86,-1.11,0.86,0.86,-1.05,0.82,0.84,0.84,0.85,0.85,0.84,0.86,0.86,0.82,0.84,0.86,0.86,0.86,0.86,0.86,0.86,0.86,0.86,0.86,0.86,0.86,0.86,0.86,0.86,0.86,0.86,0.86,0.86,0.83,0.86,0.85,0.86,0.86,0.83,0.86,0.86,0.86,0.86,0.86,0.86,0.85,0.86,0.86,0.86,0.86,0.86,0.86,0.86,0.86,0.86,0.86,0.86,0.83,0.78,0.85,0.86,0.86,0.85,0.84,0.83,0.86,0.86,-1.03,-1.01,0.86,0.84,0.83,0.86,0.86,0.85,0.86,0.86,0.86,0.84,0.86,0.86,-1.12,0.86,0.85,0.86,0.86,0.86,0.86,0.84,0.86,0.73,0.86,0.84,0.85,0.86,0.86,0.86,0.85,0.85,0.86,0.86,0.85,0.86,0.86,0.86,0.86,-1.03,0.83,0.86,0.86,0.86,0.86,0.85,0.86,0.86,0.86,0.86,0.86,0.86,0.85,0.86,0.78,0.86,0.86,0.86,0.86,0.86,0.86,0.86,-1.1,0.85,0.86,0.86,0.86,0.86,0.75,0.85,0.86,-1.14,0.85,0.85,0.86,0.86,-1.14,0.86,0.85,0.85,0.86,-1.1,0.86,0.85,0.86,0.86,0.86,0.85,0.86,0.71,0.86,0.86,0.86,0.86,0.85,0.86,0.86,0.74,0.86,0.85,0.86,0.86,0.84,0.85,0.85,0.86,0.86,0.86,0.86,0.86,0.86,-1.14,0.86,0.86,0.85,0.86,0.84,0.86,0.86,0.86,0.82,0.85,-1.03,0.82,0.86,0.85,0.86,0.86,0.86,0.86,0.86,0.86,-1.01,0.86,0.86,-1.06,0.86,0.84,0.77,0.85,0.86,0.86,0.86,0.85,0.86,0.84,0.86,0.86,0.86,0.86,0.86,0.86,0.86,-1.11,0.85,0.86,0.86,0.84,0.79,0.86,0.85,0.84,0.85,0.86,-1.06,0.86,0.86,0.86,0.86,0.86,0.86,0.86,0.86,0.86,0.86,0.86,0.86,0.86,0.86,0.86,0.86,0.86,0.86,0.86,-1.07,0.85,0.82,0.78,0.86,0.85,0.86,0.86,0.86,0.86,0.86,0.84,0.86,0.86,0.86,-1.0,0.86,0.86,0.86,0.85,0.86,0.86,0.85,0.84,0.86,0.86,0.86,0.86,0.84,-1.07,0.84,0.86,0.86,0.86,0.86,0.86,0.86,0.86,0.86,0.86,0.86,0.86,0.86
-1.02,-1.04,-1.01,-1.0,0.7,-1.1,0.65,0.83,-1.17,-1.19,-1.04,0.86,-1.12,-1.09,-1.25,0.57,-1.31,0.86,0.85,0.74,-1.05,-1.21,0.84,0.54,0.82,0.73,0.46,-1.24,0.83,0.8,0.86,-1.11,0.74,0.79,0.84,0.76,-1.05,0.86,0.84,0.84,0.84,-1.07,0.84,0.86,0.85,-1.04,0.81,0.81,0.83,0.86,-1.03,0.85,0.85,0.84,0.84,0.86,0.86,0.86,0.81,0.86,0.85,0.86,0.86,0.86,-1.03,0.86,0.84,0.86,0.86,0.86,0.86,0.86,-1.11,0.86,0.85,0.86,-1.02,0.86,0.86,0.86,0.86,0.86,0.86,0.86,0.86,0.86,0.86,0.86,0.86,0.86,0.75,0.86,-1.1,0.86,0.86,0.86,-1.01,0.86,-1.08,0.86,0.86,0.86,0.85,0.85,0.8,0.86,-1.03,0.86,0.86,0.86,0.86,0.86,0.86,0.86,0.86,0.86,0.86,0.85,0.85,0.86,0.86,-1.11,0.86,0.85,0.86,0.85,0.86,0.79,0.86,0.85,0.84,0.86,-1.03,0.86,0.86,0.84,0.86,0.84,0.86,0.86,0.86,0.86,0.85,0.86,0.86,0.85,0.86,0.86,0.83,0.86,0.86,0.86,0.86,0.86,0.86,0.73,0.86,0.86,0.86,0.85,0.86,0.86,0.86,0.86,0.86,0.86,0.86,0.86,0.86,0.86,0.86,-1.02,0.85,0.86,0.86,0.86,0.86,0.86,0.86,0.86,0.8,-1.02,0.86,0.86,0.86,0.86,0.86,0.85,-1.0,0.86,0.85,0.86,0.86,0.86,0.76,0.86,-1.0,0.86,0.86,0.86,0.85,0.86,0.86,0.86,0.86,0.86,0.86,-1.09,0.86,0.86,0.86,0.86,0.86,0.86,0.84,0.86,-1.03,0.86,0.86,0.86,0.86,0.86,0.85,0.85,0.86,0.85,0.86,0.86,0.86,-1.11,0.86,0.84,0.86,0.86,0.86,0.85,0.86,0.86,0.86,0.86,0.8,0.86,0.85,0.86,-1.04,0.86,0.75,0.86,0.86,0.86,0.86,0.86,0.86,0.86,0.86,0.86,0.86,0.86,0.86,0.86,0.86,0.86,0.72,0.86,0.86,-1.11,0.86,-1.0,0.69,0.86,0.85,0.86,0.85,0.86,-1.14,0.85,0.86,-1.04,0.86,0.86,-1.0,0.83,0.86,0.86,0.86,0.86,0.82,0.86,0.86,0.86,0.86,0.86,-1.08,0.86,0.86,0.86,0.86,0.84,0.86,0.86,0.84,0.84,0.86,-1.09,0.86,0.86,0.86,0.86,0.85,0.86,0.86,0.86,0.86,0.86,0.86,-1.01,0.86,0.86,0.86,0.85,0.86,0.86,0.86,-1.13,0.86,0.86,0.86,0.86,0.86,0.86,0.86,0.86,0.86,0.86,0.86,0.86,0.86,0.86,0.86,0.86,0.86,0.86,0.86,0.86,0.85,0.86,0.85,0.84,0.86,0.86,0.86,0.86,0.74,0.86,0.86,0.86,0.86,0.86,-1.0,0.86,0.85,0.86,0.86,0.86,0.85,0.85,0.86,0.83,0.83,0.84,0.86,0.86,0.86,0.86,0.86,0.86,0.86,0.86,0.86,0.86,0.86,0.86,0.86,0.86,0.85,0.85,0.86,0.86,0.83,0.86,0.86,0.86,0.86,0.84,0.86,0.86,0.86,0.86,0.86,0.86,0.83,0.86,0.86,0.86,-1.01,0.84,0.86,-1.11,0.86,0.86,0.86,0.86,0.86,0.86,0.86,0.86,0.86,0.84,0.86,0.86,0.85,0.84,0.86,0.86,0.86,0.86,0.86,0.86,0.86,0.86,0.86,0.86,0.86,0.86,0.86,0.86,0.86,0.85,0.86,0.85,0.86,0.76,0.86,0.86,0.86,0.84,0.84,0.86,0.85,0.86,0.86,0.86,0.86,0.86,0.86,0.86,0.86,0.74,0.86,0.86,0.86,0.86,0.86,0.85,0.86,0.86,0.86,0.8,0.86,0.86,0.86,0.86,0.85,0.86,0.86,0.85,0.86,0.86,0.86,0.86,0.86,0.86,0.81,0.76,0.86,0.85,0.86,0.86,0.86,0.85,0.86,0.86,0.84,0.82,-1.2,0.86,0.86,0.86,0.86,0.86,0.84,0.86,0.86,0.85,0.84,0.86,0.86,-1.01,0.84,0.86,0.86,0.85,0.86,0.86,0.86,0.86,0.86,0.86,0.86,0.86,0.81,0.85,0.86,0.84,0.86,0.86,0.86,0.86,0.86,0.86,0.86,0.86,0.85,0.86,0.85,0.86,0.86,0.81,0.86,0.86,0.86,0.85,0.86,0.86,0.86,0.86,0.86,-1.29,0.86,0.86,0.86,0.86,0.86,0.86,0.86,0.86,0.86,0.84,0.86,-1.06,0.86,-1.04,0.86,0.84,0.86,0.86,-1.02,0.83,0.86,0.84,0.86,-1.14,0.86,0.86,0.84,0.86,0.86,0.86,0.86,0.79,0.86,0.86,0.86,0.85,0.86,0.86,0.84,0.84,0.86,0.86,0.86,0.86,-1.02,0.86,0.86,0.84,0.86,0.86,0.86,0.86,0.86,0.86,0.86,0.86,0.86,0.73,0.86,0.86,0.86,-1.03,-1.01,0.86,0.86,0.86,0.85,0.85,0.86,0.86,0.86,0.86,0.86,0.86,0.86,0.86,0.86,0.86,0.86,0.86,0.86,0.86,0.86,0.86,0.86,0.81,0.86,-1.11,0.86,0.86,0.86,0.84,-1.03,0.81,0.86,0.86,0.81,0.86,0.86,0.85,0.86,0.85,0.86,0.86,0.84,0.86,0.86,0.86,0.84,0.86,0.86,0.85,0.83,0.86,0.86,0.86,0.86,0.85,0.86,0.86,0.86,0.86,0.86,0.86,0.83,0.86,0.86,0.85,-1.06,0.86,0.86,0.86,0.86,0.86,0.84,0.86,0.86,0.86,0.75,0.78,-1.0,0.86,0.86,0.86,0.86,-1.08,0.86,0.84,0.84,0.86,0.86,0.86,0.86,-1.1,0.86,0.83,0.86,0.85,0.83,0.84,0.86,0.86,0.85,0.86,0.86,0.86,0.86,0.85,0.86,0.86,0.86,0.86,0.85,0.85,0.86,0.86,0.86,0.85,0.86,0.86,0.86,0.84,0.82,0.86,0.86,0.86,0.86,0.85,0.86,0.86,0.85,0.86,-1.14,0.86,0.86,0.86,0.69,0.86,0.86,0.86,0.86,0.86,0.86,0.86,0.86,0.86,0.86,0.86,0.86,0.86,0.86,0.83,0.84,0.86,0.86,0.85,0.86,0.86,0.86,0.86,0.86,0.86,0.86,0.86,0.86,0.84,0.86,0.86,0.86,0.84,-1.14,0.86,0.86,0.86,0.85,0.84,0.86,0.86,0.86,0.86,0.86,0.86,0.86,0.86,0.85,0.85,0.86,0.86,0.86,0.84,0.86,0.86,0.85,0.86,0.86,0.83,0.86,0.86,-1.03,0.86,0.86,0.86,0.76,0.85,0.83,0.86,0.86,0.77,-1.03,0.85,0.86,0.86,0.71,0.86,0.86,0.86,0.86,0.85,0.86,0.86,0.86,0.86,0.86,0.86,0.86,0.86,0.86,0.86,0.86,0.86,0.86,0.86,0.86,0.79,0.86,0.86,0.86,0.86,0.86,0.86,0.84,0.86,0.84,0.86,-1.04,0.86,0.86,0.85,0.86,0.84,0.86,-1.08,0.84,0.86,0.86,0.86,0.86,0.86,0.86,-1.07,0.86,0.84,0.85,0.86,0.85,0.86,0.86,-1.14,0.72,0.85,0.86,0.86,0.86,0.85,0.86,0.86,0.86,0.85,0.86,0.86,0.85,0.86,0.86,0.86,0.86,-1.13,-1.02,0.85,-1.12,0.76,0.86,0.86,0.86,0.86,-1.04,0.86,0.86,0.86,0.86,0.86,0.86,0.85,0.86,-1.08,0.86,0.86,-1.07,0.86,0.86,0.85,0.86,-1.01,0.86,0.85,0.86,-1.05,0.86,0.86,0.85,0.86,0.86,0.85,0.86,0.86,0.85,0.85,0.86,0.84,0.86,0.86,0.86,0.86,0.86,0.85,0.86,0.86,0.86,0.86,0.83,0.86,0.86,0.86,0.86,0.86,0.86,0.84,0.86,0.85,-1.09,0.86,0.85,0.86,0.86,0.86,0.86,0.86,0.86,0.86,0.86,0.86,0.86,0.86,0.86,0.86,0.86,0.86,0.86,0.86,0.86,0.86,0.86,0.86,-1.03,0.84,0.86,0.83,0.86,0.86,0.86,0.86,0.86,0.86,0.86,0.86,0.86,0.86,0.84,0.86,0.86,0.86,0.85,0.83,0.84,0.86,0.86,0.86,0.86,0.86,0.86,0.86,0.86,0.86,0.86,-1.11,0.84,0.85,0.86,0.86,0.86,0.84,-1.0,0.86,0.86,0.86,0.86,0.86,0.86,0.86,0.86,0.86,0.86,0.84,-1.03,0.86,0.86,-1.08,0.86,0.86,0.86,0.86,0.85,0.86,0.73,0.86,0.86,0.86,0.86,0.86,0.86,0.86,0.86,0.86,0.86,0.86,0.86,0.82,0.86,0.86,0.86,0.86,0.86,-1.0,0.86,0.8,0.84,0.86,0.77,0.86,0.86,0.86,0.86,0.86,0.86,0.86,0.86,0.86,0.86,0.86,0.86,0.86,0.86,0.86,0.86,0.84,0.86,0.81,0.86,0.86,0.86,0.86,0.86,0.85,0.86,0.83,0.84,-1.08,0.85,0.86,0.86,0.86,0.86,0.85,0.86,0.86,0.83,0.86,0.86,0.86,0.85,0.85,0.85,-1.02,0.84,0.86,0.86,0.86,0.86,0.86,0.74,0.86,0.86,0.84,0.86,0.86,0.86,0.85,0.86,0.86,0.86,-1.08,0.86,0.86,0.86,0.86,0.86,0.86,0.86,0.84,0.85,0.86,0.86,0.86,0.86,0.85,0.86,0.86,0.86,0.86,0.86,0.84,0.85,0.86,0.86,0.85,0.86,0.84,0.86,0.8,0.86,0.86,0.86,0.86,0.86,0.86,0.86,0.86,0.86,0.83,-1.14,0.86,0.86,0.86,0.86,0.86,0.86,0.86,0.86,0.86,0.84,0.85,0.84,0.85,0.86,0.86,0.86,0.86,0.86,0.85,0.86,0.86,-1.04,0.86,0.85,0.85,0.86,0.86,0.84,0.86,0.86,0.86,0.86,0.86,0.85,-1.11,0.86,0.86,0.85,0.85,0.75,0.86,0.86,0.86,0.86,0.85,0.86,0.85,0.86,0.84,0.86,0.86,0.86,0.83,0.84,0.86,0.86,0.83,0.86,0.85,0.74,0.86,0.86,0.86,0.86,0.86,0.8,0.86,0.86,0.84,0.85,0.86,0.86,0.86,0.86,0.86,0.82,0.86,0.86,0.86,-1.01,0.86,0.86,0.86,0.86,0.86,0.86,0.86,0.86,0.85,0.86,0.86,0.78,0.86,0.86,0.86,0.86,0.86,0.86,0.86,0.86,0.86,0.86,0.86,0.84,0.86,0.86,0.86,0.86,0.85,0.82,0.86,0.86,0.85,0.86,0.86,0.86,0.86,0.86,0.86,0.86,0.86,0.84,0.86,0.84,0.86,0.86,0.86,-1.03,0.86,0.86,0.84,0.84,0.86,0.84,0.86,0.86,0.86,0.86,0.86,0.73,0.85,0.86,0.86,0.86,0.86,0.86,0.86,0.86,0.86,0.76,0.86,0.86,0.85,0.86,0.86,0.86,0.86,0.86,0.86,0.86,0.86,0.85,0.86,0.86,0.85,0.83,0.86,0.86,0.86,0.86,0.85,0.86,0.86,-1.03,0.85,0.86,0.86,0.86,0.86,0.86,0.85,-1.13,0.86,0.86,0.86,0.85,0.86,0.86,-1.12,0.85,0.86,0.84,0.86,0.86,0.86,0.86,0.86,0.85,0.86,0.86,0.84,0.86,0.86,0.86,0.85,0.86,0.86,0.86,0.86,0.86,0.86,0.86,0.86,0.85,0.86,0.86,0.85,0.86,0.85,0.86,0.86,0.86,0.72,-1.14,0.85,-1.02,0.86,0.86,0.86,0.86,0.86,0.85,0.86,-1.1,0.86,0.85,-1.02,0.85,0.83,0.84,0.86,0.86,0.86,0.86,0.86,-1.03,0.86,0.85,0.86,0.86,0.86,-1.09,-1.14,0.82,0.86,0.86,-1.14,-1.11,0.86,0.86,0.86,0.86,0.86,-1.08,0.86,0.86,0.75,0.86,0.85,0.85,0.86,0.84,-1.15,0.86,0.86,0.86,0.86,0.86,0.71,0.84,-1.15,0.86,0.86,0.84,0.86,0.86,0.86,0.86,0.86,0.86,0.86,0.86,0.84,-1.12,0.64,0.79,0.85,0.86,0.86,-1.13,0.85,0.85,0.85,-1.18,0.78,0.85,0.86,0.86,0.86,0.85,-1.14,0.76,0.86,0.86,0.83,0.86,0.86,0.85,0.86,0.85,0.86,0.86,-1.01,0.84,0.86,0.86,-1.14,0.86,-1.07,0.85,0.86,0.86,0.86,0.86,0.86,0.86,0.86,0.86,0.84,0.86,0.84,0.86,0.86,-1.13,0.86,0.86,0.86,0.86,0.86,0.85,0.86,0.86,0.86,0.86,0.86,0.86,0.86,0.86,0.86,-1.08,0.86,0.86,0.84,0.86,0.86,0.86,0.86,0.86,0.85,0.86,0.83,0.85,0.86,0.83,0.86,0.86,0.85,0.86,0.75,0.86,0.86,0.86,0.86,0.86,0.86,0.86,0.86,0.84,0.86,0.86,0.85,0.84,0.84,0.85,0.86,0.86,0.86,0.86,0.86,0.86,0.86,0.86,0.86,0.86,0.85,0.86,-1.12,0.86,0.86,0.86,0.78,0.86,0.86,0.84,0.86,0.86,0.86,0.79,0.86,0.86,0.86,0.86,0.84,0.85,0.86,0.86,0.85,0.85,0.85,0.86,0.86,0.86,0.86,-1.04,0.86,0.86,0.86,0.86,0.86,0.86,0.86,-1.06,0.82,0.86,0.86,0.86,0.86,0.86,0.82,0.86,0.86,0.84,0.86,0.86,0.86,0.84,0.86,0.86,0.86,0.86,0.86,0.86,0.86,0.86,0.86,0.86,0.86,0.84,0.85,0.86,0.86,0.84,0.81,0.86,0.86,0.86,0.86,0.86,0.85,0.86,0.82,0.84,0.86,0.8,0.86,0.86,0.86,0.84,0.83,0.86,-1.05,-1.13,0.85,-1.03,0.86,0.86,0.86,-1.14,0.86,0.86,0.86,0.86,0.86,0.86,0.86,0.78,0.86,0.86,0.84,0.84,-1.04,0.86,0.86,0.86,0.85,0.86,-1.15,0.84,0.86,0.79,0.86,0.86,0.86,0.86,0.86,0.84,0.77,0.86,0.86,0.86,0.81,0.86,-1.03,-1.03,0.85,0.86,0.84,-1.11,0.76,-1.05,0.86,0.81,0.79,0.84,0.86,0.86,0.86,0.86,0.86,0.86,-1.01,0.86,0.84,0.85,0.69,0.86,0.86,0.86,0.86,0.83,0.86,0.86,0.86,0.86,0.85,-1.12,0.84,0.86,0.85,0.86,0.84,0.86,0.86,0.86,0.86,0.86,0.86,0.86,0.86,0.83,0.86,0.86,0.86,0.86,0.86,0.86,0.86,0.86,0.86,0.85,0.86,0.86,0.86,0.73,0.86,-1.03,0.86,0.86,0.86,0.86,0.86,0.85,0.86,0.86,0.86,0.86,0.86,0.86,0.86,0.86,0.86,0.86,0.86,0.86,0.86,0.86,-1.14,0.85,0.86,0.86,0.84,0.86,0.84,0.86,0.86,-1.03,0.86,0.86,0.86,0.86,0.86,0.86,0.86,0.86,0.86,0.86,0.86,0.85,0.86,0.86,0.79,0.86,0.86,0.71,0.86,0.85,0.85,0.86,0.86,0.86,0.86,0.75,0.86,0.86,0.86,0.86,0.86,0.86,0.86,0.86,0.86,0.86,-1.07,0.86,0.86,0.86,0.84,0.86,0.86,0.84,0.86,0.86,0.86,0.86,0.86,0.86,0.73,0.86,0.86,0.86,0.83,-1.1,0.86,0.86,0.86,0.86,0.86,0.81,0.86,0.86,-1.09,0.86,0.86,0.86,0.86,0.86,0.86,0.86,0.86,0.86,0.86,0.86,0.84,0.86,0.84,0.86,0.86,0.86,0.84,0.86,0.84,0.86,0.85,0.85,0.86,0.72,0.86,0.86,0.86,0.85,0.86,0.86,0.84,0.86,0.86,-1.09,0.86,0.86,0.86,0.86,0.86,-1.08,0.86,0.84,0.83,0.86,0.85,0.86,0.84,0.86,-1.05,0.86,0.86,0.85,0.86,-1.13,0.85,0.86,0.86,0.86,0.86,0.86,-1.0,0.86,0.86,0.86,0.86,0.86,0.86,0.86,0.86,0.86,0.86,0.86,0.86,0.84,0.86,0.85,0.86,0.86,0.86,0.86,0.86,0.86,0.86,0.86,0.86,0.86,0.86,0.86,0.86,0.86,0.86,0.75,0.86,0.85,0.86,0.86,0.86,0.86,0.85,0.86,0.86,0.86,0.86,0.84,0.86,0.76,-1.06,0.85,0.86,0.85,0.86,0.86,0.86,0.84,0.86,0.86,0.86,0.86,-1.05,0.86,0.86,0.86,0.86,-1.02,0.86,0.86,0.86,0.86,0.85,0.86,0.86,0.85,0.84,0.86,0.85,0.86,0.86,0.86,0.86,-1.14,0.86,0.86,0.86,0.85,0.85,0.86,0.85,0.86,0.86,0.86,-1.14,0.85,0.86,0.86,0.86,0.86,0.86,0.86,0.86,0.86,-1.05,0.86,0.86,0.86,0.86,0.86,0.86,0.86,0.86,0.86,-1.02,0.86,0.86,0.85,0.86,0.85,-1.13,0.86,0.85,0.86,0.86,0.86,0.86,0.86,0.86,0.72,0.86,0.77,0.86,0.83,0.86,0.86,0.86,0.86,0.85,0.84,0.85,0.76,0.86,0.85,0.83,-1.0,0.86,0.84,0.86,0.73,0.73,0.84,-1.02,0.85,0.86,0.84,0.86,0.86,0.86,0.86,0.86,0.86,0.86,0.86,-1.05,0.85,0.86,0.86,0.84,0.86,0.86,0.85,0.86,0.86,0.85,0.86,-1.14,0.84,-1.06,0.86,0.86,-1.03,0.85,0.86,-1.01,0.86,0.86,0.85,0.85,0.85,0.86,0.86,0.86,0.86,0.86,0.86,0.86,0.86,0.86,0.86,0.86,0.86,0.86,0.86,0.86,0.85,-1.13,0.73,-1.13,-1.03,0.85,0.85,0.86,0.84,0.86,0.85,0.86,-1.15,0.86,0.86,0.86,0.86,-1.0,0.86,0.86,0.86,0.86,0.84,0.86,0.84,0.86,0.86,0.85,0.86,0.86,0.86,0.86,0.86,0.86,0.85,0.86,0.86,0.86,0.86,0.86,0.86,0.86,0.86,0.86,0.86,0.86,0.86,0.86,0.86,0.86,0.86,0.86,0.86,0.86,0.86,0.86,0.86,0.86,0.86,0.86,0.86,0.86,0.86,0.86,0.86,0.83,0.86,0.86,-1.04,0.86,0.72,0.86,0.86,0.84,0.8,0.85,0.86,0.86,0.85,0.86,0.86,0.84,0.86,0.86,0.86,0.86,0.86,-1.14,0.86,0.86,0.86,0.86,0.86,0.85,0.86,0.86,0.86,0.86,0.86,0.86,0.84,0.72,0.84,0.83,0.86,0.86,0.86,0.86,-1.02,0.86,-1.14,0.86,0.86,0.86,0.8,-1.11,0.86,0.85,0.85,0.86,0.86,0.81,0.86,0.86,-1.05,0.86,0.86,0.86,0.86,0.86,0.86,0.86,0.85,0.86,0.86,0.86,0.86,0.86,0.84,0.85,0.86,0.86,0.86,0.86,0.86,-1.11,0.86,0.86,-1.0,0.86,0.86,0.86,0.86,0.84,-1.12,0.86,-1.02,0.86,0.86,0.86,0.86,0.86,0.86,0.86,0.86,0.86,0.86,0.86,0.86,0.86,0.86,0.86,-1.16,0.86,0.86,-1.18,0.84,-1.14,0.86,0.85,0.85,0.86,0.86,0.86,0.86,0.86,0.7,0.86,0.86,0.86,0.86,0.86,0.85,0.86,0.86,0.86,0.86,-1.09,0.86,-1.02,0.86,0.84,0.86,0.86,0.86,0.86,0.86,-1.14,0.86,0.86,0.86,0.7,0.86,0.86,0.85,0.86,-1.06,0.86,0.85,0.7,0.86,0.83,0.86,0.86,0.86,0.84,-1.09,0.86,0.86,0.84,0.86,0.84,0.86,0.86,0.86,0.84,0.86,0.86,0.84,0.85,0.86,0.86,0.86,0.86,0.86,0.86,-1.14,0.86,0.86,0.86,0.85,0.86,0.84,0.86,0.86,0.86,0.86,0.86,0.86,0.85,-1.13,0.86,0.79,0.86,0.79,0.86,0.86,0.86,-1.09,0.85,0.85,0.85,0.86,0.84,0.83,-1.15,0.85,0.86,0.85,0.86,-1.02,0.86,0.86,0.82,0.86,0.86,0.86,0.86,0.86,0.86,0.86,0.86,0.86,0.86,0.86,0.85,0.85,0.86,-1.12,0.86,0.86,0.79,0.86,0.86,0.86,0.86,0.86,0.86,0.86,0.86,0.86,0.86,-1.01,0.85,0.85,0.86,0.85,0.86,0.86,0.86,0.86,0.86,0.86,0.86,0.86,0.83,0.86,0.86,0.85,0.86,0.86,0.83,0.86,-1.12,0.86,0.86,0.86,0.85,0.86,0.86,-1.14,0.86,-1.01,0.82,0.86,0.86,0.86,0.86,0.86,0.86,-1.12,0.85,-1.12,0.86,0.84,0.85,0.85,0.86,0.86,0.78,0.86,0.86,-1.01,0.86,0.86,0.86,0.86,0.86,0.86,0.86,0.85,0.86,0.86,0.86,0.84,0.86,0.86,0.86,0.86,0.86,0.86,0.85,0.86,0.86,0.86,0.86,0.86,0.86,0.86,0.86,0.86,0.86,0.86,0.86,0.86,0.86,0.86,0.8,0.84,0.85,0.86,0.85,0.86,0.86,0.86,0.86,-1.14,0.86,-1.1,-1.18,0.86,-1.14,-1.02,0.84,0.86,0.85,0.86,0.73,0.86,0.85,0.86,0.86,0.86,0.85,0.86,0.85,0.86,0.86,0.86,0.86,0.86,-1.07,0.84,0.86,0.84,0.72,0.86,0.86,-1.02,0.86,-1.08,0.8,0.85,0.84,0.86,0.86,0.86,0.84,0.84,0.86,0.86,0.86,0.86,0.86,0.84,0.86,0.86,0.86,0.86,0.86,0.85,0.86,0.8,0.86,0.84,0.86,0.86,-1.02,0.85,0.66,0.86,0.86,0.86,0.86,0.86,0.79,0.86,0.85,0.86,0.86,0.86,0.86,0.86,0.86,0.86,0.84,0.86,0.86,0.86,0.86,0.86,0.86,0.86,0.86,-1.14,0.84,0.85,0.86,0.86,0.86,0.86,0.86,0.86,0.86,0.86,0.86,0.86,0.86,0.86,0.86,0.86,0.86,0.86,0.86,0.86,0.84,0.86,0.86,0.83,0.86,0.86,0.86,0.86,0.86,0.86,0.84,0.86,0.86,0.86,0.85,0.86,0.86,0.84,-1.1,0.86,-1.06,-1.04,0.86,0.86,0.86,0.86,0.86,0.86,-1.03,0.86,0.85,0.86,0.86,0.84,0.86,0.86,-1.13,0.84,0.81,0.86,0.86,0.85,0.86,0.86,0.86,0.86,0.86,0.86,0.86,0.85,0.83,0.86,0.86,0.86,-1.05,0.86,0.83,0.86,0.85,0.86,0.86,0.86,0.86,0.86,0.86,0.86,0.86,0.86,0.86,0.84,0.86,0.85,0.86,0.86,0.86,0.86,0.83,0.86,0.86,0.86,0.86,0.86,0.86,0.86,0.86,0.86,0.85,0.86,0.86,0.86,0.84,0.82,0.86,0.86,0.86,0.86,0.86,0.86,0.86,0.86,0.86,0.85,0.83,0.85,0.86,0.85,0.85,0.86,0.86,0.86,0.86,0.86,0.86,0.86,0.86,0.86,0.84,0.86,0.86,0.86,0.86,0.86,0.86,0.86,0.86,0.86,0.86,0.86,0.85,0.85,0.85,0.84,0.84,0.86,0.86,0.86,0.86,0.84,0.86,0.85,-1.08,0.86,-1.06,0.84,0.86,0.85,0.86,0.85,0.86,0.86,0.86,0.86,0.86,-1.11,0.85,0.84,0.86,0.86,0.86,0.86,0.86,0.86,0.86,0.86,0.86,0.86,0.86,0.84,0.86,0.86,0.85,0.84,0.85,0.86,0.86,0.86,-1.03,0.86,0.86,0.86,-1.02,0.84,0.85,0.85,0.86,0.76,0.86,0.85,0.86,0.86,0.86,0.86,0.84,0.86,-1.06,0.86,0.85,0.86,0.84,0.85,0.86,0.84,0.86,-1.1,0.86,-1.02,0.83,0.86,0.85,0.86,0.86,0.86,0.86,0.86,0.86,0.86,0.86,0.86,0.84,0.86,0.85,0.86,0.86,0.8,0.86,0.86,0.86,0.86,0.86,0.86,0.86,0.86,-1.13,0.84,0.84,0.86,-1.12,0.85,0.86,0.86,0.86,0.86,0.86,0.83,0.86,0.86,0.86,0.86,0.86,0.86,0.86,0.86,0.86,0.85,0.86,0.86,0.86,0.86,-1.1,0.86,0.81,0.82,0.86,0.86,0.84,0.86,0.86,0.86,0.86,0.86,0.86,0.86,0.86,0.86,0.85,0.86,0.86,0.86,0.84,0.74,0.86,0.85,0.86,0.86,0.82,0.86,0.86,0.86,-1.03,0.84,-1.02,0.86,0.85,0.86,0.86,0.86,0.86,0.86,0.86,0.86,0.86,0.86,0.86,0.84,0.86,0.86,0.86,0.86,0.84,0.85,0.86,0.86,0.86,0.85,0.86,0.72,0.86,0.86,0.86,0.86,0.86,-1.1,0.86,0.86,0.86,0.86,0.86,0.85,0.86,0.86,0.86,0.86,0.86,0.86,0.86,0.86,0.76,0.86,-1.13,0.86,0.86,0.85,0.86,0.86,0.86,0.86,0.86,0.84,0.86,0.86,0.86,0.86,0.86,0.86,0.74,0.86,0.86,0.86,0.86,0.86,0.86,0.86,0.86,0.86,0.84
